1.40442,0.127409
1.173,0.328486
1.14668,0.191446
1.35062,0.185077
1.18662,0.046226
1.47799,0.264292
0.844605,0.878043
0.861169,0.328383
1.14624,0.454118
0.858627,0.368233
0.814545,0.842386
0.921375,0.658018
1.10809,0.924657
1.2131,0.945306
1.36271,0.836374
0.955942,0.856198
0.835128,0.780842
1.46888,0.32295
1.42728,0.068877
1.15081,0.701298
1.05811,0.566558
1.18456,0.175461
1.38138,0.437153
1.04456,0.703078
1.07855,0.0238942
1.48078,0.459549
1.37005,0.646554
1.19987,0.326941
0.899694,0.440816
1.16475,0.305638
1.236,0.386994
1.31675,0.141145
1.29745,0.142035
1.00698,0.162349
0.873478,0.486633
1.3575,0.407257
0.832428,0.465578
0.887438,0.172078
1.21344,0.476379
0.827964,0.453766
1.26835,0.463837
1.19101,0.537
1.31137,0.977074
1.02805,0.447576
1.10626,0.590352
0.874729,0.33782
0.950537,0.812716
1.0949,0.235398
0.952143,0.292457
0.867446,0.188365
1.2044,0.86551
0.986593,0.539644
1.28334,0.288249
1.05391,0.475786
1.34773,0.069739
0.826673,0.916434
1.31853,0.636993
1.23402,0.623065
1.01208,0.813635
0.886894,0.393208
1.08552,0.886559
1.40011,0.790812
1.1449,0.212485
1.43021,0.606587
0.840089,0.148183
1.34049,0.691694
1.04489,0.676936
1.31191,0.664903
1.30664,0.0748777
1.08254,0.877576
0.874266,0.465049
0.94515,0.406928
1.01821,0.36284
1.4683,0.742395
1.34041,0.727471
1.09469,0.107215
1.00698,0.197523
1.12602,0.150439
1.04987,0.486618
0.86096,0.150795
1.3182,0.715472
1.40195,0.735662
1.47901,0.537976
1.2544,0.837243
1.37854,0.960367
1.1567,0.241612
1.0219,0.857842
1.29002,0.872507
1.20935,0.916045
1.18102,0.306872
1.46808,0.456288
1.43468,0.680235
0.968927,0.727867
0.869671,0.12902
1.07908,0.198183
1.19365,0.24851
1.28319,0.934105
1.19766,0.754331
1.48085,0.984522
1.39464,0.295988
0.875205,0.336375
1.28637,0.39851
1.01429,0.08475
1.14402,0.125191
1.13143,0.164308
1.19075,0.779821
0.897171,0.271544
0.870028,0.521
1.09821,0.691665
0.85216,0.446884
1.18989,0.689068
1.18054,0.607161
0.819993,0.538723
0.815251,0.419992
0.96889,0.704265
0.940643,0.482404
1.46777,0.507119
1.11461,0.821072
1.26114,0.636927
0.955852,0.226474
1.14075,0.631258
0.997579,0.405924
1.3466,0.174882
1.14662,0.95849
1.43502,0.919035
1.10107,0.812591
1.39007,0.535415
1.09545,0.408708
0.859652,0.648085
0.921719,0.395073
0.818402,0.519194
0.822077,0.625866
0.921853,0.0935877
1.30164,0.668479
0.901308,0.139937
1.43937,0.977961
0.813022,0.471111
1.10143,0.942215
0.891233,0.30646
1.22852,0.463647
1.04034,0.622215
1.11361,0.311244
1.29341,0.888
1.24487,0.480631
1.1754,0.779756
1.30586,0.649922
1.11,0.407489
1.10693,0.657878
1.10793,0.7731
1.11425,0.792758
1.01119,0.14691
1.00668,0.345322
1.48043,0.626756
0.890928,0.607512
1.06066,0.985524
1.32956,0.433035
0.998983,0.30538
1.33845,0.445525
1.48726,0.960649
1.34597,0.958588
0.894954,0.606298
0.81707,0.820525
1.33494,0.402102
0.90757,0.0897148
1.49308,0.796611
1.18982,0.337218
1.19594,0.412064
1.34462,0.53564
0.928663,0.466777
1.18337,0.232595
1.3546,0.217388
1.19303,0.288688
1.09966,0.276016
0.976051,0.522668
1.2763,0.149184
0.818348,0.749507
0.920812,0.0735058
1.44087,0.193555
1.14682,0.143826
1.38883,0.552896
1.24211,0.727892
1.21601,0.544276
1.12356,0.0523881
1.11445,0.786021
0.815558,0.803025
0.916905,0.451691
1.0192,0.186768
1.0395,0.387561
0.900393,0.535525
1.3433,0.0732304
1.37242,0.169793
1.26559,0.0693006
1.42766,0.44951
1.10863,0.361538
0.805252,0.264415
1.27331,0.713045
0.87773,0.571215
1.05041,0.744918
1.46772,0.269698
1.28927,0.518431
0.991555,0.414435
0.997003,0.279141
1.35025,0.391208
1.35047,0.285763
1.07942,0.796008
1.4792,0.605389
1.12618,0.70758
1.21909,0.610978
1.23899,0.0836723
1.35599,0.366092
1.45564,0.0617596
1.076,0.413953
1.26809,0.244173
0.95798,0.590421
0.935374,0.462218
0.85299,0.755202
1.20145,0.814702
1.14253,0.352723
1.26416,0.511173
0.870843,0.134518
1.37978,0.843111
1.03588,0.0454257
1.4236,0.160539
1.47403,0.765697
1.15325,0.710754
1.47149,0.920703
1.42629,0.674844
1.43819,0.268251
1.45361,0.745048
1.28149,0.298947
1.18183,0.714482
1.09018,0.467977
1.3668,0.917978
1.1931,0.847613
1.09937,0.389423
1.15784,0.370519
0.821063,0.993416
1.44506,0.231294
1.131,0.905771
1.3411,0.747706
1.24815,0.987403
1.29517,0.48119
1.47726,0.0924486
1.02237,0.339873
0.856738,0.312546
1.03724,0.539063
1.097,0.100484
0.908363,0.200772
1.04815,0.883655
1.49993,0.980935
0.88344,0.482514
1.1302,0.519955
0.849875,0.636783
1.01118,0.71716
1.12163,0.987467
1.10869,0.405288
1.12797,0.613669
1.37408,0.379694
1.02845,0.302538
1.4898,0.998005
1.16665,0.824039
1.05603,0.964055
0.918103,0.119856
0.961395,0.198838
1.22128,0.199629
1.20111,0.26906
0.800082,0.420603
0.967111,0.210322
0.974224,0.0291885
1.33968,0.506505
0.855994,0.322198
1.33694,0.504772
1.22319,0.430627
1.3342,0.796317
1.17429,0.172201
1.11878,0.557371
1.1106,0.327043
1.4704,0.609459
1.03103,0.142949
1.17655,0.126849
1.19853,0.778409
0.875529,0.073945
1.42752,0.33492
1.05637,0.167961
1.04243,0.215371
1.38181,0.487266
0.825124,0.212998
1.44983,0.897752
0.983067,0.145325
1.12886,0.961667
1.22868,0.610531
0.960544,0.355301
0.981591,0.609097
1.29087,0.450343
0.911408,0.60138
1.22321,0.507089
1.26629,0.828771
1.36548,0.682278
1.22134,0.529498
1.27389,0.275035
1.19736,0.120966
1.49718,0.765303
1.14592,0.854771
1.42645,0.846545
1.16902,0.27736
1.44624,0.365498
1.4715,0.196113
1.35714,0.238835
1.21347,0.066222
1.20159,0.94252
1.48332,0.406668
1.02725,0.685754
1.212,0.828974
1.08281,0.225828
1.45971,0.733364
1.00468,0.613549
1.46306,0.189077
1.2773,0.0326223
1.02891,0.835509
1.33061,0.151271
0.886479,0.972259
1.02351,0.48875
1.39473,0.215743
0.804888,0.67558
1.25496,0.229821
0.909177,0.787023
1.44854,0.0535051
0.999628,0.289691
1.22422,0.597907
1.49301,0.615566
1.17981,0.628077
1.10674,0.430728
1.41983,0.998713
0.921323,0.456631
0.844616,0.157095
0.915648,0.888765
1.04133,0.307156
1.42863,0.449446
1.3381,0.99527
0.942446,0.378596
0.804595,0.438591
1.27505,0.912649
1.06729,0.369234
0.843841,0.118374
0.820589,0.892741
1.18966,0.839192
1.48982,0.490466
0.925892,0.605931
1.45475,0.130835
0.965737,0.801203
1.08386,0.40435
1.48208,0.574704
1.01039,0.172403
0.883996,0.533576
1.24399,0.964914
1.28288,0.953349
0.968122,0.499585
1.08711,0.559487
1.34056,0.668286
1.00733,0.101351
0.948527,0.199641
1.49545,0.0757401
1.42273,0.408132
1.48655,0.66871
1.18854,0.836239
1.30945,0.385532
1.1959,0.221716
1.44329,0.993231
1.2599,0.391869
1.21869,0.0534198
0.875629,0.133174
0.833928,0.743906
0.913166,0.912844
1.19223,0.752401
0.890485,0.221078
1.21345,0.738424
0.974048,0.20327
1.06305,0.174601
1.09328,0.241336
0.884751,0.666757
1.46765,0.377448
0.954452,0.388498
1.38875,0.865464
1.2323,0.26443
0.992682,0.64297
0.927678,0.42266
0.951424,0.719841
0.864946,0.0791986
1.19701,0.249428
0.917068,0.630904
1.38182,0.490994
0.852329,0.508904
1.01798,0.664541
0.822057,0.409271
1.27554,0.738382
1.18198,0.771891
1.49304,0.277854
1.21219,0.276296
1.08072,0.371952
1.32899,0.2783
1.28418,0.97343
1.22648,0.105711
1.09769,0.234762
1.03308,0.154131
1.46001,0.969684
1.31907,0.583603
1.13207,0.774288
0.947766,0.385852
1.44806,0.337869
1.30599,0.484648
1.25637,0.870271
1.44849,0.362864
1.31805,0.972727
1.02796,0.350843
0.881625,0.0433964
1.05971,0.746993
1.41658,0.634086
0.91045,0.751545
1.09588,0.208928
1.05622,0.275203
1.33328,0.876951
1.49988,0.199271
1.26998,0.781727
1.42665,0.16955
1.44094,0.61606
1.42241,0.527071
1.15971,0.412985
1.41644,0.378058
0.90936,0.32325
1.38763,0.833417
1.2674,0.614018
0.921166,0.428146
1.17584,0.945829
1.24417,0.426133
0.861535,0.304451
1.31233,0.730279
1.35734,0.263961
0.82198,0.187149
0.858851,0.554359
1.25044,0.52211
0.909359,0.0292131
1.41085,0.10438
0.911315,0.926274
1.09455,0.0313175
0.850279,0.202746
1.31376,0.543678
0.83243,0.996913
1.08662,0.100319
1.31913,0.835655
1.11104,0.303097
1.04637,0.302514
0.982089,0.438771
0.870614,0.9689
0.977406,0.418327
0.98945,0.202499
1.3072,0.470531
1.35149,0.0948403
0.903021,0.562487
1.32583,0.345935
1.47335,0.669352
1.27243,0.87671
1.20623,0.188131
1.34598,0.324773
1.28424,0.10305
1.1921,0.201052
1.0387,0.584823
1.23184,0.526291
0.870039,0.333401
1.15562,0.845114
0.887298,0.682149
1.01526,0.156296
1.10671,0.807012
1.21798,0.694594
0.893523,0.747068
0.984936,0.15832
0.801776,0.619448
0.895213,0.0549897
1.13542,0.77267
0.982412,0.959522
1.34324,0.337225
1.15322,0.294944
0.933614,0.482061
1.28506,0.441463
1.11483,0.111405
1.12792,0.641189
0.804259,0.779253
1.23496,0.749563
1.06896,0.692493
1.38952,0.373999
1.1851,0.0475288
1.41731,0.147714
0.962873,0.0356512
1.48128,0.552697
1.17125,0.475667
1.10151,0.195247
1.14485,0.671789
0.88013,0.258743
1.44708,0.173183
1.49926,0.598903
1.47586,0.654571
1.08109,0.733259
1.44132,0.376279
0.973064,0.900054
1.08807,0.423354
1.36332,0.968044
0.983688,0.506814
1.38242,0.407826
0.841962,0.970157
0.919845,0.937744
1.34368,0.374735
0.993101,0.173005
1.25726,0.628209
0.828896,0.244929
1.34765,0.213727
0.932751,0.256138
1.36774,0.883574
1.17821,0.602855
0.951472,0.888155
1.46937,0.430788
0.956721,0.611942
1.22493,0.442964
1.1705,0.102008
0.852402,0.804628
1.47331,0.892921
0.908182,0.654485
0.878621,0.80179
1.46738,0.593196
1.46364,0.379875
1.31299,0.978222
0.975788,0.858876
0.959556,0.481243
1.36321,0.654812
1.1661,0.686735
1.06003,0.266227
1.32327,0.593726
1.36632,0.933993
0.96799,0.964439
1.31039,0.957809
0.946556,0.0210833
1.15913,0.309919
1.01014,0.539825
1.02187,0.290302
1.3832,0.655959
1.10637,0.247299
1.37794,0.962204
1.43371,0.452389
0.896858,0.107973
1.3432,0.281557
0.852309,0.936388
1.32162,0.241945
0.850199,0.77782
1.4902,0.644998
1.38428,0.350254
0.873988,0.938583
1.19437,0.297058
1.49747,0.599652
1.16706,0.641888
1.20411,0.401161
1.31688,0.408331
1.17713,0.41066
1.299,0.84529
1.00817,0.756316
1.35716,0.452913
1.00651,0.818358
1.44223,0.688488
1.20735,0.738905
1.44156,0.715
1.04834,0.813014
1.39279,0.705865
1.38119,0.65882
1.32157,0.0516568
1.43532,0.107329
0.971858,0.170304
0.948803,0.162762
0.825036,0.43605
1.10008,0.157828
1.29441,0.203004
1.26674,0.611007
1.20745,0.561715
1.29527,0.161506
1.25974,0.932272
1.2769,0.582957
1.0895,0.778449
1.37389,0.976871
1.12294,0.607996
1.4089,0.0383052
0.851953,0.619151
1.0814,0.897146
1.09191,0.731631
1.11785,0.444089
1.23894,0.0727321
0.888791,0.0769007
1.38131,0.301115
1.33376,0.0758126
1.07642,0.891937
0.890879,0.221201
1.27954,0.0565843
1.37817,0.410926
1.15815,0.138263
1.00781,0.471558
1.42882,0.608802
1.04658,0.634638
1.30579,0.734973
1.03781,0.608296
1.01184,0.402313
1.47099,0.656105
1.07781,0.39791
0.841122,0.721187
1.27986,0.358426
1.06363,0.633534
1.11338,0.244177
1.47075,0.76343
0.816855,0.763876
1.32361,0.659522
1.22156,0.623186
1.30966,0.636383
0.864976,0.259151
1.03879,0.826443
0.839531,0.283106
1.35994,0.637849
1.48452,0.372003
1.17918,0.861932
0.996945,0.48528
1.26875,0.40258
0.869153,0.11365
1.43441,0.165713
1.4312,0.309333
1.25896,0.0976808
1.41384,0.0762123
1.30426,0.938003
1.26465,0.693503
1.16968,0.0807342
1.03124,0.1106
1.08602,0.886113
1.41593,0.39547
1.47368,0.739175
0.943561,0.0368089
1.00407,0.595146
1.3594,0.323865
1.16536,0.912167
1.14874,0.978772
1.21927,0.840179
1.03117,0.164028
1.10211,0.0965644
1.18862,0.666922
0.882706,0.812521
1.2032,0.228027
1.35127,0.662878
1.37671,0.957507
1.08724,0.707512
0.903208,0.665558
1.49614,0.66089
1.28725,0.872577
1.49707,0.0703638
1.0521,0.672784
0.960141,0.116873
0.985547,0.64981
1.23131,0.565096
1.4631,0.437203
1.4441,0.80828
0.964913,0.368007
1.47631,0.189262
1.02935,0.716402
1.05161,0.319825
1.03953,0.428062
0.977888,0.114491
0.802668,0.326621
0.962829,0.466597
1.40094,0.193797
1.48093,0.384766
1.17134,0.124693
0.827352,0.88357
1.20828,0.615507
1.1663,0.0381909
1.44897,0.848464
1.12886,0.593687
0.924897,0.25711
0.850259,0.708442
0.921324,0.743528
1.13186,0.731335
0.87005,0.903708
1.18259,0.701986
0.862649,0.454806
1.2833,0.952334
0.866479,0.893128
0.974757,0.439776
1.25991,0.839191
0.990347,0.702458
0.891504,0.648682
1.191,0.0668096
1.38056,0.763414
1.39514,0.776622
1.49774,0.692548
1.34014,0.469263
1.3872,0.842782
1.30699,0.829459
1.37567,0.249121
1.35781,0.571199
1.13238,0.253918
1.43499,0.863444
1.20792,0.452418
0.855855,0.398253
1.16522,0.909416
1.37732,0.242664
1.23986,0.350826
0.911813,0.230569
1.4618,0.959786
0.866614,0.0580293
1.45604,0.0370813
1.18249,0.254959
1.44604,0.939761
1.14235,0.65676
1.00226,0.817287
0.859424,0.348692
1.14328,0.678834
1.26896,0.225553
1.40455,0.623149
0.88714,0.726623
1.19322,0.61719
1.31305,0.164781
1.14957,0.866317
1.18583,0.494779
0.909671,0.472777
1.08357,0.4345
0.833993,0.452771
1.0544,0.162036
0.927742,0.427148
1.1468,0.803198
0.841901,0.347465
0.976186,0.0745889
1.19715,0.477986
0.835383,0.540214
1.38856,0.701701
1.35594,0.999647
1.07589,0.220815
1.43073,0.981701
1.39205,0.101151
0.962516,0.0726673
1.1662,0.971977
0.959517,0.384233
0.86992,0.254179
0.939528,0.460808
0.864129,0.971594
1.18978,0.839727
1.11328,0.237375
1.22298,0.0452497
1.05952,0.534167
1.12738,0.97531
0.970121,0.0434773
1.3073,0.0578701
1.4389,0.18096
1.05811,0.421724
1.44521,0.397473
1.21786,0.613985
1.42049,0.2677
1.2375,0.19969
1.10625,0.953278
1.34665,0.270505
1.1366,0.246138
1.28621,0.565576
1.3993,0.108075
1.37902,0.241991
1.44729,0.727419
0.969583,0.545459
1.43747,0.0603044
0.940881,0.445808
1.27176,0.256834
1.09481,0.957435
1.15706,0.812642
1.08567,0.427665
1.49544,0.895531
1.41023,0.0914943
1.03376,0.70932
0.8906,0.899009
1.07561,0.382511
1.05309,0.0695321
0.849639,0.221764
1.4919,0.140591
1.1136,0.450664
1.30701,0.507205
1.13025,0.937339
1.43624,0.723894
1.1441,0.537886
1.04739,0.482938
0.941748,0.752074
1.48723,0.768513
1.16074,0.995226
1.45099,0.536179
0.836245,0.82504
1.05119,0.749461
0.99918,0.0574129
1.44749,0.794122
1.44778,0.656979
1.4398,0.881482
1.1939,0.947264
1.22311,0.416595
1.0423,0.862956
1.03623,0.786253
0.959284,0.975402
1.3601,0.922576
1.4655,0.959616
0.859047,0.0429722
1.17909,0.377264
1.25774,0.293503
0.967457,0.48796
1.09511,0.458685
1.2643,0.828384
1.08661,0.98075
1.171,0.816686
1.41558,0.279318
1.12097,0.882725
1.32144,0.586983
1.4876,0.118385
0.968111,0.269144
0.945229,0.0530455
1.03039,0.897737
1.44421,0.667122
1.49934,0.136211
1.07144,0.91221
0.893602,0.236349
0.915248,0.308777
1.20221,0.941918
1.30879,0.595228
0.929671,0.317482
1.39627,0.849201
1.12733,0.960219
0.932516,0.912155
1.23205,0.195039
0.875371,0.590367
0.912577,0.939851
0.915725,0.570739
1.29073,0.389051
1.37806,0.217829
1.02864,0.446778
1.30383,0.443204
1.36676,0.679333
1.41831,0.585032
0.868959,0.939904
1.3728,0.464208
1.29891,0.668934
1.31213,0.212401
1.1375,0.867931
1.42159,0.452178
1.21646,0.328301
0.866686,0.524444
1.18192,0.576659
1.29223,0.112436
0.82608,0.633175
1.31685,0.539685
1.35692,0.138608
1.14391,0.0963791
1.40113,0.7578
1.37674,0.392345
1.09901,0.295366
1.2209,0.0212581
1.20391,0.626227
1.02217,0.691622
1.32387,0.187027
1.07238,0.57395
0.967325,0.890537
1.23722,0.23721
0.807029,0.707435
0.834693,0.854873
1.49552,0.857959
1.4368,0.375799
1.17455,0.30985
1.09848,0.876571
1.29087,0.561403
1.48772,0.209828
1.00498,0.422546
1.20593,0.0752723
0.850361,0.562417
0.975121,0.124047
1.01735,0.146056
0.949133,0.466249
0.918332,0.217508
1.35379,0.199561
1.30365,0.19236
1.17784,0.872731
1.18092,0.980584
1.11549,0.0241123
1.10276,0.581123
0.932218,0.733195
1.03607,0.0772249
1.06863,0.15291
1.01547,0.12155
1.34153,0.0812162
1.33684,0.985934
0.990649,0.404191
1.00412,0.72902
0.897227,0.206693
1.13526,0.220705
0.970846,0.597813
1.302,0.32893
0.909726,0.786599
1.2212,0.482273
1.18132,0.668127
0.930688,0.445422
1.16325,0.210072
1.23036,0.391021
0.932385,0.603811
1.23465,0.538112
1.363,0.875805
1.29634,0.98539
1.18725,0.873325
1.20066,0.645945
1.33362,0.91934
1.34216,0.288468
0.989012,0.656841
1.10536,0.329363
0.814157,0.87858
1.46039,0.697312
1.24362,0.641556
1.49989,0.34615
1.26984,0.213736
0.998424,0.959189
1.26549,0.664603
0.930196,0.4124
1.15204,0.526512
1.21379,0.95644
1.11829,0.694405
1.07023,0.195514
0.987486,0.646838
1.24146,0.362948
1.07169,0.753617
1.294,0.303762
1.4882,0.387528
1.43631,0.224614
1.05614,0.354803
1.37489,0.824127
1.21192,0.589804
1.48673,0.748131
1.37074,0.892306
1.40095,0.237832
1.44029,0.472038
0.919718,0.270834
1.14356,0.285109
0.865575,0.238877
1.0351,0.286086
1.44803,0.905096
0.900527,0.908671
1.43349,0.155122
1.28976,0.430419
1.01655,0.901619
0.817624,0.654078
1.14051,0.205747
0.843619,0.779605
1.02701,0.902579
1.22461,0.130563
1.28789,0.792586
1.49271,0.518196
1.0869,0.154152
1.05349,0.376641
1.36776,0.627523
1.1981,0.491813
1.49712,0.913359
1.23569,0.73611
1.08633,0.94905
0.81327,0.277447
1.23036,0.954018
1.14609,0.150089
1.31982,0.638567
0.852424,0.859747
0.993108,0.755663
1.2761,0.211815
1.29063,0.646659
1.07355,0.772748
1.3712,0.0906074
1.23895,0.251264
1.2314,0.450044
1.27976,0.640828
1.08309,0.0366476
1.44657,0.276744
0.964688,0.252927
0.851563,0.506508
0.835993,0.112532
0.824898,0.401788
1.23199,0.760862
0.998984,0.656976
0.82841,0.264291
1.25541,0.73816
1.46685,0.829552
1.00273,0.267803
1.19368,0.784632
1.02044,0.285368
1.22509,0.863365
1.07168,0.615744
1.29657,0.689573
1.20321,0.274344
1.22353,0.253738
1.34972,0.694726
1.4039,0.110626
1.33358,0.0921609
1.23744,0.0213207
1.42636,0.406141
1.01734,0.287435
1.43395,0.612699
1.13386,0.470581
1.04232,0.487778
1.02523,0.345012
1.24585,0.196562
0.828983,0.269122
1.35506,0.324382
0.935241,0.429036
0.831545,0.690016
1.25833,0.521117
1.48198,0.638044
1.32153,0.493508
1.16709,0.548161
1.44794,0.575245
1.00813,0.0806737
1.46713,0.731924
0.8945,0.0911102
1.40326,0.459833
0.978511,0.810733
1.05355,0.367936
1.18164,0.573746
1.42458,0.436715
1.26516,0.514567
1.48011,0.075933
1.15893,0.961762
1.21721,0.681021
1.24649,0.0514804
1.0801,0.947719
1.35288,0.277649
0.897164,0.397741
1.38408,0.257892
1.11005,0.194248
1.48534,0.450279
0.9222,0.421682
1.02802,0.789343
1.42901,0.212985
1.08802,0.10263
1.07218,0.609646
0.811465,0.330009
0.999068,0.782052
0.802685,0.0225357
1.40601,0.232745
0.924329,0.222042
0.985995,0.47965
1.09898,0.838212
1.29568,0.562827
1.31455,0.246095
0.894772,0.595094
1.39024,0.729801
1.21284,0.0217583
1.11489,0.133617
1.37015,0.79964
1.4716,0.139283
1.28018,0.686025
1.2197,0.337388
1.04944,0.666063
1.15455,0.759458
1.29003,0.491046
1.01537,0.824656
1.2959,0.433664
0.930623,0.490766
0.88863,0.198149
1.45231,0.47176
1.38617,0.568485
0.993903,0.282534
0.823389,0.411124
1.22022,0.0404258
0.834171,0.156841
0.930117,0.657256
1.47699,0.543029
0.994654,0.659696
1.18662,0.156261
0.891275,0.323723
0.842997,0.439332
1.36019,0.846861
1.04095,0.619363
1.34017,0.0401031
1.46414,0.744482
1.22968,0.152557
1.31634,0.91593
1.09312,0.248736
0.933148,0.664147
1.36829,0.514616
1.35297,0.582169
1.37953,0.561402
1.22398,0.891981
1.27113,0.505945
1.45688,0.907579
1.2356,0.255037
1.33393,0.41178
1.4056,0.913679
0.978481,0.161936
0.877175,0.839374
0.863883,0.0701218
1.44909,0.906154
0.801136,0.143973
1.49525,0.219662
0.895123,0.447936
1.06542,0.721562
1.40217,0.314296
0.954214,0.143429
0.929108,0.18862
0.822617,0.936636
0.879256,0.0865684
0.817927,0.628041
1.31105,0.233886
0.965631,0.140675
0.837204,0.224744
1.37866,0.885744
0.985128,0.942373
0.931191,0.639206
1.04105,0.406999
1.33051,0.11174
1.37278,0.411158
1.15789,0.423259
1.06382,0.0916202
1.47522,0.256042
1.45642,0.357253
1.03543,0.601152
1.40809,0.688284
1.22653,0.825609
1.24753,0.663662
1.05958,0.851093
1.30722,0.451096
1.33221,0.262349
0.901553,0.615634
1.13926,0.206725
0.842041,0.535495
0.811969,0.669514
1.48645,0.419546
1.06113,0.748617
1.35004,0.82788
0.986162,0.676059
0.98279,0.755722
0.963628,0.654856
1.33658,0.377566
1.47957,0.487649
1.20203,0.17701
1.07427,0.072698
0.935194,0.401273
1.28528,0.940731
1.02384,0.157236
0.980891,0.0212258
1.04136,0.805176
0.816024,0.774562
0.82861,0.2858
1.09773,0.819741
0.996776,0.691735
1.20068,0.804944
1.47127,0.168934
1.30703,0.971807
1.15699,0.75857
1.44482,0.780377
1.02234,0.0530326
1.19435,0.812943
1.00575,0.698806
1.43538,0.368457
1.07298,0.894542
0.944575,0.375542
1.35171,0.725104
0.988127,0.215578
0.880478,0.188707
0.952962,0.537533
1.31984,0.3289
1.49698,0.130003
0.80738,0.720729
1.21918,0.962895
1.2552,0.644671
1.07745,0.494532
1.37332,0.72919
0.927158,0.905711
0.998906,0.391851
0.961492,0.214948
0.94183,0.278987
1.07278,0.33229
0.856031,0.146644
1.43468,0.627546
1.24981,0.0686698
1.00573,0.692756
0.940409,0.293178
1.42269,0.234921
1.12077,0.169757
1.21191,0.906697
1.15723,0.859369
1.00983,0.700747
1.29392,0.779916
1.33934,0.96634
1.44654,0.938356
1.4462,0.0370717
1.16656,0.653259
0.925086,0.913573
1.23207,0.656149
1.33391,0.426698
1.04656,0.740329
1.02955,0.336134
1.24449,0.62565
1.39099,0.427411
1.3946,0.899394
1.49549,0.122883
1.39529,0.787019
1.43532,0.891289
1.29514,0.779829
1.46109,0.46202
1.46972,0.857259
1.13825,0.538227
0.954936,0.533048
0.896857,0.904576
0.933955,0.409305
1.38652,0.22477
1.32985,0.779944
0.815972,0.221673
1.3479,0.360576
1.42338,0.877668
1.24347,0.530918
1.34117,0.130451
1.01462,0.429437
1.40182,0.0807163
1.36994,0.13291
1.1678,0.246376
0.941885,0.108849
1.46886,0.514628
0.888985,0.974082
0.902825,0.834803
1.03747,0.876876
1.0852,0.286462
1.34814,0.293724
0.869318,0.224805
0.958355,0.533522
1.12891,0.96786
0.954164,0.214533
1.10147,0.792258
1.24618,0.218641
0.802374,0.998765
1.02433,0.671844
1.08512,0.714077
1.44478,0.282786
1.31058,0.763588
1.10799,0.271101
1.30242,0.622265
1.1678,0.110042
1.07196,0.499339
0.964477,0.16088
1.20982,0.44194
0.957512,0.863876
1.20709,0.727732
1.19882,0.116294
1.43229,0.638634
1.37459,0.297705
0.825821,0.0228408
0.99764,0.783649
1.44809,0.376744
0.875217,0.337505
0.949625,0.0847476
1.43398,0.512719
0.952537,0.381782
1.10769,0.0399415
1.12732,0.431854
1.42732,0.589943
1.28992,0.683197
1.08042,0.231497
1.34602,0.633781
1.01072,0.276049
1.23089,0.413308
1.4177,0.559761
1.09623,0.419925
1.24249,0.992777
1.19851,0.332893
1.22735,0.357442
1.29501,0.895192
1.18032,0.452535
1.28946,0.731483
1.3327,0.197962
1.10736,0.541822
1.45153,0.0746791
1.01116,0.109003
0.902637,0.619341
1.29063,0.810211
0.942435,0.859431
1.24699,0.704057
1.39225,0.22721
1.24332,0.235098
1.17754,0.172855
0.863785,0.343001
1.06565,0.723542
1.34973,0.247639
1.42441,0.175182
1.3009,0.698359
1.21592,0.552251
1.28216,0.673878
1.33952,0.404249
0.914235,0.0348761
1.42006,0.908329
0.906654,0.634907
0.912877,0.413103
0.998894,0.882027
1.44672,0.394438
0.945615,0.761543
0.919325,0.416926
1.13273,0.812913
1.26908,0.508486
1.35641,0.144351
1.01925,0.530422
1.492,0.607611
0.860837,0.644143
1.13787,0.0610306
1.18181,0.595775
1.03073,0.601285
0.84415,0.0255182
1.08733,0.091574
1.31093,0.563753
0.96449,0.380766
1.07309,0.738503
0.90813,0.0712705
1.4055,0.807808
1.04475,0.148463
1.48829,0.685826
1.45167,0.872186
1.23245,0.0590546
1.02013,0.453755
0.889331,0.360178
1.46441,0.101472
1.46661,0.389957
1.25253,0.666814
0.83105,0.520987
1.0298,0.43097
1.1549,0.637806
1.40333,0.87178
0.988039,0.370935
1.41107,0.309962
1.06783,0.74674
1.3927,0.0986709
1.4617,0.520073
0.923348,0.767706
1.3179,0.509618
1.36846,0.427805
1.0242,0.600758
0.929027,0.243313
0.923045,0.631405
1.21536,0.537608
1.12373,0.713137
1.28774,0.398705
1.32219,0.431871
0.887624,0.334432
0.924678,0.133742
1.00916,0.457272
0.916432,0.458786
1.08539,0.0584132
1.31956,0.0988624
1.11733,0.971079
1.15224,0.996802
0.942027,0.697799
1.4703,0.598201
1.05466,0.643073
1.3239,0.588876
1.38647,0.115405
1.20641,0.122083
1.17034,0.30449
1.35072,0.565885
1.14496,0.0870151
1.3614,0.38627
0.920817,0.0309852
1.04324,0.554512
0.887289,0.914258
1.37483,0.0573475
1.26421,0.237284
1.17462,0.536325
0.93819,0.822062
1.31627,0.41027
1.03917,0.0632274
0.841945,0.636645
1.08017,0.408911
1.12444,0.282753
1.43358,0.233253
1.06346,0.0644429
1.44037,0.405714
1.26713,0.260377
0.866891,0.928893
1.1355,0.321502
0.882442,0.594945
1.34814,0.788489
1.29894,0.0683414
0.951295,0.642247
0.854056,0.59511
1.37305,0.722683
0.821231,0.134945
1.1869,0.341373
1.26385,0.505535
0.849119,0.363515
1.33983,0.60967
1.05518,0.454189
1.15182,0.289049
1.4162,0.942562
1.22326,0.629887
1.27566,0.465577
1.46882,0.111559
1.27954,0.801316
1.01037,0.836352
1.15431,0.658974
1.43954,0.174984
1.43621,0.287127
1.45858,0.604229
1.41367,0.224283
0.905334,0.379307
1.28659,0.978676
0.90995,0.632652
1.44795,0.225861
1.13251,0.828015
1.0329,0.184138
0.868964,0.333972
0.993585,0.909447
1.18296,0.98623
1.47574,0.616698
1.27494,0.563398
1.22285,0.175188
0.926357,0.196686
1.07934,0.544004
1.3039,0.0429667
0.979274,0.197736
0.836489,0.339392
1.44096,0.961983
0.895969,0.346767
0.836844,0.454885
1.0131,0.1172
0.922373,0.449885
1.35105,0.981135
1.30211,0.620472
1.29995,0.997026
1.17515,0.401892
1.43316,0.774557
1.39562,0.479716
0.849049,0.20049
1.28826,0.0641213
1.13195,0.113523
0.895814,0.791291
1.15904,0.12257
1.17973,0.72094
0.912173,0.836049
0.882608,0.48676
0.82039,0.737217
1.32486,0.35109
1.08065,0.0911404
0.92076,0.514256
0.958582,0.157197
0.864002,0.719657
1.40698,0.367409
1.02357,0.0513721
1.20803,0.0567361
1.35048,0.661081
1.16577,0.930017
1.2766,0.0764339
1.19009,0.477934
1.44184,0.0477103
1.28915,0.0824546
1.39725,0.451571
1.18373,0.395258
1.37979,0.483638
1.34422,0.122626
1.06988,0.302505
1.31754,0.445786
1.2823,0.580913
1.21663,0.424397
1.05952,0.480406
1.39231,0.847478
0.98458,0.266919
1.40543,0.342682
1.27844,0.501758
1.00872,0.760887
1.08575,0.968522
1.38935,0.169518
0.949976,0.847049
1.26088,0.469133
1.23929,0.885058
1.15746,0.0825578
1.49341,0.0618127
0.853751,0.645908
0.924358,0.613712
1.42033,0.77519
1.2323,0.286421
1.36201,0.85524
1.24445,0.834255
1.00356,0.671021
1.39043,0.123833
1.43387,0.668446
1.16824,0.983085
1.34309,0.445842
1.01147,0.568928
1.02997,0.389388
0.836214,0.317893
1.49224,0.541671
0.830145,0.637918
1.23621,0.452237
1.31853,0.111032
0.952938,0.429334
1.05057,0.481051
0.949968,0.314497
1.22904,0.407517
1.25418,0.682174
1.05092,0.573412
1.02195,0.25823
1.36254,0.886249
1.29838,0.841832
1.48239,0.84917
0.808013,0.58929
1.00471,0.448015
2,0
0.97802,0.754086
0.973189,0.434996
1.00933,0.981171
0.826021,0.210533
1.41357,0.528931
1.0881,0.396462
0.886463,0.808209
1.05656,0.366616
0.885751,0.854278
1.46781,0.99569
1.49445,0.229824
1.20678,0.868305
1.23566,0.737492
1.2494,0.439669
1.11188,0.807605
1.43806,0.538702
1.30372,0.915388
0.977073,0.537882
0.934704,0.81764
0.851975,0.376226
0.977684,0.779783
1.05132,0.655946
1.38547,0.781225
1.30432,0.164238
1.24858,0.529056
1.44366,0.73411
0.901761,0.0785484
1.01105,0.133675
1.42778,0.386718
0.99419,0.485807
1.20888,0.484865
1.2901,0.745743
0.816415,0.872403
1.26229,0.598009
0.982665,0.456977
1.28243,0.131499
1.08717,0.834791
1.35156,0.180859
1.35365,0.20419
0.81637,0.261657
1.07391,0.271474
1.01671,0.364999
0.951199,0.175537
1.07604,0.172322
1.01984,0.770104
0.96791,0.258123
1.29401,0.943157
1.23822,0.961842
1.3521,0.117448
1.19928,0.987257
1.47378,0.201646
1.02585,0.523846
1.48917,0.317693
1.43137,0.493442
1.47703,0.527566
1.26036,0.26571
0.918257,0.721908
1.11052,0.692777
0.910186,0.246394
1.20942,0.128706
1.32598,0.483492
0.809387,0.632806
0.988323,0.861796
1.02998,0.573835
1.07072,0.318538
0.968591,0.956236
1.1447,0.83308
1.35657,0.962106
1.40096,0.0801518
1.40617,0.40099
0.919013,0.75713
1.08711,0.832653
1.13818,0.516157
1.27465,0.809075
0.892134,0.519735
1.27668,0.765943
0.86418,0.36106
0.92421,0.422954
1.06451,0.162015
0.941961,0.202231
0.847224,0.802218
1.12253,0.68133
0.956953,0.24018
0.861623,0.106255
1.09714,0.900975
1.19367,0.499511
0.80138,0.979018
0.966141,0.761037
1.25601,0.960751
1.38356,0.125289
0.811134,0.243287
1.24115,0.111134
1.06948,0.553344
1.49952,0.476241
0.984304,0.415698
0.943449,0.0253219
0.805655,0.327323
1.02798,0.596432
1.14865,0.199845
0.915382,0.50028
0.803688,0.453616
1.16418,0.252063
1.20927,0.161057
0.889575,0.811846
1.1582,0.466984
0.85521,0.674018
1.15394,0.674532
1.16449,0.742316
1.49971,0.98416
0.850352,0.815216
0.829397,0.911568
1.46769,0.629836
1.45727,0.804992
1.13839,0.343326
0.807824,0.388953
1.03557,0.0419557
1.17321,0.819108
1.05863,0.157094
1.45493,0.447729
1.06276,0.500893
1.31127,0.924103
0.995389,0.234268
1.38759,0.135098
1.20374,0.693596
0.85584,0.466252
1.2974,0.578977
0.897146,0.104021
1.37469,0.596795
1.12862,0.244054
0.812421,0.488419
0.899587,0.461549
1.11183,0.723247
0.883679,0.36801
1.16363,0.193576
1.04367,0.250375
0.994431,0.57836
1.38724,0.214541
1.01843,0.445486
1.31235,0.0941371
1.45171,0.958087
1.27958,0.810632
1.11609,0.88974
0.87609,0.746634
1.43088,0.998967
1.0474,0.506184
1.14517,0.564115
1.42743,0.0300598
0.813909,0.642133
1.37973,0.653029
0.82076,0.740206
0.936954,0.221416
0.934605,0.93463
1.20739,0.983706
1.15585,0.806773
1.2933,0.821482
1.08108,0.759619
1.23636,0.952698
0.828289,0.398568
1.02601,0.956399
0.902557,0.799257
0.952777,0.383188
1.37814,0.138585
0.828122,0.43784
1.23748,0.578656
1.41686,0.529028
0.993569,0.522562
0.968236,0.110847
1.11586,0.727967
1.10769,0.128922
0.877565,0.327623
0.951137,0.0325933
1.1492,0.761579
0.860143,0.580302
0.90237,0.708148
1.30017,0.193947
0.818227,0.46215
1.18447,0.77361
1.30432,0.133306
1.20698,0.631006
0.889671,0.536915
1.46096,0.583934
0.876636,0.904361
1.40621,0.312769
1.18225,0.817673
1.46818,0.794769
0.91615,0.648162
1.1905,0.263413
0.87938,0.0270166
1.21083,0.545482
1.20256,0.497394
1.28643,0.0241829
1.30038,0.755147
1.2751,0.409173
1.43177,0.749511
1.15116,0.309153
0.873437,0.0841075
1.3148,0.654919
0.805314,0.165023
1.34486,0.969387
1.19493,0.567395
0.859343,0.393071
1.27872,0.309806
1.04829,0.172085
1.44332,0.887685
1.05846,0.782861
1.23885,0.199637
1.48047,0.168283
0.844206,0.902867
1.24887,0.339441
1.21154,0.493432
0.91295,0.568999
1.47226,0.436556
0.963761,0.441007
0.823091,0.886299
0.804882,0.911115
1.29912,0.142031
0.855351,0.644285
0.822396,0.361257
1.08473,0.0765574
1.05017,0.547965
1.24695,0.227968
1.24255,0.419918
1.38716,0.506231
1.311,0.370672
1.21561,0.161888
1.17648,0.733252
1.15156,0.196701
1.14968,0.115592
1.46601,0.85457
1.36086,0.287739
1.3176,0.460458
0.801794,0.654985
1.07431,0.925352
1.47822,0.801029
0.80749,0.889649
1.17407,0.824953
1.05693,0.662136
0.972903,0.0206883
1.11953,0.608575
0.81097,0.347016
0.986741,0.302601
0.80825,0.259321
0.925337,0.675537
0.838009,0.309135
1.33578,0.405842
0.876352,0.968948
1.49393,0.553593
0.880401,0.613118
1.40507,0.69144
1.21939,0.220096
1.24708,0.525832
1.04237,0.307131
1.08084,0.235622
1.14453,0.739165
1.16272,0.111333
1.10681,0.735471
1.42052,0.498277
0.962176,0.39534
0.947213,0.681855
1.45536,0.723323
1.03039,0.229337
0.950445,0.570898
1.36279,0.137369
0.891933,0.891811
1.39817,0.845039
1.17486,0.910857
1.34118,0.788002
1.08042,0.543011
1.21879,0.56664
0.861975,0.807395
0.932663,0.277358
1.32649,0.351287
1.13034,0.553946
1.06134,0.0295442
1.34502,0.547337
1.22172,0.470652
0.881773,0.275221
0.917582,0.485319
1.02899,0.143228
0.823133,0.213862
0.810519,0.778961
1.48803,0.555685
1.38613,0.647604
1.32988,0.86845
1.14908,0.180973
0.827638,0.748555
1.31651,0.913568
0.858413,0.794442
1.27588,0.850466
1.28847,0.190263
1.24947,0.362769
1.47028,0.971553
1.28398,0.531927
0.866932,0.530963
1.34349,0.0872108
1.49205,0.744229
1.18273,0.333306
1.04481,0.317131
0.972465,0.394696
1.0285,0.78269
0.854106,0.91239
0.836702,0.298867
1.00869,0.659489
0.847493,0.257387
1.49171,0.0300809
1.36127,0.71835
1.42891,0.474775
1.05976,0.271726
0.839881,0.890082
1.25888,0.802919
1.00134,0.480799
1.26808,0.0414945
0.956125,0.166064
0.903336,0.108908
1.00354,0.0711537
1.31626,0.148169
1.10069,0.366189
0.930934,0.589223
1.45,0.662554
0.980799,0.590768
1.17456,0.521726
0.921155,0.956556
1.02655,0.573127
1.10791,0.179817
1.1873,0.533212
0.924383,0.837458
1.3525,0.831543
0.93083,0.0954086
1.4841,0.961001
1.20877,0.106495
1.22846,0.0733876
0.945734,0.323896
1.22298,0.241652
1.06029,0.0628086
0.908271,0.640228
1.35426,0.915887
1.2242,0.564824
1.21503,0.831223
1.31176,0.784161
1.11116,0.917459
1.45921,0.356497
1.03895,0.608701
1.33352,0.569516
0.865796,0.936902
0.970781,0.14803
1.15325,0.428132
1.0739,0.204531
0.869798,0.407054
1.48018,0.289596
1.30678,0.511217
1.42325,0.861897
1.03354,0.721973
0.999377,0.448227
0.951929,0.497309
1.45533,0.621278
1.42529,0.847456
1.38762,0.184305
0.918861,0.937988
1.24922,0.40386
1.19403,0.0991643
1.04427,0.883805
0.801184,0.489743
0.924193,0.055322
1.02519,0.0800101
1.05734,0.887605
1.46532,0.647125
1.17242,0.289921
1.15901,0.112358
0.973845,0.966534
1.09498,0.640477
1.33338,0.526531
1.16544,0.222528
1.10269,0.892467
1.33678,0.576965
1.20588,0.440223
1.17512,0.420896
1.14005,0.127745
1.19888,0.868259
1.15716,0.100773
1.29887,0.485042
0.852748,0.500757
1.19203,0.788957
1.08241,0.625011
1.09388,0.824402
1.24989,0.601649
1.28611,0.873345
0.85913,0.732739
1.4758,0.360309
0.849039,0.141414
1.12186,0.908901
1.43217,0.387466
1.22002,0.393641
1.47811,0.547371
0.85691,0.648733
1.15929,0.320467
0.942178,0.382796
1.10956,0.468772
1.32377,0.886009
1.06676,0.0950633
0.937201,0.0220114
1.23115,0.744181
0.982588,0.250268
0.974427,0.674007
0.899509,0.655918
1.06565,0.562489
1.2501,0.14226
1.32354,0.841843
1.42599,0.301416
1.25145,0.704478
1.31629,0.566736
1.01631,0.840653
1.26316,0.265546
0.976313,0.564006
0.975168,0.819115
0.95192,0.8031
1.47283,0.84863
1.22514,0.146525
1.06851,0.736503
1.22432,0.628647
1.305,0.331228
1.09202,0.511595
1.43406,0.187622
1.36493,0.946115
1.04297,0.303898
0.864869,0.0218798
1.02127,0.380714
1.49119,0.730239
1.00971,0.857315
1.37327,0.181067
1.13416,0.0214878
0.972311,0.0636246
0.903816,0.827453
1.04677,0.551398
1.01525,0.984413
1.17635,0.441105
1.02366,0.41553
1.23453,0.215935
0.897992,0.918223
0.841898,0.490827
1.44279,0.99976
0.980352,0.829526
1.39053,0.22421
1.19894,0.427607
0.889201,0.812493
1.17871,0.768926
0.945735,0.956709
0.894686,0.84096
1.45431,0.361469
0.900006,0.979137
0.976292,0.740528
1.3992,0.1066
1.45262,0.515271
0.960953,0.484187
1.38477,0.0811981
1.28029,0.43069
1.33904,0.863714
0.948755,0.428682
0.810104,0.648001
1.28574,0.604123
0.824647,0.361121
0.863501,0.281067
0.935039,0.35749
1.01579,0.94175
1.40923,0.8642
0.93699,0.609214
1.3398,0.93811
1.02102,0.7439
1.03482,0.952844
0.990101,0.46748
1.22869,0.0926253
1.44232,0.804637
1.03355,0.637297
1.16082,0.77795
0.827444,0.988106
1.10667,0.2046
1.35698,0.271147
0.865675,0.605862
0.877674,0.716479
1.03583,0.727633
0.976664,0.992544
0.932006,0.858109
1.36832,0.69511
0.803589,0.0730351
1.13265,0.970145
1.45946,0.202854
0.999427,0.10437
1.29743,0.447516
0.942852,0.542478
0.834143,0.78362
1.18631,0.494597
1.14973,0.854632
1.27564,0.530098
0.953568,0.378563
1.06001,0.749888
1.0225,0.0956871
1.17157,0.469951
1.12808,0.674825
1.27631,0.769638
1.13294,0.532822
1.19643,0.0375041
1.15598,0.170654
1.25321,0.167988
0.831534,0.571158
1.14305,0.0783375
1.28091,0.390897
0.938743,0.850362
1.19478,0.7762
1.26939,0.139489
1.46908,0.311012
1.24597,0.759093
0.974937,0.19882
1.24025,0.615422
1.13298,0.975425
1.00778,0.643828
1.39402,0.0237755
1.31671,0.245394
1.12831,0.807783
1.08934,0.985876
1.4419,0.284279
1.00283,0.763966
1.11008,0.0333244
0.873367,0.307976
1.19686,0.583527
0.886476,0.34573
1.30116,0.138592
1.35661,0.663262
1.07395,0.211235
1.2387,0.600025
0.876582,0.4022
1.30448,0.995509
1.29155,0.227727
1.4721,0.995761
0.842396,0.486078
1.20767,0.116275
1.1056,0.60226
1.43411,0.499496
0.999014,0.515888
0.993039,0.764608
1.37693,0.0621731
1.19635,0.892234
1.21124,0.60961
1.40876,0.0742613
0.972845,0.138126
0.91566,0.391392
1.41101,0.339543
1.36503,0.716651
1.25989,0.837046
1.35663,0.763087
1.25964,0.47544
1.04662,0.184065
0.941356,0.770457
1.01806,0.924186
0.968475,0.0419888
1.16029,0.732551
1.31823,0.844119
0.920767,0.168788
1.2229,0.356793
1.25572,0.693333
1.34246,0.406993
1.41138,0.485162
1.38427,0.567659
0.806715,0.299612
1.47736,0.196211
0.990744,0.865659
1.40411,0.46644
0.922942,0.329624
0.869784,0.715847
1.38534,0.0840308
1.25655,0.132094
0.919078,0.350633
1.0049,0.589992
1.01998,0.148321
0.825881,0.33157
1.01458,0.0704396
1.18604,0.7506
1.23795,0.984702
0.94027,0.639928
0.878284,0.885754
1.45077,0.0437241
1.02514,0.3189
1.43128,0.44908
0.80305,0.635525
1.02297,0.773091
1.455,0.0944814
1.49123,0.388342
1.13957,0.961158
0.833133,0.0686938
1.40023,0.666712
0.957639,0.162345
1.26777,0.916052
1.30655,0.305413
1.12308,0.541852
1.3988,0.843818
1.38927,0.593863
1.00984,0.757581
1.1495,0.891831
0.805564,0.40007
1.38141,0.640465
1.17268,0.986063
1.11315,0.469934
1.27773,0.655612
1.42777,0.311067
1.45239,0.986808
1.28708,0.937804
1.34127,0.909335
1.44203,0.305234
1.10135,0.530253
1.29697,0.443563
1.41087,0.315683
1.04389,0.0554218
0.813394,0.798938
1.08429,0.793926
1.3246,0.673251
0.817654,0.578048
1.18861,0.235767
1.08489,0.110592
1.17792,0.788723
1.49993,0.38584
1.25863,0.917655
1.00897,0.423172
1.23401,0.551575
1.37901,0.709214
1.23638,0.795303
1.22018,0.267843
1.24603,0.780355
0.842945,0.437032
0.947748,0.316179
0.944535,0.240374
1.29695,0.457363
0.97287,0.641974
0.961127,0.157294
0.808907,0.140637
0.967614,0.102923
0.869601,0.72523
1.11399,0.850257
1.18058,0.530984
1.37637,0.118379
0.866605,0.164644
1.27174,0.953322
1.47945,0.599664
1.17387,0.306394
1.32193,0.288703
0.810983,0.530371
1.14313,0.858201
0.980752,0.158001
1.46065,0.302399
1.49861,0.865326
0.949664,0.303559
0.951796,0.515386
1.04618,0.256717
1.43647,0.933976
1.42727,0.236892
1.12447,0.66128
0.831004,0.125592
1.48061,0.89692
1.36604,0.961805
1.24725,0.768532
0.965152,0.314684
1.25215,0.322341
1.19229,0.338382
1.43377,0.697542
1.35753,0.647314
1.20886,0.56011
1.12245,0.141993
1.28221,0.267211
0.836085,0.549681
0.924309,0.506144
1.13249,0.45046
0.880186,0.3623
1.10684,0.96179
1.20561,0.874205
0.878604,0.618794
1.22756,0.19104
1.42627,0.660532
1.07069,0.644423
1.28897,0.590503
1.02832,0.0531505
1.19897,0.416839
1.13317,0.15605
0.891051,0.268633
1.24558,0.907413
1.12914,0.271553
1.47156,0.390614
1.15045,0.0217044
0.828064,0.696615
0.831406,0.27507
0.820786,0.247443
1.45426,0.461522
0.85136,0.623388
1.39612,0.13108
0.932242,0.117693
0.827172,0.0973904
0.83463,0.0368073
1.45409,0.0872442
1.36584,0.689283
1.22229,0.72686
1.2336,0.878903
1.33859,0.913375
1.4556,0.429816
0.802623,0.774076
1.27534,0.639996
1.07001,0.564559
0.890667,0.843117
0.853391,0.741787
1.12902,0.361906
1.31744,0.345844
1.30428,0.167467
1.27548,0.668853
1.39901,0.108201
0.979055,0.609727
0.962597,0.992175
0.818481,0.772959
1.4253,0.218574
0.860226,0.27417
1.301,0.379495
1.38054,0.232847
1.23636,0.259639
1.13768,0.392257
1.15584,0.346481
1.42051,0.238737
0.969469,0.503477
0.861268,0.997733
1.13955,0.508726
1.49454,0.0908731
1.12341,0.0625213
1.22116,0.380634
1.48535,0.50088
1.39505,0.679501
1.04987,0.784973
0.959231,0.536217
0.896383,0.283154
1.15582,0.972369
1.38585,0.954798
1.37405,0.139747
1.42447,0.306972
0.911066,0.615014
1.06424,0.389912
1.26226,0.293915
1.07877,0.9676
0.876597,0.848555
1.33372,0.758054
1.16111,0.104917
1.28621,0.618512
1.13163,0.403459
1.08752,0.974111
1.1369,0.0876925
1.05551,0.0313352
1.46895,0.8308
1.30785,0.848943
1.093,0.356515
0.818699,0.902256
1.03453,0.947936
0.85673,0.137687
1.37275,0.894438
0.944315,0.518724
0.846033,0.432959
1.45171,0.36026
1.06824,0.0390678
0.9388,0.542947
0.832609,0.252647
1.15772,0.414918
0.920701,0.414407
1.09549,0.76771
1.44536,0.505181
1.33953,0.305061
1.00483,0.410071
1.42592,0.530119
1.26021,0.966025
1.08249,0.768586
1.20671,0.0300665
1.47497,0.957969
1.01459,0.664753
1.0472,0.507398
0.93495,0.595845
1.00707,0.294562
1.21524,0.306893
1.30407,0.0715355
0.807701,0.629551
1.07287,0.186719
1.37725,0.0911073
1.23869,0.685286
1.38017,0.298507
0.949205,0.658767
1.00344,0.411794
1.26614,0.358638
0.869872,0.497541
1.099,0.39666
1.44095,0.956692
1.30638,0.352126
1.00945,0.489893
1.37867,0.0850424
0.853849,0.605446
0.812133,0.47652
1.26912,0.363688
0.917341,0.675401
1.03651,0.427194
0.948978,0.438151
1.18327,0.902724
0.839877,0.998099
1.18183,0.824146
0.817627,0.108013
1.48319,0.495314
0.849087,0.418825
1.26712,0.675908
0.811443,0.910045
0.944721,0.946431
1.20479,0.170335
1.39665,0.165797
1.20369,0.698723
1.312,0.725828
1.45388,0.810461
1.23538,0.541588
1.13385,0.168784
1.22954,0.337646
1.15773,0.148407
1.20081,0.973282
1.05611,0.337322
1.35072,0.786672
1.14305,0.769716
1.39824,0.759494
1.08185,0.429736
0.954116,0.769748
1.06984,0.774814
0.892644,0.473186
1.07775,0.0939004
1.4195,0.0959085
1.12016,0.774782
1.02494,0.672427
1.17605,0.586868
0.918472,0.892501
0.850568,0.0684443
1.15564,0.274718
1.44556,0.593354
1.46195,0.326586
1.19776,0.750017
1.14057,0.324346
0.888331,0.562171
1.05746,0.448763
1.10708,0.404423
0.862848,0.907886
1.03512,0.409078
0.974729,0.756837
0.901833,0.64658
1.40225,0.771908
1.02235,0.733886
1.06095,0.170923
1.24203,0.642757
1.3093,0.466544
0.911365,0.965852
1.37267,0.851824
0.957224,0.326887
1.01437,0.255898
0.876391,0.731665
1.40716,0.81291
0.800086,0.856657
1.07348,0.308495
0.919574,0.342307
1.34052,0.105579
1.3106,0.230417
1.30206,0.842879
0.903822,0.788491
0.863423,0.841826
0.833721,0.698409
1.3771,0.382078
0.936469,0.168905
1.01468,0.876821
1.12006,0.593213
1.07627,0.431581
0.860727,0.149492
0.851897,0.415874
1.08251,0.134929
1.1637,0.344117
1.28811,0.792164
1.38053,0.396914
1.27364,0.685419
1.13117,0.924872
1.42058,0.144979
1.27194,0.412787
0.970658,0.869566
0.842722,0.511887
1.47844,0.101181
1.04392,0.161818
1.3038,0.273163
1.43798,0.401376
1.33338,0.653932
1.46428,0.98615
0.913203,0.45275
1.49879,0.87095
1.07671,0.58448
1.1688,0.600092
1.09042,0.408208
1.20308,0.891932
1.36093,0.138381
1.0003,0.180798
0.897083,0.811366
0.842345,0.560803
0.818384,0.755173
0.903614,0.172285
0.937436,0.222149
1.01683,0.871887
1.4584,0.672626
1.18145,0.648706
1.30755,0.660723
1.06412,0.304758
1.26312,0.570538
1.2844,0.600366
1.4323,0.873874
1.21503,0.539973
0.834887,0.380466
1.49312,0.675132
1.31054,0.295999
0.978652,0.20375
1.47313,0.945124
0.937463,0.209997
1.43376,0.0624613
1.48634,0.457973
0.946136,0.751502
1.32978,0.753544
0.997426,0.0484597
1.17171,0.519259
0.993911,0.203656
0.979308,0.902702
1.19764,0.14662
0.897473,0.160036
1.22324,0.825533
1.44571,0.766273
1.33838,0.530807
1.25845,0.363097
0.876957,0.946264
1.16363,0.795943
1.07585,0.761686
1.30395,0.971876
1.14046,0.469036
1.19006,0.68965
0.92978,0.816662
1.45142,0.905792
1.45727,0.900948
1.05231,0.544717
1.33837,0.424988
0.959076,0.188219
1.10884,0.635788
1.02936,0.523485
1.32217,0.587807
1.0436,0.821014
1.23102,0.159224
0.833617,0.0606891
0.985279,0.14413
1.27144,0.805405
0.957065,0.0795024
1.34807,0.246286
0.826599,0.414275
1.43727,0.289975
1.02957,0.411461
1.38397,0.566411
0.810342,0.0627595
0.800339,0.413572
1.23741,0.534079
1.17741,0.451802
0.813397,0.963651
1.42844,0.48476
1.30472,0.840533
0.935358,0.356268
1.29833,0.826072
0.919833,0.650847
1.18604,0.217116
1.42354,0.066419
0.855115,0.162168
1.15371,0.0755309
1.4229,0.434498
1.45811,0.510516
1.11621,0.138293
1.12033,0.460855
1.42466,0.713491
0.997369,0.45203
1.0394,0.426205
1.48819,0.912367
0.846157,0.365812
1.43068,0.155236
1.20432,0.483895
1.40136,0.864785
0.867562,0.875518
0.908696,0.889445
0.967891,0.830384
1.20219,0.603832
0.879689,0.400316
1.03171,0.0760474
1.38771,0.793096
1.36703,0.28972
1.37165,0.773328
1.16901,0.0602879
0.845149,0.446783
1.13316,0.869615
1.39151,0.815132
0.849705,0.911444
1.15424,0.436783
1.29275,0.464902
1.23137,0.262325
1.06726,0.5592
0.836484,0.1856
1.4282,0.829825
0.827547,0.808194
1.09295,0.948538
0.895854,0.102623
1.01739,0.70378
0.938487,0.48132
1.48443,0.928734
0.9086,0.0819614
1.2477,0.238812
0.887786,0.915172
1.41212,0.741383
1.25418,0.0993009
1.47485,0.120221
1.30573,0.678687
1.2282,0.0301437
0.953408,0.587671
1.18009,0.93249
0.924752,0.447982
1.28851,0.587572
1.15774,0.615053
1.29491,0.0596328
1.40762,0.589927
1.32696,0.858532
1.34233,0.396611
0.986978,0.130355
0.819665,0.229279
1.43929,0.24733
1.24022,0.0904514
0.925224,0.736998
1.00195,0.791615
1.25072,0.504551
0.957621,0.0571227
1.29297,0.843577
1.07659,0.525672
1.14206,0.639247
1.32451,0.396811
1.11427,0.302362
1.07322,0.229262
1.16171,0.0940694
0.87604,0.0769775
1.23612,0.193063
1.46322,0.832154
1.43274,0.146296
1.48274,0.600768
1.47038,0.982124
1.37126,0.847183
1.41129,0.354914
1.16046,0.251222
1.37782,0.54087
1.41387,0.338648
1.34633,0.0968134
1.11237,0.44472
0.957766,0.134781
1.11394,0.400602
1.04579,0.481092
1.21864,0.252156
1.27526,0.355177
1.39771,0.287479
0.800122,0.802507
1.10004,0.181586
1.3879,0.73276
1.23248,0.996808
1.22537,0.953648
1.3306,0.548278
1.43581,0.212616
1.11661,0.667113
1.07122,0.244389
1.02259,0.697675
1.44009,0.083777
0.911545,0.60128
1.30567,0.894972
0.954565,0.790364
1.00043,0.718048
0.805513,0.965797
1.16397,0.530327
1.24863,0.467263
0.809233,0.313039
1.02539,0.0765858
0.962646,0.463829
1.19345,0.503213
0.848025,0.77161
1.22136,0.936729
1.08151,0.641828
1.29529,0.453123
1.0711,0.436237
1.11437,0.677697
0.9728,0.891991
1.36388,0.0791844
1.04576,0.0803165
1.20664,0.322654
1.06164,0.673249
0.871548,0.851947
0.980088,0.204457
1.31666,0.196672
1.10412,0.893796
1.02371,0.122286
1.34026,0.152282
1.29866,0.216174
1.26351,0.860424
1.11198,0.819697
1.40155,0.487576
1.28041,0.166753
1.48171,0.773886
1.30752,0.76197
1.00599,0.315881
1.20905,0.146049
1.23014,0.839264
1.26388,0.80447
1.09133,0.716406
1.02253,0.268085
1.40944,0.0595278
1.10541,0.621579
1.39842,0.968379
0.991436,0.324311
0.85959,0.191874
0.800319,0.356124
1.26683,0.447433
1.12399,0.806896
1.33313,0.349942
1.20418,0.64327
1.40063,0.596579
1.35716,0.607127
1.4508,0.360752
1.32589,0.664085
1.35698,0.196165
1.49974,0.86292
1.26295,0.914621
0.877735,0.578429
1.15591,0.530582
0.819922,0.189861
1.25893,0.0470098
0.973488,0.982407
0.839305,0.338798
1.40009,0.747503
1.16959,0.777224
1.34418,0.206591
1.19908,0.538713
1.29945,0.537158
0.866249,0.566082
0.817863,0.0978712
1.31468,0.618141
1.40688,0.654869
0.908017,0.258761
1.21728,0.200765
1.1889,0.33529
1.08586,0.266252
0.912935,0.881007
0.859916,0.307992
0.996615,0.112315
1.38005,0.417651
0.904906,0.409832
0.830089,0.106829
1.07603,0.940613
1.2925,0.67101
0.804054,0.752689
1.07245,0.720011
1.47891,0.1994
1.00125,0.507029
0.961272,0.984237
1.48493,0.552187
1.20478,0.79512
1.43983,0.527438
0.976309,0.322194
1.09192,0.238755
1.02952,0.879876
1.4465,0.738326
1.37239,0.76932
1.16027,0.0477643
1.38613,0.486519
1.37302,0.922083
0.844681,0.393686
0.806854,0.321729
1.09484,0.719514
1.07437,0.476367
1.28258,0.85847
1.13665,0.558617
1.36272,0.585542
1.41531,0.300072
1.13181,0.163884
1.13495,0.824539
1.02992,0.996241
0.90132,0.492589
1.28776,0.995602
1.33341,0.567063
1.30402,0.978542
0.812458,0.941479
0.998658,0.737571
1.10213,0.467707
0.810851,0.688763
1.16376,0.150744
1.38046,0.321638
1.32056,0.559235
1.1285,0.771528
1.22677,0.197924
1.2348,0.649429
0.881438,0.411945
1.17841,0.152784
1.49067,0.960113
1.43709,0.7255
1.16242,0.754718
1.22844,0.061728
0.843631,0.962498
1.29266,0.397254
0.802896,0.246908
0.841924,0.663457
0.845093,0.286159
1.3877,0.179456
1.07942,0.205613
1.19233,0.510027
0.935106,0.878779
0.943258,0.467298
0.993931,0.907576
1.45437,0.94635
1.13037,0.577873
1.31157,0.681879
1.03528,0.133036
1.07567,0.516069
1.23151,0.658262
1.0493,0.693456
1.01653,0.158282
1.18744,0.951533
0.980101,0.722551
1.42173,0.311532
1.20688,0.198752
1.31111,0.60953
1.04561,0.970902
1.35267,0.789432
1.04025,0.429347
1.11813,0.808904
0.997693,0.0414603
1.34782,0.232167
1.35518,0.999606
0.890404,0.657657
0.934911,0.128953
1.30652,0.117513
1.48914,0.052853
0.974831,0.945558
0.936068,0.0898044
1.03681,0.230955
1.37318,0.721417
0.83456,0.649452
0.925841,0.768424
1.2452,0.409431
0.900307,0.742006
1.35082,0.169692
1.33658,0.227426
0.888586,0.244347
1.39139,0.589774
1.04006,0.939853
1.28694,0.904809
1.16776,0.12205
1.31854,0.32409
0.863799,0.297962
1.13011,0.996023
1.16418,0.104622
1.09476,0.364639
1.46075,0.71091
0.967309,0.649503
0.994205,0.213454
1.16762,0.272817
0.918288,0.33404
1.29198,0.704615
0.93056,0.186078
1.26467,0.213909
0.908033,0.736526
1.37383,0.0955643
1.21064,0.0699071
1.23648,0.739463
1.105,0.52518
1.0393,0.119036
1.4922,0.682831
0.923713,0.655623
1.18876,0.643715
1.48747,0.515669
1.04158,0.174672
1.17966,0.846121
1.14389,0.0448107
1.35767,0.868942
1.45713,0.108512
1.29413,0.853163
1.39372,0.198046
0.963398,0.777742
1.40539,0.842184
1.27774,0.510312
0.948152,0.461598
1.39876,0.150489
1.30413,0.189576
1.14435,0.304641
1.04826,0.801813
0.815902,0.28594
1.31744,0.555553
0.834838,0.838761
0.851103,0.350723
1.06042,0.552462
1.20919,0.82168
1.38797,0.642594
1.47283,0.124229
0.804678,0.856972
1.43474,0.367211
1.20981,0.462612
1.21957,0.480755
0.828447,0.78772
0.82263,0.316857
1.28352,0.861542
1.49874,0.735187
1.14082,0.107959
0.866445,0.77099
0.981926,0.425998
1.23324,0.426811
1.22469,0.518212
1.35247,0.657821
1.22032,0.620556
1.03537,0.997506
1.31752,0.723206
1.03506,0.648027
0.910472,0.0360791
1.17663,0.97128
1.36258,0.454975
1.47041,0.0421952
1.39854,0.714803
1.0051,0.728193
1.3106,0.0839817
0.806443,0.802472
0.970193,0.711257
1.19993,0.601416
1.36737,0.907211
1.34867,0.203801
1.31916,0.0419103
0.808009,0.362553
1.06199,0.657333
0.879775,0.682041
1.21015,0.449605
0.931446,0.616457
1.13516,0.0979152
1.09449,0.413912
1.39664,0.747376
1.02168,0.20037
0.815394,0.877846
1.09881,0.998334
1.22617,0.320616
1.12161,0.53779
0.847299,0.192172
1.19687,0.478682
1.08991,0.258903
1.13666,0.194956
0.885936,0.754639
0.901687,0.150369
0.81715,0.458949
1.00291,0.532766
1.49567,0.221543
0.924017,0.426012
0.85439,0.270801
1.47911,0.772338
1.04671,0.4092
0.802645,0.0967513
1.00613,0.41835
1.06537,0.635268
1.34103,0.643356
0.986026,0.465957
1.11001,0.399158
1.04167,0.831135
1.2977,0.916706
1.41741,0.6187
1.29793,0.687302
1.35009,0.868137
0.866135,0.562676
0.852356,0.402063
0.888371,0.161355
0.924999,0.677644
0.840502,0.455201
1.36463,0.302163
1.46076,0.730315
1.31775,0.359376
1.31326,0.587815
1.24521,0.19966
0.84023,0.451684
1.35023,0.372224
1.35898,0.957294
0.91638,0.351317
1.33117,0.395278
1.32591,0.302757
1.19381,0.613057
1.35723,0.661858
0.840308,0.0369017
1.22878,0.589057
0.909428,0.468397
1.28046,0.596324
1.20461,0.285207
1.17761,0.882664
0.854148,0.803691
1.16734,0.996039
1.3418,0.51758
0.929858,0.640768
1.33205,0.524656
1.25766,0.584806
1.46282,0.739569
1.24128,0.619053
0.903182,0.525433
1.29303,0.474148
0.822923,0.589675
1.25284,0.784207
1.07201,0.327344
1.49468,0.643785
1.44648,0.358349
0.970505,0.81807
1.46485,0.874145
0.854265,0.549481
0.896406,0.136767
0.951437,0.219348
1.47542,0.993086
0.938703,0.574934
0.884467,0.919557
0.966021,0.316546
0.986838,0.890835
0.856071,0.534655
1.19609,0.567725
0.878917,0.894387
1.31774,0.521363
0.926093,0.761941
1.18413,0.4233
0.976724,0.70838
1.16276,0.234609
1.20611,0.15389
1.30802,0.324036
0.846389,0.91962
1.06944,0.514407
0.847986,0.475457
1.34481,0.085142
1.07008,0.834386
1.16385,0.279811
1.1932,0.596619
0.948855,0.151231
1.44939,0.313247
0.836774,0.541541
0.860575,0.397984
1.23546,0.256012
1.12285,0.235823
1.12572,0.171587
1.47862,0.977325
1.44447,0.0505546
0.936861,0.155664
1.3589,0.137604
1.44806,0.760109
1.19693,0.715318
0.984561,0.609351
1.29392,0.139273
0.836345,0.338742
1.30288,0.575384
1.30512,0.629212
1.38332,0.879905
0.99831,0.895138
0.956413,0.405335
0.945239,0.0807551
1.16654,0.657018
1.47208,0.615876
1.22616,0.19116
1.12382,0.158874
1.45483,0.357364
0.81265,0.705745
1.17754,0.393051
0.816535,0.188664
1.20909,0.597442
1.30023,0.763883
1.35291,0.112309
1.43288,0.126815
1.03592,0.412976
0.985641,0.344516
1.25347,0.926849
1.37744,0.497045
0.950483,0.0468325
0.989081,0.519655
0.941632,0.851928
1.19548,0.687561
1.09898,0.0496481
1.3493,0.148187
0.890316,0.0589786
0.919796,0.559426
1.39098,0.714876
1.21418,0.480403
0.800161,0.482679
1.02688,0.296
1.45791,0.836159
1.03253,0.0676935
1.24251,0.81263
1.20974,0.606518
1.22639,0.460353
0.934225,0.0668144
0.90686,0.891492
1.1736,0.307597
1.30059,0.536782
1.23729,0.336883
1.06319,0.377635
1.3376,0.270659
1.13189,0.26987
1.24101,0.985716
1.25589,0.451036
0.887639,0.363925
1.33431,0.839461
1.04325,0.499628
1.00023,0.0715435
0.925836,0.950733
1.09686,0.821735
1.12646,0.199641
0.867334,0.837182
1.1205,0.712607
1.19432,0.0554165
1.10327,0.435028
1.00356,0.0628577
1.19432,0.270919
1.14337,0.267211
1.27664,0.472493
1.3931,0.50016
0.862585,0.759408
1.23194,0.737765
1.29886,0.349438
1.28077,0.414131
0.867344,0.257094
1.3871,0.337294
1.23107,0.891762
1.39039,0.133919
1.04254,0.710048
0.921048,0.276785
0.99248,0.152899
1.14301,0.305973
1.21214,0.648754
1.44949,0.637223
0.999222,0.407252
1.4642,0.273742
1.28067,0.615036
1.38315,0.848138
1.36899,0.636023
1.48282,0.16927
0.931051,0.637907
1.35338,0.345386
0.854422,0.284954
0.877503,0.285649
1.40085,0.721541
1.41808,0.561255
1.03597,0.498968
1.49645,0.559858
1.37879,0.114924
1.35262,0.984282
1.08332,0.657757
0.827963,0.203987
1.39937,0.853792
0.87712,0.545658
1.35939,0.704975
0.890273,0.723555
1.16469,0.605137
1.2085,0.537756
0.982324,0.559006
0.819041,0.41123
0.848099,0.549534
0.87407,0.287622
0.903631,0.0466819
0.806382,0.540859
1.41629,0.780687
0.872853,0.572607
1.408,0.555292
1.13576,0.830252
1.17236,0.3019
0.913188,0.41069
1.4084,0.301578
1.23276,0.324189
0.85795,0.228494
0.99775,0.147095
1.02359,0.987191
0.887449,0.0222982
1.35405,0.297992
1.45921,0.901034
1.42921,0.624624
1.29788,0.211063
1.04997,0.293819
0.917626,0.0407735
1.278,0.672127
1.37399,0.34878
1.0038,0.386504
1.30458,0.550043
1.4754,0.804733
1.2068,0.215614
1.21903,0.638089
1.11144,0.632104
1.31841,0.358659
1.33934,0.199453
1.1288,0.918674
1.45073,0.115718
0.970145,0.552483
1.23893,0.587815
1.28228,0.225956
1.08192,0.381205
1.37118,0.404716
1.39424,0.383352
0.987967,0.119354
0.962603,0.633976
1.128,0.264609
0.803783,0.909064
1.37993,0.583912
1.31065,0.509611
1.04747,0.31291
1.09986,0.547578
0.974886,0.149343
1.0402,0.264731
1.23989,0.512305
1.45366,0.163765
1.14879,0.234906
1.2665,0.946216
1.02938,0.896439
1.44581,0.802663
0.870813,0.943559
1.41623,0.726117
0.93544,0.930855
0.934314,0.282611
1.22796,0.129211
1.40035,0.962593
1.11623,0.583052
1.42459,0.841156
1.25287,0.910645
1.31264,0.308543
1.11446,0.572259
0.857627,0.334231
1.4902,0.122885
0.972649,0.510362
1.32825,0.72558
1.16965,0.231926
1.32777,0.920806
1.09472,0.107273
0.952852,0.958701
0.938052,0.12471
1.27737,0.0758507
1.01208,0.924477
0.929523,0.92929
1.39358,0.0710586
1.44056,0.108404
1.21331,0.749942
0.995594,0.510893
1.07359,0.0310846
1.05499,0.634408
1.08114,0.579747
1.37054,0.155282
1.22,0.72297
0.877527,0.500157
1.1156,0.222483
0.924271,0.900304
1.26205,0.567291
1.12271,0.340558
0.901562,0.261064
1.13153,0.725356
1.00288,0.423856
0.83437,0.878188
1.19929,0.591639
0.923805,0.5432
1.05822,0.562367
1.1853,0.411324
1.26726,0.64133
1.34889,0.099328
0.893115,0.24494
1.32743,0.61765
1.22616,0.641299
1.19912,0.672351
1.27571,0.514195
0.950017,0.787757
1.02003,0.937583
0.887298,0.537593
1.14998,0.69191
0.813711,0.779361
1.3075,0.346293
1.21943,0.494388
1.41821,0.499955
0.840354,0.930339
1.25981,0.779843
1.25586,0.883038
1.10877,0.452082
1.18357,0.71079
1.13538,0.997281
0.957903,0.918129
1.3683,0.998911
1.42439,0.682978
1.29725,0.57574
1.26579,0.416347
0.937513,0.547878
0.816566,0.355368
1.13236,0.435573
1.31205,0.0338511
1.17626,0.179746
1.19147,0.101412
1.08518,0.649243
0.853456,0.17141
0.915361,0.624803
1.25913,0.633976
1.14465,0.512561
0.822457,0.956453
1.38421,0.914311
1.29141,0.114254
0.985582,0.236157
1.43032,0.651947
0.890909,0.364058
0.918005,0.575685
0.877992,0.0693759
1.11495,0.413127
1.33385,0.943123
1.0611,0.408841
1.10184,0.806789
0.833567,0.259802
1.07436,0.245131
1.42964,0.508221
1.44779,0.417715
1.33636,0.151512
0.97292,0.208598
1.49972,0.430854
1.16043,0.857222
1.28432,0.868467
1.06044,0.0746021
1.3499,0.900721
1.10759,0.0854043
1.03203,0.737465
1.20394,0.898313
0.959919,0.834151
1.18013,0.718246
0.903138,0.903053
0.985443,0.242245
1.07763,0.188086
1.30814,0.579923
1.40894,0.126683
0.987808,0.922558
1.21109,0.129524
0.928015,0.825252
0.966606,0.66905
1.15144,0.618519
1.09047,0.617543
0.8367,0.871546
1.43274,0.822339
1.17236,0.558834
0.837858,0.444065
0.80076,0.667293
1.47355,0.58189
0.908739,0.959684
1.20146,0.72716
0.964531,0.348781
1.42113,0.9326
1.33209,0.132501
1.07779,0.0224217
0.967833,0.142285
1.05897,0.9613
0.994702,0.821483
1.40517,0.268497
1.14994,0.759213
1.18388,0.996425
0.987994,0.817955
1.35105,0.703158
1.22569,0.361538
0.819141,0.922302
1.46919,0.513354
1.4867,0.364001
0.929196,0.16154
0.813346,0.862482
1.40962,0.485486
1.31726,0.0497935
1.2392,0.0831012
1.40626,0.281372
1.39706,0.649106
1.08501,0.305908
1.18442,0.28493
1.42405,0.404922
1.21053,0.926979
1.29814,0.038419
1.0181,0.343825
0.934622,0.955689
1.47993,0.288728
1.36375,0.0667156
1.18718,0.783791
1.39233,0.436382
1.00885,0.766312
0.928314,0.0820238
1.08503,0.0740702
1.14148,0.836882
1.48257,0.656304
1.22227,0.751884
1.11246,0.276628
1.33732,0.863705
1.38888,0.494071
1.46735,0.870388
1.28356,0.646715
1.44967,0.246925
0.943025,0.572918
1.13994,0.968684
1.22376,0.425706
1.11529,0.0310477
1.23698,0.0343877
1.28079,0.318426
0.812846,0.0464329
1.08718,0.121874
0.997743,0.0256049
0.856641,0.291162
1.39836,0.242866
0.967277,0.693222
1.34932,0.572713
1.26905,0.0407226
1.11756,0.915782
0.853402,0.629829
1.0045,0.751924
1.20323,0.0852797
0.977821,0.36738
1.49638,0.163087
0.984699,0.710298
1.12677,0.0608609
1.04964,0.674811
1.31754,0.86688
1.01212,0.696344
0.833887,0.438358
0.962908,0.417466
1.28555,0.304443
0.993183,0.832106
1.43708,0.47781
1.27427,0.419546
1.14537,0.156537
1.19665,0.027529
1.14607,0.0580504
1.4616,0.2178
0.982174,0.310957
1.32272,0.593441
0.849818,0.194486
1.04309,0.343237
1.16031,0.777623
1.38498,0.147328
0.926084,0.080956
0.801176,0.341408
1.49767,0.444199
1.44399,0.874704
1.33517,0.59875
1.07047,0.443444
1.11352,0.148472
1.39026,0.309108
1.44105,0.510407
1.2091,0.534322
0.894423,0.411345
1.45642,0.706308
1.22707,0.109907
1.48606,0.156695
1.00466,0.656996
1.35364,0.743005
1.09959,0.308146
1.18385,0.972461
1.37596,0.0312415
1.30592,0.631872
1.02151,0.575187
1.46763,0.0941134
1.05382,0.221194
1.19834,0.272946
1.36459,0.240546
1.26483,0.203114
1.02496,0.476123
0.850296,0.609124
1.42376,0.338166
0.929337,0.617119
1.17875,0.204914
0.83321,0.181018
1.43831,0.346307
1.43213,0.801751
1.27736,0.255145
0.943356,0.477705
0.987891,0.0750383
1.3334,0.754301
1.28309,0.613898
1.05429,0.379774
1.48393,0.662794
0.814836,0.839396
1.04302,0.131912
1.29877,0.842106
1.20248,0.698495
1.47697,0.72124
1.30701,0.563637
1.02215,0.844059
1.40145,0.160754
0.980399,0.467833
1.22823,0.588786
1.09532,0.230973
1.01064,0.0387619
1.01063,0.89318
1.2768,0.762628
1.24346,0.230727
0.835618,0.991673
1.38926,0.44679
1.48379,0.618146
1.15514,0.752805
1.15978,0.822813
1.31424,0.875725
1.31503,0.829286
1.17965,0.701218
1.20876,0.168596
1.48876,0.774098
1.32112,0.476079
1.03924,0.563454
0.811795,0.393929
1.03852,0.13383
1.49737,0.155148
1.11137,0.279527
1.31548,0.175511
1.15944,0.546302
0.923125,0.682277
1.022,0.643848
1.25247,0.265942
1.29716,0.389136
1.27439,0.871306
1.25646,0.0601208
1.45047,0.841487
1.14371,0.778862
1.21899,0.519045
1.37282,0.630339
0.939653,0.780568
0.816646,0.82013
1.42635,0.70584
1.08006,0.705203
0.819234,0.310646
1.49276,0.0337238
0.865314,0.280687
1.15055,0.391323
1.06959,0.321383
1.19359,0.0987302
1.13547,0.628386
1.33588,0.18351
0.967234,0.186588
1.33067,0.716292
1.23121,0.610963
0.958785,0.116402
1.3913,0.701444
1.36881,0.26935
1.20553,0.353296
1.06757,0.577967
1.33548,0.426233
1.34155,0.11926
1.1256,0.637413
1.18833,0.531396
0.86138,0.138292
1.00014,0.41878
1.01765,0.763931
0.928514,0.112124
0.897127,0.964913
1.36755,0.228628
1.23738,0.395861
1.25562,0.575089
1.28632,0.666406
1.3788,0.801881
1.18582,0.989241
1.47002,0.316241
1.29168,0.488582
1.19457,0.310657
1.07068,0.648028
1.49587,0.946478
1.32892,0.294348
1.18853,0.198354
0.874909,0.174659
1.46478,0.401768
1.37892,0.349949
0.984464,0.559683
1.37211,0.0845989
1.42615,0.446955
0.984967,0.0257062
1.42002,0.310095
1.48529,0.337986
1.10594,0.162459
1.35624,0.343433
1.09347,0.914844
1.24684,0.0813136
0.886924,0.103569
1.28948,0.534463
1.27182,0.537171
1.41535,0.787503
1.27726,0.635162
1.01817,0.574925
1.11146,0.738419
0.884226,0.38458
1.04528,0.912993
1.08345,0.849826
1.11717,0.784869
1.35755,0.998764
0.95088,0.697303
1.48478,0.197275
0.835202,0.0431781
1.21351,0.516406
1.42409,0.659052
1.34332,0.0420761
1.4448,0.0817108
0.918344,0.49735
1.06979,0.903145
1.0336,0.945276
1.30476,0.0473118
1.16025,0.600269
1.27791,0.642023
1.4867,0.385827
1.31273,0.303651
1.15532,0.820029
1.00328,0.364605
0.889747,0.728221
1.34096,0.722982
1.16265,0.332405
0.848719,0.929065
0.918464,0.937838
0.976161,0.695913
1.24972,0.70134
0.983648,0.326514
1.21037,0.270756
1.39251,0.207912
0.817633,0.586058
0.903231,0.204797
0.831662,0.572152
1.25839,0.923197
1.16039,0.0430467
1.16721,0.871217
0.902757,0.882465
1.25675,0.882244
1.22011,0.796919
1.29563,0.645236
1.40103,0.688613
0.820019,0.250635
0.843924,0.708163
1.00648,0.40457
0.979364,0.0921562
1.44148,0.611907
1.02323,0.242589
1.27429,0.904873
1.43008,0.9504
1.35402,0.116168
1.37795,0.312171
0.827999,0.643045
0.830195,0.667298
1.30441,0.0664242
1.30858,0.633694
0.855107,0.734094
1.11505,0.806257
1.47123,0.396489
1.24482,0.929341
1.3452,0.690965
1.1403,0.291052
0.855752,0.578989
1.06479,0.971191
0.885792,0.215501
1.36017,0.132785
1.36785,0.959134
1.42257,0.351574
0.987512,0.0592859
1.3706,0.790169
1.17523,0.50386
0.976129,0.0755199
1.09003,0.120414
1.35265,0.583585
1.42617,0.0730212
0.802892,0.613389
1.274,0.563029
0.881765,0.95245
1.3067,0.163677
1.20784,0.30999
0.98993,0.814624
1.057,0.225805
1.16064,0.665362
0.842303,0.204337
1.48333,0.629437
0.97012,0.410148
1.4672,0.798401
1.11398,0.112268
1.02296,0.309857
1.32047,0.727781
1.25879,0.0921734
0.951089,0.216334
1.07682,0.155308
0.956862,0.86365
0.811779,0.93708
1.2395,0.041174
1.11313,0.511281
1.43009,0.757506
1.05346,0.487678
0.966101,0.371172
1.4389,0.117506
1.21513,0.997528
1.06902,0.360457
1.28835,0.624215
0.898807,0.347648
0.918083,0.712675
1.21831,0.648473
1.16081,0.436476
1.34259,0.340614
1.38504,0.823503
0.922826,0.768301
0.846278,0.790146
0.947005,0.658437
1.10395,0.771816
1.43357,0.572678
0.917374,0.677689
0.972146,0.893339
0.805978,0.510561
1.45018,0.851586
1.39659,0.512083
0.928194,0.0912357
1.37609,0.333524
0.806361,0.391129
0.906877,0.0771657
1.46749,0.647377
1.25869,0.626501
1.40032,0.654941
0.844227,0.900647
1.3951,0.946135
0.80483,0.668731
1.26867,0.733899
1.22439,0.6701
1.44283,0.0380562
1.46424,0.984121
0.855835,0.908062
1.16602,0.626671
0.99954,0.171942
1.31079,0.282675
1.00416,0.764472
0.902275,0.597975
1.17777,0.4821
1.21168,0.709439
1.25965,0.0517926
1.42404,0.148992
0.874128,0.361647
1.268,0.171347
1.44253,0.265279
1.26052,0.424503
1.31074,0.980223
1.15516,0.394576
1.36216,0.940344
1.2292,0.1044
0.894904,0.124288
1.42612,0.679168
1.40325,0.63348
1.03519,0.847217
1.02122,0.845176
1.4292,0.569485
1.1873,0.710123
1.16376,0.933206
1.1511,0.142793
0.851846,0.168883
1.43255,0.507904
1.04424,0.619537
1.27158,0.0900423
1.40373,0.417154
1.44996,0.296937
1.40689,0.293903
1.44477,0.25822
1.17154,0.0204477
1.19142,0.574574
1.25377,0.295908
1.48525,0.333069
1.40973,0.253828
1.41008,0.680569
1.46686,0.198843
1.10002,0.285163
1.43506,0.651988
1.27123,0.393328
1.20262,0.118615
1.34955,0.482018
0.882163,0.671164
1.11927,0.300544
1.12655,0.667737
1.09493,0.295725
1.12941,0.0908997
1.00438,0.555676
1.24787,0.675151
0.994685,0.134502
1.21216,0.681603
0.958297,0.640963
0.912703,0.143572
1.15284,0.589643
1.28575,0.596322
1.26908,0.0413464
1.45158,0.120438
1.37507,0.700554
1.19436,0.658459
1.46672,0.115457
0.885888,0.485416
1.29607,0.228996
0.885524,0.128726
1.28439,0.704685
0.892957,0.0405001
1.23115,0.795771
0.856418,0.856724
1.34996,0.748787
1.44839,0.381375
1.48677,0.575789
0.936456,0.981653
1.03788,0.0421903
0.803871,0.211669
0.891977,0.217276
1.06111,0.360766
1.26549,0.559583
1.06557,0.885273
1.46911,0.0518474
1.42637,0.743048
1.02103,0.404357
1.17502,0.0373841
0.872184,0.385094
0.809726,0.28031
1.48119,0.0242307
1.27614,0.137001
1.28945,0.864113
0.989906,0.873329
1.28399,0.431132
1.49214,0.709616
1.09442,0.344756
1.26437,0.783313
0.806147,0.237186
1.36203,0.368491
1.40283,0.374317
0.879678,0.333601
1.10697,0.256228
1.30407,0.362827
1.31994,0.791407
1.27211,0.99223
1.49514,0.700314
0.954444,0.919142
0.829666,0.352227
1.26157,0.591125
1.12851,0.364166
1.14489,0.930762
1.37497,0.530466
0.913051,0.774418
1.04603,0.617231
1.22505,0.309349
1.07974,0.812474
1.10346,0.851813
1.43156,0.849241
1.37428,0.72718
1.33097,0.646054
1.00004,0.893772
0.926342,0.70471
1.00071,0.625211
1.39478,0.136103
1.03378,0.788545
0.86766,0.466889
1.49409,0.944437
1.25908,0.695074
1.34038,0.215148
0.871277,0.0220751
1.16899,0.73689
0.889804,0.0925537
1.15474,0.624383
1.13146,0.466636
1.33802,0.34743
1.19996,0.126091
1.05848,0.1681
1.20403,0.758777
1.31856,0.0460349
1.42055,0.595683
1.0726,0.374433
1.00883,0.166531
1.02856,0.932464
1.25595,0.377024
0.912133,0.844568
1.34173,0.27386
1.13317,0.806053
0.804828,0.896053
1.47659,0.925295
1.35841,0.538008
1.4319,0.828172
1.32378,0.914633
1.12654,0.194356
1.03647,0.393822
1.036,0.707286
1.3899,0.833705
1.34373,0.16208
1.03603,0.932408
1.47571,0.638748
1.39959,0.403769
1.49664,0.130271
0.863664,0.190026
0.938587,0.233146
1.11027,0.614308
0.905233,0.649052
1.41032,0.592101
0.879978,0.368383
0.956062,0.258937
1.11448,0.232283
1.11921,0.0880926
1.40995,0.609633
1.26331,0.339639
0.893512,0.488974
0.921843,0.0264161
1.01124,0.129518
1.18075,0.809929
1.39209,0.408022
1.24645,0.876688
1.42307,0.352955
1.4384,0.532929
1.20316,0.176129
1.34983,0.775257
1.07352,0.695933
1.33247,0.201187
1.49498,0.171561
1.1244,0.217254
1.12422,0.199026
1.00865,0.258891
1.40731,0.363261
0.928161,0.353912
1.3815,0.659432
1.31881,0.3438
1.13715,0.359068
1.13038,0.639058
1.26607,0.0648137
1.05238,0.271863
1.18633,0.911836
0.95957,0.0974054
0.933593,0.231759
1.2852,0.114162
1.2705,0.926456
1.03011,0.600857
1.28743,0.666373
1.42282,0.887736
0.939256,0.0632039
1.0677,0.987624
1.49203,0.067808
1.11302,0.613214
0.822141,0.607797
1.33906,0.621281
1.12657,0.749933
1.48069,0.499608
1.07722,0.102894
1.26117,0.468013
0.996646,0.301349
1.46068,0.64039
1.05039,0.144991
1.12858,0.0583187
1.45715,0.90446
0.81684,0.917103
1.33673,0.992574
1.00055,0.133208
0.941066,0.0858827
1.20366,0.75677
0.832541,0.894125
1.0212,0.244651
1.37098,0.52421
1.1057,0.853534
1.45754,0.662473
1.30552,0.0440546
0.846208,0.382435
0.908349,0.591226
1.10419,0.465415
1.20149,0.12575
1.21587,0.998049
1.38875,0.203587
1.11248,0.336432
0.921819,0.472802
1.20239,0.491467
1.12827,0.251689
1.10859,0.550918
1.11409,0.875548
0.942509,0.232057
1.18919,0.580384
0.96635,0.230223
1.05944,0.336403
0.914594,0.351286
1.45597,0.0616114
1.44032,0.473508
1.24984,0.805782
1.01172,0.229396
0.97066,0.428831
1.31224,0.7622
1.12342,0.367425
1.45692,0.268021
1.29446,0.926408
0.882088,0.410273
1.27235,0.309105
1.02463,0.948161
1.19474,0.266121
1.37898,0.605655
1.37752,0.0501721
1.02777,0.280679
1.18967,0.415801
0.9131,0.302809
0.873443,0.866284
0.936504,0.17374
0.808266,0.507758
1.42068,0.975235
1.1214,0.106319
1.1939,0.967796
1.25516,0.99213
1.08912,0.161761
1.33181,0.0368909
0.846349,0.857026
1.1549,0.224074
1.31346,0.642358
0.8142,0.162071
1.25358,0.126715
1.45775,0.377448
1.31039,0.971918
1.2496,0.251541
0.924076,0.759112
1.28731,0.26377
1.03072,0.519299
1.1904,0.529799
1.33677,0.932329
1.23017,0.423158
1.18085,0.618735
1.29345,0.868832
0.837115,0.33744
0.928359,0.0897759
1.42031,0.495626
1.12651,0.758098
0.981226,0.53066
0.995273,0.94926
1.46725,0.672331
0.960243,0.0916551
1.06932,0.530614
1.37803,0.538425
1.17459,0.880154
0.812932,0.694031
1.06308,0.542839
1.21484,0.924731
1.45193,0.849864
1.12237,0.940036
1.02364,0.102161
0.909137,0.472062
1.18872,0.983295
1.12351,0.645047
1.21011,0.112384
0.914146,0.0483225
1.21148,0.564304
1.17459,0.881779
0.938679,0.439937
1.2933,0.108541
0.896758,0.499653
1.36368,0.416785
1.21572,0.566978
0.905011,0.310059
1.39352,0.927034
1.02587,0.521335
1.35279,0.229926
1.1678,0.975488
1.07607,0.966149
1.14595,0.141584
1.02935,0.140391
1.35146,0.0330384
0.80061,0.40826
0.987883,0.620341
1.07046,0.176224
0.83926,0.675397
0.904321,0.593774
1.2185,0.546617
0.986464,0.817408
0.810047,0.683378
0.819726,0.727341
1.38923,0.134681
1.14002,0.39569
1.30659,0.53467
1.00176,0.964235
1.42041,0.855868
1.01085,0.838564
0.942274,0.515526
0.868862,0.567476
1.46682,0.923587
1.35031,0.729996
1.36773,0.47657
0.925834,0.979057
0.881625,0.480858
1.25442,0.987873
1.35326,0.318764
1.37134,0.62942
0.847386,0.256135
1.09734,0.326352
1.12142,0.885635
1.29298,0.0430961
1.19507,0.268189
0.951905,0.161687
1.31202,0.951857
1.04714,0.28634
1.17911,0.7458
0.936861,0.43458
1.02793,0.0637728
1.14911,0.208544
0.982502,0.694414
0.978158,0.140839
1.14948,0.609787
0.917248,0.546861
1.46997,0.121993
0.846919,0.0761821
1.49618,0.627247
1.20769,0.697588
1.19294,0.627245
1.26514,0.30186
1.1781,0.197013
0.942312,0.461487
1.32862,0.391867
0.812509,0.386933
1.24184,0.0536624
0.83192,0.575316
0.85392,0.519278
0.901285,0.436204
0.979997,0.411834
1.07457,0.630976
1.40282,0.33354
0.951392,0.573407
1.39408,0.639733
0.900712,0.284446
1.02858,0.278673
1.25886,0.917311
1.17379,0.762766
1.2645,0.090796
0.841903,0.38766
1.28114,0.824837
1.02847,0.875361
1.16503,0.848466
1.00735,0.279814
1.41043,0.0730079
0.992097,0.868731
0.988751,0.471442
0.946603,0.0311366
1.19264,0.551571
1.43056,0.217357
0.824146,0.798523
1.01034,0.973214
1.07567,0.543204
0.969402,0.177979
1.34549,0.544746
1.20804,0.275232
0.846113,0.518142
1.36438,0.274321
0.888193,0.262421
1.30854,0.514891
1.35006,0.0719832
1.39778,0.487173
0.939993,0.616473
1.31168,0.950648
0.803787,0.361631
1.34135,0.383344
1.29043,0.442474
1.40527,0.860325
1.40144,0.451471
1.15603,0.205777
0.991274,0.192659
1.44837,0.028272
1.04733,0.621077
1.23763,0.923454
1.13756,0.12334
1.31514,0.184391
1.1316,0.980094
1.14808,0.306488
0.805264,0.835615
0.935692,0.0833163
1.1059,0.104046
1.39293,0.0724405
1.40109,0.784525
0.940407,0.625265
1.07851,0.672738
1.0744,0.195484
0.836485,0.423971
1.24101,0.353225
1.20522,0.898222
1.13309,0.94149
1.30088,0.794244
0.994112,0.754638
1.23881,0.43827
1.02402,0.525378
1.04968,0.630167
1.14234,0.629522
0.808787,0.256445
0.865464,0.124704
1.22628,0.475554
1.23473,0.345255
1.16807,0.825608
1.25917,0.367791
1.44074,0.847926
1.20753,0.107492
0.897178,0.83353
1.38529,0.290367
1.19809,0.958776
1.28553,0.640292
1.07635,0.0206763
1.20173,0.713703
1.10267,0.462584
1.33657,0.372791
0.821422,0.542305
1.38985,0.578117
1.13316,0.829375
1.09358,0.206358
0.949984,0.403833
1.40317,0.21375
0.901671,0.342153
0.827996,0.64457
0.826118,0.948589
1.04772,0.290149
0.824864,0.184604
1.08348,0.31867
1.41995,0.392386
1.00854,0.692111
1.26912,0.210436
0.829002,0.259398
0.816003,0.5615
1.22452,0.38343
1.46588,0.0404116
1.23672,0.913094
1.01599,0.610914
1.07959,0.761653
0.977161,0.700301
1.10487,0.936932
1.01838,0.0649114
1.12843,0.844567
0.989007,0.990649
1.09177,0.45354
0.869171,0.113465
1.10149,0.022975
0.964318,0.0486164
1.17483,0.105819
1.20815,0.390146
1.317,0.0980056
1.06266,0.69386
0.808057,0.236907
1.30982,0.969552
1.47234,0.267426
1.00392,0.673544
1.27441,0.247226
1.14526,0.318428
1.28019,0.230012
1.16081,0.332359
0.861408,0.568858
0.918738,0.46675
0.91664,0.458891
1.13254,0.990175
1.16778,0.792967
1.08742,0.0960649
1.12696,0.802771
0.964598,0.499794
0.966581,0.737037
0.865217,0.820564
1.11405,0.72593
0.908816,0.342192
1.20857,0.141358
1.03683,0.909426
1.23914,0.52094
0.99109,0.761269
0.94769,0.749793
1.32684,0.497059
1.2823,0.186903
1.34528,0.60568
0.839157,0.91804
0.918226,0.147358
1.2155,0.217225
1.47624,0.0654236
1.21403,0.941094
1.32379,0.243215
1.07494,0.420512
0.882155,0.751562
1.26046,0.413957
0.883143,0.666502
0.819016,0.267682
0.836914,0.611476
0.862146,0.413861
1.09034,0.501208
1.14549,0.046679
0.874378,0.0963819
0.933996,0.379915
0.880525,0.831969
1.42382,0.268405
1.30363,0.617971
1.31572,0.370189
1.12702,0.0641223
0.926913,0.342324
1.2543,0.656509
1.03032,0.303101
0.817733,0.389347
0.895212,0.222516
0.810132,0.773608
0.977918,0.714688
1.35253,0.0698664
1.4921,0.956945
0.861813,0.543481
1.37134,0.26358
1.02744,0.964767
0.8931,0.994626
1.49342,0.451062
1.06982,0.255037
1.22243,0.80025
1.05091,0.651331
1.38088,0.941543
1.02398,0.565186
1.23305,0.251892
1.13107,0.767451
1.39343,0.12911
1.01228,0.626773
1.15731,0.858978
1.0569,0.497865
1.25323,0.747583
0.898741,0.278326
0.916485,0.465208
1.47804,0.336034
1.13752,0.579021
1.23807,0.890395
1.45959,0.111564
0.877421,0.872932
1.2774,0.900723
1.4935,0.897181
1.33113,0.273024
0.985852,0.429432
1.17053,0.179316
1.20857,0.96149
1.44008,0.162114
1.10194,0.890342
0.952747,0.528196
1.39547,0.493625
0.899715,0.955365
1.45607,0.902127
1.31794,0.626853
0.895439,0.426899
1.39093,0.592929
1.18896,0.139542
1.49415,0.82137
0.824927,0.929706
1.08937,0.102236
1.27473,0.453276
1.34532,0.153038
1.36808,0.699015
1.26914,0.834691
1.42287,0.129122
1.22046,0.968621
1.41545,0.53067
1.16522,0.513856
1.09121,0.493827
1.16146,0.822617
1.39878,0.37697
0.944598,0.700303
1.15402,0.457182
0.873166,0.483614
1.4673,0.172696
1.43653,0.849039
0.963744,0.565715
1.44011,0.928733
1.06207,0.893756
1.19623,0.0372754
0.916207,0.046205
0.865585,0.13885
1.4921,0.0732024
1.13598,0.993193
1.25528,0.899268
1.2506,0.568554
1.27765,0.837405
0.918539,0.967237
1.32384,0.571086
1.21937,0.748262
0.864857,0.104438
1.32833,0.965561
0.826367,0.890145
1.26877,0.60017
0.900914,0.441168
1.3483,0.16221
0.903964,0.0627327
0.951513,0.34588
0.848131,0.997777
0.876888,0.225536
1.17692,0.56404
1.16245,0.0408295
0.937517,0.65744
0.81855,0.231367
0.955692,0.656812
1.25744,0.946868
0.906128,0.838879
0.860802,0.0572953
1.08299,0.878192
0.974306,0.135889
1.43175,0.788957
1.36621,0.483564
0.837167,0.537039
1.00762,0.297517
0.88042,0.0525541
0.909769,0.828346
1.262,0.120871
0.818584,0.188466
1.29706,0.98703
1.14886,0.0590535
1.33846,0.246887
1.28473,0.768105
1.31998,0.672263
1.00636,0.529497
1.23827,0.871683
0.939316,0.881596
1.13891,0.19634
0.924138,0.0668527
1.24916,0.238741
1.15773,0.295243
1.03692,0.381676
0.934017,0.571825
0.950583,0.975045
1.20403,0.258079
1.09652,0.549682
0.897613,0.468431
1.2595,0.0973081
0.822155,0.764792
1.25717,0.616909
1.01191,0.0780938
1.18779,0.321224
1.28658,0.0502229
1.09221,0.871326
1.38152,0.66096
1.09609,0.163322
1.14872,0.215725
0.914532,0.966278
0.916256,0.193654
0.980365,0.0727841
0.876358,0.959303
1.2215,0.0271031
1.27306,0.29694
1.39673,0.671522
1.32232,0.442198
1.28811,0.124722
1.10463,0.957663
1.46202,0.105884
1.1636,0.889434
1.03522,0.704296
0.904752,0.241368
1.39557,0.730956
1.10169,0.407598
0.934879,0.628645
1.37839,0.450686
1.09951,0.0555782
0.942021,0.987823
1.07724,0.71908
1.04604,0.435124
1.09169,0.983586
1.05125,0.976866
1.19537,0.302097
1.10631,0.430582
1.2003,0.730145
1.43285,0.860431
0.843905,0.269451
1.01711,0.338242
1.33037,0.60233
1.20587,0.422617
0.999127,0.0982548
1.15495,0.559922
1.27549,0.753598
1.05371,0.294926
1.10174,0.378477
1.23363,0.146338
1.21716,0.701568
1.02668,0.916958
1.18786,0.616842
0.847237,0.109831
1.17556,0.424883
1.16006,0.0805891
0.881591,0.453373
1.06743,0.347904
0.857632,0.122886
1.27457,0.422156
0.813776,0.0544773
1.34214,0.569653
1.4241,0.589092
0.930528,0.89033
1.02037,0.465578
1.09452,0.883359
1.17635,0.666977
1.26727,0.779064
1.28682,0.368557
1.49412,0.711273
1.4999,0.593601
1.43264,0.459253
1.21159,0.435024
0.904334,0.905589
1.01598,0.514494
0.840446,0.166384
0.805604,0.840002
0.841067,0.333079
0.983755,0.0727661
1.1571,0.671737
1.07131,0.749486
1.21143,0.191742
0.822525,0.963128
0.945068,0.578966
1.21157,0.721649
1.37362,0.625696
0.934032,0.923735
1.47388,0.437971
1.49166,0.160297
1.14439,0.101141
1.39711,0.931465
1.2016,0.488954
1.43859,0.751183
1.14181,0.301678
1.17492,0.73868
0.809701,0.478474
1.08762,0.84969
1.23004,0.944687
0.937048,0.662466
1.15881,0.652643
1.02623,0.537838
0.86751,0.453565
0.932787,0.877559
1.27209,0.882541
1.45505,0.866798
1.45332,0.432037
0.994604,0.568373
0.813834,0.397432
1.28364,0.145479
1.3644,0.852661
0.850182,0.722311
1.44625,0.554731
1.01353,0.875282
0.800221,0.0269669
1.01211,0.944361
1.39949,0.845611
0.80492,0.501359
1.03911,0.254662
0.965604,0.392752
1.27534,0.87991
1.07039,0.179429
1.25898,0.25259
1.13731,0.575909
1.42224,0.881693
1.2784,0.984508
1.09462,0.223446
1.21232,0.0618458
1.05491,0.324074
1.10002,0.381688
1.46743,0.696592
0.94466,0.456568
1.05535,0.102196
1.12636,0.876854
0.931626,0.644043
1.137,0.637039
1.40706,0.0455649
1.46893,0.961369
1.11071,0.964806
1.32078,0.887814
0.800961,0.200281
1.17319,0.109431
1.41387,0.244487
1.13552,0.913142
1.40889,0.407455
1.15152,0.0224769
1.38994,0.142197
1.33829,0.664727
0.994168,0.0913538
1.0777,0.0909113
0.985975,0.573026
0.933914,0.642992
1.29556,0.500924
1.20774,0.726948
1.34183,0.0935606
1.43604,0.418658
1.47484,0.416034
1.41796,0.99784
0.920604,0.792256
1.21076,0.883002
0.870783,0.831933
0.857499,0.228746
1.42148,0.453004
1.09513,0.256958
0.841238,0.442784
1.3656,0.293927
1.03163,0.377403
1.32504,0.193163
1.48612,0.423463
1.10034,0.824098
1.13172,0.0765198
1.19831,0.285718
0.999569,0.343578
0.803161,0.517841
1.27394,0.785041
1.34405,0.742573
1.47896,0.189901
1.22024,0.70213
0.891544,0.162051
0.873983,0.974015
0.966568,0.143305
1.18694,0.662191
0.908776,0.502921
1.07459,0.433709
1.0937,0.0737633
1.27059,0.966289
1.37156,0.39584
1.20993,0.945423
1.3474,0.175396
1.26425,0.407825
1.19783,0.525591
1.39678,0.296343
0.955023,0.791884
0.822122,0.163958
1.05725,0.401791
1.04922,0.850613
1.29416,0.984306
0.827796,0.935763
1.11721,0.714324
0.997102,0.308373
1.49774,0.0352876
1.43179,0.929271
1.26241,0.335802
0.972919,0.285441
1.11138,0.451982
0.889975,0.799407
1.48611,0.766337
1.49275,0.626725
1.46781,0.186415
1.31311,0.710659
1.29024,0.216996
1.17769,0.761579
1.4559,0.499537
1.44647,0.322104
1.35249,0.874238
1.4554,0.721554
1.09652,0.410626
0.914206,0.739033
1.27499,0.714986
1.11512,0.201094
1.49036,0.54309
