0.1254,1.1e-08
1.08981,0.601276
0.568063,0.110361
0.235575,0.327335
0.195624,1.1e-08
0.0386433,0.180639
0.752922,0.42221
0.512567,1.1e-08
1.16185,1.1e-08
0.151887,0.352029
0.836064,0.270057
0.670837,0.0173059
0.524852,1.1e-08
1.53558,1.1e-08
0.293636,0.634449
0.0471117,0.0987519
0.699735,0.668478
1.00459,0.875603
1.1e-08,0.0891561
0.328654,0.120568
0.152803,0.720561
0.989202,0.613969
0.940663,0.0885575
0.458414,0.729469
0,1.1e-08
1.1e-08,0.0493786
-1.52139,-0.198826
1.46731,0.338191
1.14217,0.0777788
0.725996,0.137911
0.503815,0.177729
0.773591,0.384604
1.1e-08,0.290276
0.168883,0.359603
0.0836871,0.596193
1.44686,1.1e-08
0.868486,0.253127
0.678172,1.1e-08
0.0331643,0.49583
0.365535,0.146732
0.381306,0.261494
0.0981186,0.322724
1.46121,1.1e-08
0.0587269,0.40671
0.759755,1.1e-08
1.12016,0.423963
0.0480549,0.589999
1.2883,1.1e-08
0.168337,1.1e-08
1.43749,1.1e-08
1.30828,0.437403
0.5014,0.464455
0.864977,0.215641
0.689911,0.133625
-2.45998,-0.383474
0.642194,0.154213
1.46361,0.0936902
1.06878,0.0833356
1.1e-08,0.911112
0.921187,0.338576
0.469718,0.0407436
1.1e-08,0.212095
1.09516,0.0971841
1.1e-08,0.0339982
1.50211,0.0216725
1.1e-08,0.0917659
1.1e-08,0.571186
0.818814,0.60474
0,1.1e-08
1.30502,0.0700608
1.06841,0.0143623
0.0905876,1.1e-08
0,1.1e-08
0.188107,0.262748
1.1e-08,0.326966
0.556761,1.1e-08
0.348434,0.090075
0.325024,0.0251698
0.654208,0.205011
-3.01647,-1.10246
0.12648,0.19724
1.1e-08,0.280265
-0.382243,-0.0247805
0.786394,0.146121
1.23477,0.746359
0.689436,1.1e-08
0.246022,0.518585
0.813741,0.0226618
0.303454,0.737302
0.626434,0.114459
0.0545126,0.042777
1.36612,1.08254
1.1e-08,0.385182
-3.25596,-1.10251
0,1.1e-08
0.797686,1.1e-08
0.373345,0.653125
0.306875,1.1e-08
0,1.1e-08
1.22113,0.0954229
0.186227,0.199633
0.116807,1.1e-08
0.0699242,0.0370957
1.30316,0.0545712
1.03846,0.105943
0.0590948,1.1e-08
0.329886,0.353008
1.01634,0.0144876
0.733287,0.0497424
1.1e-08,0.785932
0.431225,0.485413
0.164363,1.1e-08
1.37563,0.359569
0.178346,1.1e-08
0.724252,1.1e-08
0.619885,1.1e-08
0.497189,0.303673
0.54513,0.227906
1.12929,1.10495
0.163433,0.256975
1.1e-08,0.155713
0.209297,1.1e-08
0.00883063,0.397524
0.641392,1.1e-08
0.0419593,1.1e-08
0.117858,0.322782
1.41732,1.1e-08
1.00887,0.276236
0.113954,1.1e-08
0.501614,0.246527
0.913378,0.142773
1.07122,1.1e-08
0.429939,1.1e-08
0.409552,0.613429
0.433511,0.35563
0.848797,0.00880936
1.06756,0.152185
0.985313,0.0572722
0.23939,0.354729
0.50088,0.360029
0.124678,0.0955224
1.54407,0.312395
0.0816859,1.1e-08
1.1e-08,0.25461
1.50859,0.00748722
1.2836,0.339633
1.23716,0.197426
0.103326,0.254423
0.135665,0.576039
1.62714,0.335915
0.509137,1.1e-08
-3.77074,-1.91062
0.365799,0.190796
1.1e-08,0.640589
0.0114771,1.1e-08
-1.01421,-0.146442
0.180303,0.537473
1.59649,0.0795254
1.19299,0.383175
1.60651,0.0287522
0.186766,0.752676
1.62714,0.0322522
0.937872,1.1e-08
0.00966946,0.0865141
1.14748,1.1e-08
0.286573,1.1e-08
1.55716,0.255678
1.1e-08,0.146759
1.07363,0.259991
1.38415,1.1e-08
0.589395,0.797577
0.449194,0.762095
1.49657,0.468497
0.114372,0.294545
1.17892,0.044597
0.848704,0.120837
1.1e-08,0.842025
1.1e-08,0.226872
0.0520377,0.668065
0.133003,1.1e-08
0.469635,0.267567
1.23487,1.1e-08
0.515271,0.127643
0.542015,1.1e-08
0.96766,1.1e-08
0.828782,0.0732814
0.10897,1.1e-08
0.659019,0.321319
-3.43314,-1.34787
0.599328,0.24697
0.393995,0.979896
1.28194,1.1e-08
0.631751,0.734648
1.24178,0.270439
-6.04201,-2.94136
0.917925,1.1e-08
0.824963,0.0836648
0.013781,1.1e-08
1.1e-08,0.487236
0.84441,0.50145
0.309112,0.43952
0.87054,0.689252
1.355,0.00201853
0.35042,0.00784433
0.176973,0.340892
0.286893,0.46424
0.944853,0.222523
1.1e-08,0.1906
0,1.1e-08
0.103107,0.115741
0.190369,0.0666355
0.609827,0.0485208
1.32953,0.274231
-3.90068,-1.34755
0.026135,0.361064
-2.46015,-0.88318
1.27403,0.626918
1.04628,0.0500247
1.02477,0.428375
1.0023,0.325237
0.846759,1.1e-08
0.0974977,1.1e-08
0.360118,0.354014
0.491267,0.0469079
1.29796,0.0972104
1.03176,1.1e-08
0.254023,0.0956729
1.1e-08,0.159947
1.1e-08,0.623494
0.964175,0.568552
0.919734,1.1e-08
0.287361,0.102547
0.951866,1.00814
0.998215,0.163481
0.795389,0.465206
0.387764,0.3827
1.1e-08,0.428088
0.113646,0.392366
1.30645,1.1e-08
0.222013,0.164076
1.02009,1.1e-08
1.09367,0.011306
0.0878252,0.554299
0.359452,0.306659
0.846651,0.151875
1.1e-08,0.305855
0.409368,0.0044929
0.874521,0.0460135
0.721537,1.1e-08
-1.05926,-0.041487
1.16786,0.289029
0.659405,0.645377
1.54564,0.495799
0.174076,0.00608602
0.104042,0.846492
1.20989,0.221023
0.107191,0.449949
-0.771278,-0.112934
0.342608,1.1e-08
0.0107252,0.146708
1.5505,1.1e-08
0.335793,0.723543
0.216871,1.1e-08
0.618571,0.358033
0.18879,0.116866
0.488697,0.00652828
1.62714,0.0220195
0.246373,1.1e-08
0.919961,0.438754
1.1e-08,0.418893
1.42499,0.0741464
1.1e-08,0.255316
0.628899,1.1e-08
1.62059,1.1e-08
0.32783,0.0631349
0.349431,0.38188
0.256161,0.731958
0.700457,1.1e-08
0.682262,1.1e-08
0.471923,0.63867
0.805968,1.1e-08
0.18736,0.308664
0.25761,1.1e-08
1.26048,0.381819
1.1e-08,0.42684
1.1e-08,0.74149
-4.91675,-2.57853
-2.30653,-0.200578
0.343913,1.1e-08
0.150489,0.0214357
0.293448,0.0356304
0.908264,0.305565
0.0712025,1.1e-08
0.481628,0.284208
0.969628,0.246025
0.460312,0.0131406
1.04696,0.749761
0.658234,1.1e-08
1.31684,1.1e-08
1.47937,0.257659
0.962924,0.0587493
1.13646,0.258657
0.555686,0.970699
0.0978608,0.0555956
1.37115,1.1e-08
0.000480964,1.1e-08
0.00452763,1.1e-08
0.413176,0.258252
0.115922,0.404174
0.879893,0.958371
0.748493,0.747689
0.38604,0.726351
1.62714,0.192732
1.10328,1.1e-08
0.95926,0.364474
0.507141,1.1e-08
1.1e-08,0.00246218
0.882594,1.1e-08
0.0876543,0.638391
1.1e-08,0.801972
0.652722,0.361078
0,1.1e-08
0.080684,0.154569
0.837052,0.367458
0,1.1e-08
0.0554972,0.54682
-0.374452,-0.023601
0.0606797,1.1e-08
0.701499,1.1e-08
1.1e-08,0.487533
0.158119,0.0534911
1.1e-08,0.148862
1.28953,0.141439
1.01132,0.533575
0.462586,0.597629
0.128424,0.12022
1.1e-08,0.266181
1.1e-08,0.421189
0.89809,0.0826288
0.44919,0.12933
0.227747,1.12293
1.19328,0.0960406
0.875723,1.03252
-5.32825,-2.934
0.651349,0.419036
0.00823392,0.109654
0,1.1e-08
0.187182,0.604865
0,1.1e-08
0.257396,0.206473
0.0818846,0.110442
1.46536,0.51034
0.117279,0.3609
1.10476,0.243079
0.905522,0.391391
0.0698012,0.322495
0.377648,0.775487
1.0095,0.215874
0.278005,0.0916888
0.30143,0.0681294
0.358754,1.1e-08
0,1.1e-08
0.0832001,1.1e-08
-2.36876,-0.696074
0.583066,0.17571
0.779325,1.1e-08
1.35149,0.400721
1.04547,0.687761
0.812638,1.1e-08
1.43038,0.183155
0.750379,0.190541
0.890313,0.458926
0,1.1e-08
0.793405,1.1e-08
0.39585,0.494595
1.36407,0.0342227
0.010608,0.69317
1.1e-08,0.351342
0.0446459,1.1e-08
0.403024,0.0570999
1.1e-08,0.147818
0.299737,0.31155
1.1e-08,0.586445
0.000802564,1.1e-08
0.211391,0.50194
0.433435,0.018802
0.544551,0.392035
-2.53323,-0.680009
1.08824,0.371814
0.0336273,0.329799
0.00503255,0.209433
1.1e-08,0.179814
0.11631,0.032499
-6.02808,-3.86818
0.223249,0.606634
0.643332,0.070267
0.725799,0.835116
0.963804,0.172881
0.941481,0.162531
0.297029,0.280375
1.18076,1.1e-08
0.259058,0.618776
0.121376,0.768011
0.584997,1.1e-08
0.291619,1.1e-08
0.572385,0.0860609
0.446967,0.2003
0.35619,0.415635
0.475792,0.118146
0.665739,1.1e-08
1.32699,0.310236
0.0931236,0.437764
0.313319,0.147729
1.2608,0.0862548
0.948406,0.476309
0.960239,0.0978348
1.1e-08,0.266491
1.11959,0.205051
0,1.1e-08
1.12768,0.0246338
1.29951,0.00806052
0.301718,1.1e-08
0.38829,0.458812
0.833267,0.865293
0,1.1e-08
0.480799,1.1e-08
0.739757,0.0055185
-1.54954,-0.106515
1.1e-08,0.0193382
0,1.1e-08
0.557907,0.743727
0.283731,0.219357
0.247579,0.796864
1.11872,0.0544547
-4.23719,-2.56222
0.0958085,0.37422
0.38895,1.1e-08
-5.66422,-3.54532
0.328925,0.0684916
0.833425,1.1e-08
0.662232,0.0433376
0.0444854,0.149832
0.394956,0.0335565
1.1e-08,0.440729
-4.85343,-3.33739
1.14422,0.312982
0.365707,0.0555674
0.534825,0.677702
0.432013,0.668504
1.59929,1.1e-08
0.621391,0.797921
0.0142403,0.518383
0.162407,0.212668
0.201295,1.1e-08
0.100367,0.00547249
0,1.1e-08
0.310258,1.1e-08
0.813611,1.1e-08
0.417327,0.225074
1.1e-08,0.317856
1.08432,0.199871
1.62714,1.1e-08
0.802579,0.357643
1.62715,1.1e-08
1.29893,1.1e-08
0.503572,0.542732
1.14919,0.0701901
1.44622,1.1e-08
1.25994,0.100691
1.2246,0.318727
0.234245,1.1e-08
0.119283,0.0300669
0.70522,0.375632
0.71741,1.1e-08
0.0709313,0.905347
1.60539,0.203163
0.383672,0.101843
0.0856618,1.1e-08
1.10044,0.163343
1.1e-08,0.665434
1.07175,0.449088
0.745473,1.1e-08
0.992179,1.1e-08
0.570875,0.428348
0.646251,0.529022
1.1e-08,0.939314
0.914896,0.0754595
0.236585,0.0476966
0.264868,1.1e-08
0.224529,1.1e-08
1.1e-08,0.229257
0.050382,1.1e-08
0.225247,0.199602
0.551782,0.248687
0.890515,0.191549
0.161934,1.1e-08
1.38196,0.310556
1.15183,0.394585
0,1.1e-08
1.1e-08,0.195432
0.118935,0.233654
0.0796961,0.706253
0.0973534,0.348826
1.29707,0.551845
1.10668,0.125635
0.711736,1.1e-08
-0.739726,-0.00296729
0.352118,0.279928
1.1e-08,0.469375
0.260907,0.372956
0.122412,0.530244
0.0910467,0.167187
0.268454,0.31237
1.1e-08,0.288336
-4.2029,-1.61699
1.20736,1.1e-08
0.155183,0.0532248
0.318656,0.134085
0.157583,0.588615
-1.98906,-0.516562
0.00174612,0.409501
0.0472258,0.113724
0.407826,0.563706
1.12802,1.1e-08
0.548589,1.1e-08
0.391682,1.1e-08
1.5002,-9.68784
0.135677,1.1e-08
0.399446,0.140475
-1.48632,-0.346671
0.369726,0.618505
1.1e-08,0.127625
0.332083,0.325671
0.163358,0.466765
1.54315,0.0377607
1.32716,0.0312016
0.456664,6.70903e-05
-0.675726,-0.0732949
0,1.1e-08
0.386965,0.125534
1.3255,0.513564
0.0669487,0.349616
0.328013,1.1e-08
0.942162,0.27157
1.02629,0.251518
0.0419006,0.456774
0.751695,0.0461364
0,1.1e-08
1.23696,0.995301
1.11058,0.0221026
0.208673,0.215951
1.1e-08,0.981444
0.0457552,0.0197985
0.226961,0.254745
0.604563,0.0116688
0,1.1e-08
0.00553116,1.1e-08
0.940392,0.401777
0.0241316,1.1e-08
0.0302418,1.1e-08
1.14031,0.113946
0.135201,0.338916
0.11486,0.474773
0.138918,0.216792
0.182492,0.383976
0.693606,0.321737
0.0718063,0.431538
0.182642,0.571422
1.1e-08,0.153823
0.605095,0.0897658
0.0745005,0.138538
1.1e-08,0.151351
0.383342,1.1e-08
0.748409,1.1e-08
0.608707,0.492163
0.387194,1.1e-08
1.43869,0.131732
0.836254,0.319181
0.572321,1.1e-08
1.10218,0.489896
1.16249,1.1e-08
1.14947,0.00132866
0.992542,0.145425
0.989185,1.1e-08
0.476927,0.398664
0,1.1e-08
0.31259,0.026731
0.913203,0.145928
0.0640842,0.513067
1.1e-08,0.95922
1.1702,0.0326002
0.416511,0.0654931
1.1e-08,0.0254745
1.54859,0.0278846
0.0918002,0.404179
0.646049,0.279177
0.428109,0.120854
1.19928,0.129167
1.09946,1.1e-08
1.02949,0.614919
1.1e-08,0.281105
1.62714,1.1e-08
1.08721,0.0663621
0.0614425,1.1e-08
0.59372,1.1e-08
0.735391,0.0200144
0.664164,0.00608023
0.0401866,0.455289
1.53005,0.0870517
1.37253,1.1e-08
0.386623,0.220844
1.1e-08,0.185997
1.35739,0.0544934
0.0309978,0.2583
0.0977922,0.22175
1.1e-08,0.484683
1.62714,0.132523
0.741745,0.541377
0.464251,0.554257
0.0681342,0.771016
1.1e-08,0.327981
0.862319,0.082101
0.42,0.314178
1.39179,0.0648397
0.351772,0.00016128
-1.18728,-0.146992
0.230278,0.559215
0.888944,1.1e-08
0,1.1e-08
0.794228,0.0670439
0.480886,1.1e-08
0.899582,0.118575
0.237213,0.302968
0.053329,1.1e-08
0.208551,0.646066
0.098744,0.520712
0.260619,1.1e-08
0.248511,0.468243
1.62033,0.0531225
0.245536,0.0321534
1.1e-08,0.0367785
1.36173,0.14441
1.18059,1.1e-08
1.02735,0.00570175
1.5228,1.1e-08
1.1e-08,0.0408157
1.27556,0.0285388
-2.07653,-0.243897
0.232456,0.125936
0.326038,1.1e-08
0.685038,0.510832
0.0946261,0.0509626
0.0878447,0.493377
0.0130402,0.424556
1.26933,0.18047
0.450573,1.1e-08
0.423729,0.18632
1.01156,1.1e-08
0.917282,0.608205
0.961863,1.1e-08
1.1e-08,0.0148286
1.1e-08,0.7633
0.599963,1.1e-08
0.311122,0.358706
0.825775,0.205425
0.487099,0.497003
0.540536,0.356339
-3.65576,-1.34754
1.1e-08,0.625937
1.1e-08,0.114645
1.41124,0.220435
0.747554,0.453805
0.938251,0.0421548
0.611153,0.226658
0.00523908,0.626811
0.334401,0.498026
-2.99879,-1.35044
-2.70583,-0.687599
-3.66207,-1.61705
0.54535,0.279183
0.278241,0.399281
0.575269,0.215683
-4.57167,-2.57391
1.50679,0.0537331
1.1e-08,0.00577546
0.0600502,0.0715973
0.68494,1.1e-08
0.207474,0.466753
-3.979,-2.20417
0.451808,0.50341
0,1.1e-08
0.698867,1.1e-08
0,1.1e-08
0.218345,0.0319115
0.262232,0.124567
-0.898945,-0.149006
0.0287895,0.0203465
0.783706,0.324742
0.896278,0.356907
-2.27134,-0.514536
0.114769,0.420302
-0.324561,-0.0248351
0.369861,1.1e-08
0.620304,0.679804
1.1e-08,0.0947016
0.920018,0.523754
0.35767,0.452178
-3.92322,-1.61699
0.426706,1.1e-08
1.19409,0.0745215
0.2254,0.280267
0.0980317,0.280538
0.474867,0.149606
0.361733,1.1e-08
0.915874,1.1e-08
0,1.1e-08
0,1.1e-08
0.475848,0.23011
0.207281,1.1e-08
1.26492,0.0721032
1.17419,0.63201
0.573931,1.1e-08
1.1e-08,0.532127
0.830112,1.1e-08
0.883064,1.1e-08
0.626637,1.1e-08
0.664108,1.1e-08
0.51943,0.167847
0.681261,0.052332
0.579799,0.274902
0.2982,0.120568
0.276126,0.15071
-1.36101,-0.147093
1.59344,0.160764
0.720262,0.022557
1.59444,1.1e-08
0.208533,1.1e-08
0.126691,0.125192
0.627027,0.0412029
0.324417,0.641302
1.25374,0.0435406
0,1.1e-08
0.355797,0.112917
0.168012,0.0144273
0.562489,0.0482118
1.62042,1.1e-08
0.436616,1.1e-08
0.145414,0.0189308
0,1.1e-08
0.41511,0.112139
0.00765941,0.440957
1.00858,0.730879
0,1.1e-08
0.660191,0.474051
0.149792,0.788246
0.898962,0.0206096
0.168594,1.04671
1.1e-08,0.0533621
0.625841,1.1e-08
1.1e-08,0.0107284
0.811466,0.174763
0.332887,1.1e-08
1.1e-08,0.669044
0.211198,0.112043
0.328574,0.401237
0.732017,1.1e-08
0.976122,0.204709
0.112071,0.667065
0.612758,0.277246
1.62714,0.256722
0.804562,0.424941
0.142572,0.282433
0.126381,1.1e-08
1.1e-08,0.02555
0.0385973,0.754045
0.282517,0.537638
0.679688,0.0869347
1.22399,0.395396
1.1e-08,0.178404
1.29048,0.724386
0.571059,1.1e-08
0.307905,1.1e-08
0.452974,0.430634
0.375308,1.1e-08
0.92585,0.183302
0.120041,1.1e-08
1.47207,0.176453
0,1.1e-08
1.04377,0.493805
0.987858,0.400215
0.651943,1.1e-08
0.705735,0.452856
0.669269,0.049271
0.811186,1.11624
0,1.1e-08
1.48836,1.1e-08
0.55752,0.160149
0.0784585,1.1e-08
0.757952,0.120108
1.21475,1.1e-08
-1.07007,-0.147148
1.45872,1.1e-08
0.526713,0.0352246
0.86516,1.1e-08
0.507349,0.397778
0.117875,0.716591
1.32837,1.1e-08
0.269872,0.335979
0.147325,0.241951
0.627625,0.563042
0.415316,1.1e-08
0.558348,1.39996
1.15344,1.49406
0.334654,0.225943
0.490057,0.436414
0.47827,0.697108
-1.86504,-0.246935
0.00202987,0.103794
0.952897,0.320699
1.21185,0.0370867
0.279392,0.15101
1.26444,0.438744
0.882472,0.0376834
0.859233,0.0391579
1.1e-08,0.0726479
1.07915,0.0470507
0.172124,0.410045
0.110755,0.0771143
-5.16197,-2.22791
0.857478,0.179049
0.172021,0.133413
0.738715,1.1e-08
0.114818,1.1e-08
0.583525,0.126899
0.628758,0.398887
-1.12566,-0.146928
-0.955578,-0.147754
0.265253,0.0507295
0.862354,0.658084
0.520073,0.626385
1.2614,1.1e-08
0.0746976,0.295062
0.00275245,0.544662
1.22522,1.1e-08
1.10718,1.1e-08
0.144204,1.1e-08
1.1213,1.1e-08
0.284835,1.1e-08
1.43132,0.622683
0.201541,0.845377
1.54216,0.146294
0.435618,0.289949
0.925463,0.857705
1.47518,1.1e-08
0.697527,0.0563714
0.204072,0.325692
0.0720776,0.824931
1.18703,1.08003
1.1e-08,0.382587
0.374192,0.328072
1.20259,0.278015
-4.083,-1.91139
1.15283,0.171837
1.23542,0.0100136
0.0495577,0.207349
0.470604,1.1e-08
0.827551,0.233719
0.16738,0.688151
1.1e-08,0.0105287
1.04336,1.1e-08
0.54843,0.0690356
0.807568,0.28635
0.305064,0.0904299
0.290049,1.1e-08
0.781186,0.231719
-4.5412,-2.2092
0.0237905,0.037307
0.87737,0.105764
1.1e-08,0.26515
1.20751,0.00310103
0.0799686,0.736988
0.177784,0.0916737
0.784245,1.1e-08
0.841804,1.1e-08
0.31541,1.1e-08
0,1.1e-08
1.25374,0.00583666
1.31754,0.363217
0,1.1e-08
1.1e-08,0.103032
-5.00919,-2.99855
0.149329,1.1e-08
1.1e-08,0.395519
0.189954,1.1e-08
1.1e-08,0.182028
0.789767,0.103726
0.0716203,0.377961
1.1e-08,0.0657269
0.0674943,0.0809419
0.866339,1.1e-08
0.506596,1.1e-08
1.01211,1.1e-08
0,1.1e-08
0,1.1e-08
1.07942,0.292999
0.894335,0.555294
1.25987,1.1e-08
1.43341,0.268243
0.111934,0.975071
0,1.1e-08
0.744607,0.0913688
-2.09204,0.0118906
1.0759,0.327075
1.13566,1.1e-08
0.908216,0.272547
0.00382769,0.0944723
0.136623,0.141331
0.529124,1.1e-08
0.252868,0.665429
1.25314,1.1e-08
0.836449,0.033507
0.240119,0.230154
-3.21803,-1.34463
1.1e-08,0.0430838
1.35948,1.1e-08
1.52691,0.22792
0.254452,0.268238
1.1e-08,0.410793
1.1e-08,0.127354
1.1e-08,0.0759139
0.00873411,1.1e-08
0.903635,0.0201998
1.3318,0.131009
0.111148,0.609979
1.62715,1.1e-08
-1.84992,-0.528398
0.0312129,0.97349
0.348266,1.1e-08
0.578072,0.36336
0.212864,0.0167181
0.398295,0.156547
0,1.1e-08
1.21854,0.142342
1.1e-08,0.0647836
1.40428,0.592129
0.327724,0.426622
0.130607,0.0398546
0.101708,0.0442046
1.46765,0.0186681
1.47596,0.0513465
0.942168,1.1e-08
-2.13002,-0.51433
0.386549,0.0886454
0.8327,0.549841
0.706653,0.0370226
0.280274,0.185136
1.1e-08,0.56285
1.38197,0.0465604
-5.71739,-3.33212
1.39419,0.163749
1.05433,0.227184
-1.29089,-0.0729936
-2.20149,-0.67978
0.257698,0.576344
0.869038,0.420108
1.1e-08,0.205777
0.0423748,0.625266
0.00149031,0.0585154
0.443509,0.0599586
0.629938,1.1e-08
0.430381,0.539596
0.155993,0.111103
1.15049,0.510639
1.1e-08,0.0873106
0.529432,0.503027
-4.83291,-2.23743
0.0153075,0.715494
1.28911,0.226036
0.115672,0.00346647
0.54464,0.131836
1.58591,0.0547015
0.481662,0.177398
1.18256,1.1e-08
1.0005,0.479091
0.443413,0.26041
0.302729,0.170926
0.109522,1.1e-08
0.807982,1.1e-08
0.980378,1.1e-08
0.141764,1.1e-08
1.06717,0.667929
1.1e-08,0.21419
0.0416582,0.382922
0.973946,0.145912
1.43077,0.0131341
0.264665,0.42759
1.55538,1.1e-08
0,1.1e-08
0.431126,0.451837
0.204621,0.00432421
1.18549,0.710206
0,1.1e-08
0.24804,0.0191105
-2.64015,-0.882304
0.151594,0.513737
1.50483,0.752037
0.758539,0.718126
1.04408,0.099731
-0.702631,-0.14525
0.256052,1.1e-08
0.20934,0.372829
0.223558,0.0839835
0.247694,0.152011
0.353235,0.149414
0.309391,0.524588
0.355354,0.03354
0.200474,0.0497581
0.0670043,0.175349
1.1e-08,0.0323562
1.24762,0.23055
1.30545,0.169612
0.0687056,0.452041
0.883854,0.150566
0.248038,0.0703864
-2.26925,-0.41136
-1.78633,-0.368442
0,1.1e-08
0.62315,0.313293
1.1e-08,0.792721
0.291478,0.685836
0.228086,0.119356
1.11843,0.288848
0.50587,0.0849385
0.528632,1.1e-08
0.345292,0.538315
0.0251349,0.230602
0.227516,0.427188
0.153595,1.1e-08
1.08272,1.1e-08
0.770612,0.0166622
0.267257,0.24448
1.1e-08,0.447464
1.25996,0.313664
0.384207,0.0164015
1.1e-08,0.350644
0.586167,0.0356049
0.966133,0.00814622
0,1.1e-08
-2.95566,-0.361888
0.449488,1.1e-08
1.54437,0.0804278
0.562029,1.1e-08
0.337085,0.842562
1.17403,0.111068
0.358992,0.241053
0.492283,0.0908622
0.863009,0.000634604
1.39939,1.1e-08
-0.339547,-0.0241785
0.97513,0.441011
-0.80616,-0.0646827
0.993738,1.1e-08
1.10169,1.1e-08
0.521542,0.325638
0.426933,0.0279489
0.134381,0.48639
0.387378,1.1e-08
0.448191,0.0572565
0.271184,1.1e-08
-5.66474,-2.93546
1.43172,0.0196738
0.533061,0.432799
0.0385088,0.427367
1.1e-08,0.10529
1.1e-08,0.171438
0.0311526,1.1e-08
0.52145,0.106368
0.708576,0.287656
1.1e-08,0.577999
1.1e-08,0.521431
0.782291,0.501806
1.18452,0.168302
1.03963,0.310318
0.0149789,0.820191
1.1e-08,0.0905309
0.346217,0.0863414
1.1e-08,0.0733048
0.939658,0.952213
0.714607,0.0401639
1.05908,1.1e-08
0.137656,0.00286758
0.71432,0.21111
1.1e-08,0.152562
0.275479,1.1e-08
0.134628,0.374942
0.0826786,0.678829
0.247795,0.539222
0.435125,0.0913139
0.791919,0.546453
0.748101,1.1e-08
0.747832,0.152513
1.27159,1.1e-08
1.1e-08,0.377714
-3.39709,-1.6169
0.0632003,0.232858
0,1.1e-08
1.1e-08,0.507402
1.41566,1.1e-08
1.31413,0.0134687
0.724081,1.1e-08
0.607921,0.453048
0.55969,0.0356218
0.64893,0.0726164
1.1e-08,0.158276
0.0256766,0.0417053
0.42116,1.1e-08
1.1e-08,0.864795
1.26168,1.1e-08
0.58732,0.322195
0.5961,0.402329
0.225832,1.1e-08
1.01,0.077756
0.207386,0.141893
1.15148,1.1e-08
0.739926,0.309693
0.0154121,1.1e-08
0.941473,1.1e-08
0.0537749,1.1e-08
0.61223,0.163831
0.743785,0.344827
0.456684,0.321139
0.0255612,1.1e-08
0.195999,1.1e-08
0.736189,1.01895
0.762406,0.0578101
1.62714,1.1e-08
1.33,0.184587
0.659873,0.119313
0.0910208,0.469659
0.113358,0.563304
0.182874,1.1e-08
0.964853,0.0148531
0.115947,0.0734301
0.163337,0.314467
1.11658,0.341211
1.1e-08,0.458976
1.214,1.1e-08
0.921268,1.1e-08
0.13305,0.0657342
0.0984096,0.113159
1.26,0.129437
0.100336,1.1e-08
1.1e-08,0.308039
1.11109,0.0698678
0.676708,1.1e-08
0.684592,0.235692
1.1e-08,0.0286164
1.1e-08,0.045794
0.138775,0.656076
1.06442,1.1e-08
0,1.1e-08
0.841205,0.461158
0.504234,0.0143732
0.550066,1.1e-08
1.1e-08,0.88608
1.34038,1.1e-08
0.215008,1.07198
0.225869,0.394622
0.294377,0.585398
0.393899,0.184882
0.295986,0.248513
1.04979,0.0331403
0.0112533,0.173287
0.734602,0.626024
0.218706,0.688564
0.491535,1.1e-08
0.769659,0.595218
0.267608,0.50115
0.51768,0.0693202
1.49791,0.118284
0.185156,0.156942
1.10818,0.790837
0.533355,1.1e-08
0,1.1e-08
1.21672,0.0395861
1.04995,1.1e-08
0.218282,0.723045
1.48749,0.299113
1.00276,0.116028
0.150785,0.130705
0.407761,1.1e-08
0.419894,0.791734
-1.57932,-0.232445
0.172084,1.1e-08
0.0612841,0.130558
0,1.1e-08
1.1e-08,0.402173
0.679179,0.270099
-1.67409,-0.211915
-2.25447,0.493987
0.178439,0.506712
0.858306,0.0831881
0.310263,0.486154
1.40898,1.1e-08
1.47574,0.216566
1.15137,0.224477
-4.71732,-2.75858
1.36965,0.916418
1.1e-08,0.338546
0.173534,0.284587
0.0351366,0.0655848
0.0195303,0.573873
0.414567,1.1e-08
0,1.1e-08
0.775759,0.0129913
1.62714,1.1e-08
-1.77946,-0.342026
1.38312,1.1e-08
0.156973,0.153649
0.376178,0.0604319
0.153937,0.0835018
0.237014,0.173174
1.57497,0.114706
0,1.1e-08
0.801127,0.114932
0.20587,0.293567
1.4723,0.0470394
0.0823922,0.252324
0.255251,0.0838174
1.1e-08,0.0206923
0.147605,0.181728
0.129342,0.00807451
1.02151,0.179318
1.05981,0.124316
1.34379,1.1e-08
1.41282,1.1e-08
0.200398,0.178289
0.752147,0.267712
1.1e-08,0.474967
0.189359,0.435287
1.12937,1.1e-08
0.969322,0.112601
0,1.1e-08
0.449673,0.0947969
1.00446,0.362174
0.201646,0.550795
1.1e-08,0.0475633
-4.26402,-2.26395
0,1.1e-08
1.18393,0.251452
0.179132,0.0556689
1.1e-08,0.011173
1.50359,0.160305
-2.31193,-0.31713
0.00333718,0.45578
0.16927,0.181403
0.0263839,0.146628
0.161612,1.1e-08
0.749035,1.1e-08
0.0820036,0.203762
0.526543,0.201593
0.676547,0.370171
0.405437,1.1e-08
0.864941,0.351285
1.06208,0.0747889
0.305651,0.386516
0.445719,1.1e-08
0,1.1e-08
1.1e-08,0.140189
-1.7782,-0.2141
0.33882,0.46265
0.148767,0.0788069
0.0206518,1.1e-08
0.218778,0.0767071
0.290701,0.348029
0.83427,0.401705
0.856313,1.1e-08
0.930336,0.118572
0.367276,0.507113
0,1.1e-08
0.36758,0.685511
0.0436351,0.123867
0.696735,0.0371529
1.36047,1.1e-08
1.15177,0.35599
1.1e-08,0.359696
0.401651,0.343889
1.09014,0.405717
0.325812,0.287781
0.477372,0.0140491
0.17309,0.650818
-2.39518,-0.368076
0.32306,0.256108
0.7654,1.1e-08
1.02482,0.134962
1.3227,0.221523
0.125691,0.166063
0.646012,0.121296
1.1e-08,0.676533
0.68404,0.165613
0,1.1e-08
0.485092,0.120024
0.635272,0.0185335
0,1.1e-08
0.0325185,0.29758
0.603694,1.1e-08
0.0962409,0.916649
0.724161,0.246609
0.178856,0.0375967
-1.2591,-0.147098
0.337162,0.191749
1.35668,0.239371
1.50379,0.595429
0.54393,0.00615721
0.0892132,0.0720551
1.01994,0.0613475
0.548993,0.19826
0.392989,0.290846
0.566609,0.525566
1.42778,0.0555665
1.48514,0.427201
0.792351,0.0649265
1.1938,0.331621
0.71442,0.108847
0.325113,0.00366986
0.452227,0.170249
1.1e-08,0.0361805
1.1e-08,0.551647
-2.78656,-1.10253
0,1.1e-08
0.232596,1.1e-08
0.309579,0.207767
0.562289,0.470319
-0.635888,0.00500644
1.01753,1.1e-08
1.05558,0.784596
0.510998,0.219141
0.253386,0.853019
0.0778469,1.1e-08
0.352518,0.590489
0.421735,0.399281
0.450146,0.22963
0.20538,0.244927
1.08711,0.00971357
1.1e-08,0.707871
0.950296,1.1e-08
1.3656,0.0866405
0.823254,1.1e-08
0.14129,1.1e-08
0.0794629,0.0272404
0.316848,0.321539
0.456798,0.377995
1.47537,0.614487
0.0816951,1.1e-08
0.467093,1.1e-08
0,1.1e-08
0.206101,0.347138
0.287101,0.034711
1.18019,0.204281
0.514978,0.271168
0.0125193,0.666163
0.783737,1.1e-08
0.0557244,0.272561
0.621814,0.198599
0.706724,0.0724255
0.10441,0.145427
0.914152,1.1e-08
0.141213,0.530069
-2.5142,-0.353631
0.182134,0.229066
0.141209,0.620696
1.23288,0.0665437
0.295509,0.0630828
0.0670994,0.0777087
1.10276,0.618965
1.39398,0.116818
0.200276,0.0816357
1.1e-08,0.0122935
-4.40953,-1.91091
0.49365,1.1e-08
-5.24532,-3.77118
1.05051,0.356497
0.754494,0.221447
0.709356,0.0024402
0.105113,0.189242
0.183309,0.112445
1.13469,0.151217
1.28322,0.266369
0.631684,0.604815
1.1e-08,0.111223
0.168044,0.819179
1.1e-08,0.119918
0.154524,0.382816
1.1e-08,0.187256
1.1e-08,0.386722
0.371176,1.1e-08
0.278998,0.0152102
0.870602,1.1e-08
-3.03317,-0.88189
0.13579,1.1e-08
0.0667252,0.47817
1.50638,1.1e-08
1.3637,0.192132
0,1.1e-08
0.476942,0.055298
1.1e-08,0.052721
1.05218,0.181302
0.998708,0.0399572
0.0540266,1.1e-08
0.14126,0.30877
0.784636,0.273087
0.685983,0.195956
0.425613,0.148275
1.1e-08,0.0337731
-4.57538,-3.17745
1.1e-08,0.613656
0.616902,1.1e-08
-5.28088,-2.56972
1.1e-08,0.0505745
0,1.1e-08
1.40732,0.0460482
0.552368,0.312555
1.39969,0.0105797
0.782029,0.0448269
-1.45367,0.260205
-2.21904,-0.141164
1.15617,0.0362238
0.927301,0.0447566
0.697596,0.558333
0.647675,0.245416
1.1e-08,0.226626
0.822812,0.0341216
0,1.1e-08
1.1e-08,0.725997
0.94204,0.656778
1.33837,0.0739167
0.730895,0.394731
0.513747,0.0122631
0.78119,0.192082
0.602871,0.0866965
0.304767,0.801494
0.538905,0.0867657
1.05098,1.1e-08
1.1e-08,0.102563
0.781842,0.9164
0.978661,0.292296
0.674617,0.432901
0.480421,0.335962
1.18231,1.1e-08
0.1278,0.263392
1.06162,1.1e-08
1.26396,0.799018
1.20322,0.531354
1.23061,0.166825
0.27115,0.287083
0.482742,0.203524
1.47689,1.1e-08
1.62714,1.1e-08
0.862462,0.604887
0.449593,1.1e-08
1.1e-08,0.228775
0.843849,1.1e-08
0.392386,0.42298
0.145751,0.870048
-0.356636,-0.0254526
1.1e-08,0.0660655
1.03901,0.392221
0.329911,0.566636
0.69634,0.599474
-2.22041,0.394878
-2.83503,-0.881875
0.142615,0.442099
1.09543,1.1e-08
1.38915,0.258848
0.889937,1.1e-08
0.578687,0.0134393
0.46971,0.0909914
1.56736,1.1e-08
-1.96514,-0.244545
0.506071,1.1e-08
1.11126,1.1e-08
0.187529,0.160683
0.266482,1.1e-08
-5.28291,-3.32763
0.520333,0.0477107
-1.31665,-0.417801
0.749648,0.017855
0.340937,0.15798
0.139194,0.41218
1.31295,1.1e-08
-1.61801,-0.397506
0.914026,0.211492
0.903312,0.242757
0.870516,0.300931
0.246188,0.180355
1.33051,0.0975381
1.2072,1.1e-08
1.1e-08,0.128986
0.730991,0.494712
0.725139,0.175827
1.66227,0
