1.77555,0.315683
1.22493,0.0275861
0.0247136,0.614526
0.594839,0.156088
1.1e-08,0.201771
1.45313,0.446409
1.59651,0.257922
1.63982,0.281754
2,0
0.776225,0.199275
1.71515,0.155835
1.98436,1.1e-08
1.13615,0.117105
1.45802,0.230373
0.193778,1.1e-08
0.728195,0.103027
1.72408,0.464839
0.797103,1.1e-08
0.0872149,0.746551
0.0390897,0.564641
0.447654,0.0665139
0.393182,0.129064
1.01818,0.151523
0.806781,1.1e-08
0.0937239,0.331552
0.344546,0.0705083
-5.04147,-2.08342
1.97185,1.1e-08
1.77335,0.166621
0.577244,0.0982894
0.588882,1.1e-08
1.27501,0.311576
0,1.1e-08
0.575412,0.137283
0.913399,0.136284
1.78387,0.0782341
1.39968,0.140926
2,0.163311
0.592034,0.018364
0.998668,0.0395301
0.249118,0.789868
1.27292,0.202019
0.646546,0.00729207
0.0743703,0.436818
0.681781,0.425681
1.45307,0.157367
0.49019,1.1e-08
1.90856,1.1e-08
0.469445,0.576166
0.887849,0.0296085
1.90896,0.0656313
1.27128,0.00694276
1.12999,1.1e-08
1.80248,0.187755
-7.04212,-2.65053
1.24268,1.1e-08
1.38981,1.1e-08
1.43356,1.1e-08
0.000428124,0.904555
1.77972,1.1e-08
0.251002,0.31382
0.380551,0.0360075
0.982058,0.103371
0,1.1e-08
1.34153,0.265548
0.185173,0.1727
1.1e-08,0.568805
0.130795,0.219003
-2.84719,-0.945882
1.2579,0.0238053
0.70012,1.1e-08
0.183486,1.1e-08
-1.86557,-0.367549
1.1543,1.1e-08
0.108701,0.230309
1.1e-08,0.485479
0.975223,0.169591
0,1.1e-08
1.04615,0.0114426
-6.03009,-4.18942
0.785871,1.1e-08
0.0326714,0.190011
-3.99721,-1.38221
0.256897,1.1e-08
0.913574,0.0808339
0.0648108,1.1e-08
0.918418,0.213645
1.1e-08,0.325829
1.1e-08,0.750779
0.231022,0.363378
1.16255,1.1e-08
1.28472,0.0231693
1.1e-08,0.448468
-6.52908,-4.18953
0.261581,0.380069
0.0157883,1.1e-08
0.0922097,0.360541
0.318438,0.0258368
0.0161446,1.1e-08
0.972713,1.1e-08
0.340213,1.1e-08
0.416151,0.084045
0.42121,0.0556584
1.16212,1.1e-08
0.808233,0.416408
0.0371767,1.1e-08
0.606696,0.813182
1.99505,0.159858
0.527301,0.0543917
0.422982,0.158487
0.0229953,0.0224059
0.266395,0.222774
1.25878,0.0960283
0.605673,1.1e-08
1.04656,0.0294067
1.80165,1.1e-08
-1.06865,-0.145718
0.619854,1.1e-08
0.587842,0.663777
0.528442,0.0110386
0.21819,0.936021
0.981157,0.564214
0.608055,0.237926
0.580264,0.570547
1.04499,0.309308
0.446583,1.1e-08
1.09779,1.1e-08
1.56485,0.188743
1.29192,0.278696
1.42673,1.1e-08
1.1e-08,0.846211
1.96049,0.24011
1.65183,0.0730253
0.94595,0.06841
1.15704,0.192968
0.961011,0.126884
1.91276,0.0938925
1.34254,0.353543
1.34958,0.431774
0.258688,0.181996
0.91173,0.174945
1.82705,1.1e-08
0.608413,0.151376
0.151609,1.1e-08
1.50694,0.0167812
1.00279,1.1e-08
0.829276,1.1e-08
0.543428,0.506109
0.398477,1.1e-08
1.16276,0.0362815
0.0555825,0.0390468
-6.58984,-5.65883
0.0713333,0.307646
0.310179,1.1e-08
0.00326363,1.1e-08
-4.06678,-1.90862
0.654299,0.149672
1.78445,0.0176869
1.38209,1.1e-08
1.85477,0.191636
0.79508,0.0632062
1.1e-08,0.20981
0.888803,1.1e-08
0.421244,0.213671
0.545462,0.282736
0,1.1e-08
1.18594,1.1e-08
0.218354,1.1e-08
2,0.203513
2,0
0.172101,1.1e-08
0.102672,0.0728041
0.684012,1.1e-08
0.251311,1.1e-08
1.1902,0.0345208
0.125258,0.355236
0.160343,0.301321
0.406823,1.1e-08
0.872406,0.403632
0.995223,0.204401
0.159989,0.200453
0.511634,1.1e-08
0.205414,0.760755
0,1.1e-08
1.17144,0.501439
1.34642,0.235367
0.235499,0.244148
1.50326,1.1e-08
-6.51935,-4.65579
0.00371224,0.40183
0.0832965,1.1e-08
1.72033,0.10691
0.0895092,1.1e-08
1.48546,0.165509
-9.69051,-7.35226
0.974621,0.00181302
0.672062,0.322037
0.0707949,0.00101482
0.51975,0.151205
0.977262,1.1e-08
1.43431,1.1e-08
1.88032,1.1e-08
1.65884,1.1e-08
0.28196,0.111689
0.488341,1.13051
1.1e-08,0.114666
1.64299,0.165206
0.470406,1.1e-08
0,1.1e-08
0.453203,0.0969786
0.129317,0.255709
1.25847,1.1e-08
1.6067,0.174828
-7.44201,-4.6551
0.686129,0.532444
-5.20032,-3.7511
1.71914,0.00925786
1.5862,1.1e-08
0.719537,0.237978
1.10561,1.1e-08
1.62827,0.224401
0.664271,0.235625
0.185337,1.1e-08
0,1.1e-08
0.558514,0.445573
1.25885,0.14276
0,1.1e-08
0.690123,0.0891123
0.195279,0.651859
0.633522,0.121427
0.683085,0.0295088
1.1e-08,0.300278
0.499415,1.1e-08
1.51238,0.530761
1.43316,0.132884
0.137601,0.0232432
0.205089,0.227996
0.00224058,0.316723
1.38145,0.0316601
0.503096,0.202719
1.63536,0.110765
0.551241,0.122925
0.395295,1.1e-08
1.1e-08,0.497534
1.63475,0.353537
0.266952,0.474618
0.194446,0.829944
1.5017,1.1e-08
0.908733,0.397131
-4.29795,-1.51184
1.68634,1.1e-08
0.110054,1.1e-08
0.372799,1.1e-08
0.824809,0.28821
0.347157,0.739058
2,0.082639
1.10059,0.0922403
-4.22457,-1.80639
0.934122,0.00250759
0,1.1e-08
0.650766,1.1e-08
0.276443,0.944425
1.40543,1.1e-08
1.81333,0.297804
0.0722936,0.201558
1.00414,0.418361
0.838304,0.0123851
0.881093,0.150313
1.02026,0.120083
0.067971,0.702581
0.431534,0.0161636
0.476104,0.169398
1.1e-08,0.0476397
2,0.0186001
0.133549,0.429212
1.45932,0.0599735
0.573097,0.257769
1.1e-08,0.0908688
0.446702,1.1e-08
0.015067,1.1e-08
0.471551,0.239385
0.747267,1.1e-08
0.165701,0.00428058
2,0
0.953095,0.0444631
0.307069,0.0639989
-8.07977,-6.77224
-6.66869,-2.15012
1.24129,0.545738
0.288065,1.1e-08
0.268355,0.887995
2,0.0455273
0.498004,0.0255112
0.848438,0.54438
1.52774,0.372673
0.656461,0.046049
0.921821,0.271407
0.119281,0.0916459
2,0.124975
1.13706,1.1e-08
0.275044,0.347867
1.12246,0.666673
0.408763,0.337938
0.928395,0.369735
0.94503,0.195363
-1.4062,-0.246055
0.1702,0.268451
0.619627,0.762756
0.585899,1.1e-08
0.0374763,0.358863
0.0736336,1.1e-08
0.80262,0.154086
1.12997,1.1e-08
1.71475,0.0436529
1.14554,0.147787
0.945573,1.1e-08
0.118314,0.283779
0.524926,0.253487
0.59286,0.433262
0.00739848,0.0561609
0.995346,0.348094
-3.49922,-1.22941
0.423964,0.54926
1.37699,0.105087
-3.06369,-0.937276
0.729933,1.1e-08
-3.76001,-1.28131
0.447736,0.382529
0.503208,1.1e-08
1.1e-08,1.1144
1.06356,1.1e-08
0.754369,1.1e-08
1.67064,1.1e-08
1.84853,0.115074
0.775666,1.1e-08
1.04744,0.36781
0.679001,0.20109
0.440469,0.243531
1.06848,0.280958
1.20607,0.301706
0.559346,0.75104
1.08084,0.248706
0.954161,0.631409
-8.52296,-7.33981
0.79104,0.343912
0.261272,0.0916098
1.1e-08,0.165819
1.07845,0.0431155
0.571355,0.302232
0.620872,0.0772304
0.502422,0.312574
2,0.0791145
1.5016,0.204161
1.21384,1.1e-08
0.750867,1.1e-08
0.107357,0.509609
0.298533,0.174671
0.692022,1.1e-08
0.137796,0.294076
0.302451,0.113251
0.460608,1.1e-08
0.678196,1.1e-08
0.97004,0.0994903
-5.40827,-3.35679
1.1e-08,0.276023
0.757034,0.344664
1.52758,1.1e-08
0.63244,0.316884
0.227041,0.403875
1.54685,0.027591
1.2249,0.0178629
2,0
-2.90677,-1.26267
1.50418,0.640794
1.52534,1.1e-08
1.62254,1.1e-08
0.287613,1.20699
1.1e-08,0.248189
0.259006,1.1e-08
1.18159,0.231157
0.494405,1.1e-08
0.622817,1.1e-08
0.399074,0.189246
0.27529,1.1e-08
0.786076,0.887678
1.48586,1.1e-08
1.57623,0.213189
-5.78981,-3.31701
0.556836,0.00843333
0.803862,0.697135
0.735152,1.1e-08
0.19519,1.1e-08
1.08845,0.0109555
-9.23058,-8.78787
0.191923,0.0920642
0.754492,0.247073
0.0933335,1.1e-08
0.583778,0.0932028
1.75114,0.0368379
0.031361,0.770376
1.03777,0.0484348
0,1.1e-08
0.660392,0.351094
1.67141,0.0250374
1.1e-08,0.685897
0.241347,0.274065
0.94695,0.155411
1.49434,1.1e-08
0.152901,0.249763
0,1.1e-08
1.43769,0.0215416
0.0639151,0.0845819
0.170636,0.328918
0.52662,0.0904071
1.64204,0.130105
1.39923,0.29675
1.23299,1.1e-08
1.15109,0.259827
1.1e-08,0.064932
2,0.00230094
1.37814,1.1e-08
1.66377,1.1e-08
0.125834,1.1e-08
0.294491,0.0615647
-0.360522,-0.0244998
1.1e-08,0.277935
0.16044,1.1e-08
-5.08575,-1.76053
0.951612,0.309728
0.28159,0.00582118
1.1e-08,0.12199
0.879828,1.1e-08
0.111901,0.683596
1.44758,0.562847
-6.94739,-6.7448
1.29596,0.160718
1.1e-08,0.0024304
-8.66203,-8.28177
0.935056,0.244174
0.741459,0.0502128
1.51909,0.152286
0.766441,1.1e-08
1.74431,1.1e-08
0.300493,0.378802
-7.57399,-7.97107
1.29123,1.1e-08
1.19984,0.397353
0.717349,1.1e-08
0,1.1e-08
1.00214,1.1e-08
0.457511,0.355503
0.516173,0.412984
0.0102383,0.034326
0.634682,0.186765
0.903181,0.319736
0.0115668,0.229914
0.256771,0.433168
1.68193,0.15414
0.0483803,0.417174
0.180248,0.547858
1.30727,0.369836
0.832052,0.0069536
0.0322996,0.0769517
1.67738,0.458365
0,1.1e-08
1.05286,0.0823443
0.920871,0.0682803
0.581362,0.223521
2,0.11843
1.23341,0.0704058
0.787104,0.00468139
0.749979,0.308349
0.238731,1.1e-08
1.47681,1.1e-08
0.128179,0.742609
0.389952,1.1e-08
1.23699,0.166671
0.697558,0.0149545
1.19249,0.0567883
0.365572,1.1e-08
1.77179,0.130082
2,0
0.795498,0.0886126
1.05759,0.410088
1.0334,1.1e-08
0.297065,0.516848
0.593294,1.1e-08
0.0979014,0.0443209
1.1e-08,0.0556935
1.29971,0.000348118
0.709708,0.056255
0.147773,0.343503
0.185654,0.0377274
0.738454,0.18342
0.394504,0.0477093
0.536423,0.143999
1.1e-08,0.228049
1.08921,1.1e-08
0.762529,0.0818091
0.486334,0.120769
1.02148,0.0657511
0.378011,0.35792
0.371144,0.00945276
1.61402,1.1e-08
0.861723,0.0348146
1.52305,0.112605
-4.06835,-1.22892
0.944004,1.1e-08
0.379618,0.00552682
0,1.1e-08
0.530486,1.1e-08
0.658557,0.265366
1.60079,0.0656149
0.210643,0.258868
-7.65677,-5.14499
1.59689,0.469662
0.701952,0.263725
0.415532,1.1e-08
1.36742,1.1e-08
-4.96211,-2.94753
0.530853,0.03312
0.376141,0.571084
1.03036,0.334132
1.09697,1.1e-08
1.32943,0.165569
1.07368,0.131639
1.50019,-17.5085
0.088201,0.563725
0.00706287,0.106125
-4.82954,-2.55915
0.774541,0.278383
0.0431707,0.268585
0,1.1e-08
0.907152,0.0189994
0.848047,1.1e-08
1.66291,1.1e-08
1.12679,0.178837
-3.71617,-1.61506
-1.48362,-0.244957
0.139186,1.1e-08
1.59201,0.144225
0.560291,0.33474
1.83594,1.1e-08
0.919008,0.524963
0.13312,0.120665
0.563565,0.698199
1.26482,0.0623704
0.589279,0.174818
2,0.319522
0.592214,0.327332
0.921103,0.0481522
0.188952,0.401718
0.0896355,0.150163
0.33988,0.0097007
0.311471,0.214429
0,1.1e-08
0.290664,0.810781
1.15669,0.0192242
0.424923,0.714235
0.512508,0.638886
0.971683,0.29282
0.794727,1.1e-08
0.0926539,0.00737505
0.65232,0.450676
1.07502,0.0589231
0.761672,0.406341
0.561221,0.388142
0.118722,1.1e-08
0.106836,1.12282
0.0365886,0.456591
1.1e-08,0.162439
0.745204,1.1e-08
1.81598,0.103789
1.97111,0.0816614
1.28448,1.1e-08
1.1e-08,0.45041
1.77779,0.235024
0.287277,1.1e-08
0.356667,0.164296
1.1339,0.0407012
1.10178,0.387573
1.3029,0.19778
1.73003,0.185528
0.179616,0.13804
0,1.1e-08
0.607274,1.1e-08
1.34815,0.665688
1.14328,0.446714
0.213731,0.160877
1.1e-08,0.799819
1.38989,0.41283
1.98485,1.1e-08
1.5187,1.1e-08
1.22234,0.0658106
1.10115,0.474101
1.08658,0.313003
-0.622404,-0.0735038
0.902823,0.11084
1.1e-08,0.693303
1.6847,1.1e-08
0.0392364,1.1e-08
0,1.1e-08
1.05527,0.185991
0.863985,0.442612
0.862245,1.1e-08
1.87193,0.0439983
0.474701,0.307547
0.735607,0.278578
1.65785,0.200497
1.08445,1.1e-08
0.319248,0.343674
0.477185,0.0615156
1.13599,0.00939779
1.05977,0.0984231
1.1e-08,0.37964
1.1e-08,0.0573731
0.427658,0.0324227
1.39813,0.348133
0.866497,0.343016
0.5618,0.192498
0.410613,0.5984
0.0723499,0.2798
1.7085,1.1e-08
1.49395,0.0139331
0.440433,0.317968
-4.7683,-1.91098
0.197049,0.469427
1.1e-08,0.567526
0.00357248,1.1e-08
0.28015,0.118691
0.0196824,1.1e-08
0.814559,0.0214713
0.495563,0.0767001
1.23088,0.590176
0.904279,0.952969
0.667845,0.137553
0.458519,1.1e-08
0.421507,0.121227
1.30651,0.0378166
-0.316714,-0.0245006
-1.00508,-0.15082
1.74111,0.0884166
1.22701,1.1e-08
1.48517,0.0519913
1.35391,1.1e-08
0,1.1e-08
1.93656,0.0480339
-6.75686,-2.22996
0.560706,1.1e-08
0.375524,0.912532
1.43154,0.0289634
0.860028,0.298469
0.566887,0.622754
0.780095,0.138236
0.313022,1.1e-08
1.11294,0.513971
0.787828,0.233688
0.532354,0.591202
0.382295,0.0935519
0.219476,0.196469
0.601401,0.286721
0.406071,0.643594
0.94202,0.142462
0.115845,0.000271927
1.1e-08,0.0707675
1.09686,0.170468
1.64458,0.0350312
-6.9532,-4.65508
1.1e-08,0.639949
0.439667,0.190917
1.99396,1.1e-08
1.83139,1.1e-08
0.708592,0.133908
1.72991,0.433067
0.286107,0.0377471
1.23081,0.201817
-5.67489,-4.66087
-6.20636,-3.33606
-6.65401,-5.14509
0.0354114,0.144056
1.87673,0.0846685
1.1e-08,0.0331632
-7.50496,-6.76446
1.84867,0.0269572
0.061203,0.653696
1.55212,1.1e-08
1.1e-08,0.0165794
1.16933,0.100909
-6.71719,-6.15422
0.0928638,0.0537611
-2.38344,-0.793392
0.0887995,0.239975
0.0622866,1.1e-08
1.04342,0.660902
-1.18743,-0.234822
-3.54409,-1.89394
1.1e-08,0.084044
0.335141,0.108754
0.566503,0.0329693
-5.71301,-2.94011
0.0335059,0.0582316
-3.11043,-1.35999
0.514997,0.117805
0,1.1e-08
1.1e-08,0.00120213
1.47192,1.1e-08
0.122063,0.122154
-7.13351,-5.14499
0.125908,0.192007
1.34294,0.305662
0,1.1e-08
0.763089,0.600695
1.90701,1.1e-08
1.40899,0.0393291
0.811255,0.182645
0.00802128,0.165433
0.502008,1.1e-08
1.63991,1.1e-08
1.31018,1.1e-08
0.987085,0.0752684
1.25756,1.1e-08
0.252692,0.131348
0.0406808,1.1e-08
0.637663,0.673713
1.55895,0.0456539
1.46821,0.209319
1.55222,0.236632
0.359409,0.197976
1.02476,0.151977
1.23067,0.453234
0.181404,0.369519
0.604267,0.519676
-5.44607,-1.912
1.77041,1.1e-08
1.10771,0.0476533
1.85672,0.152941
-2.12512,-0.514493
0.699813,0.588829
1.24592,0.232993
1.03848,1.1e-08
0.681013,0.081347
-3.33794,-0.943859
1.02846,0.477797
0,1.1e-08
0.753498,0.64079
1.30533,0.0732697
0.795805,0.0205727
0.0694849,0.116555
-1.33271,-0.240126
1.1e-08,0.0243563
0.535626,0.0905853
0.414811,1.1e-08
1.1e-08,0.0460333
1.1e-08,0.144802
0.397481,0.0395299
0.151316,0.142257
1.06148e-08,1.28303
1.10664,0.130842
1.25857,0.277995
0.033893,0.698227
1.1e-08,0.774592
0.0659584,0.146237
0.305711,0.609688
0.702827,0.132762
0.157155,0.0150742
0.877912,0.0643659
1.19898,1.1e-08
1.1e-08,0.707272
0.211829,1.1e-08
0.716215,0.330966
0.0676329,0.230063
1.30731,0.103689
0.27711,0.547199
0.932067,0.109408
0.0175098,0.0159142
0.0856138,0.887732
1.43219,0.0698452
1.18396,1.1e-08
0.564124,0.535774
1.54982,1.1e-08
0.605593,0.472934
1.1e-08,0.0120718
0.645719,0.396924
0.934885,0.496392
2,0.0438378
1.19766,0.458692
1.4199,0.205845
0.216718,1.1e-08
1.85006,1.1e-08
1.5616,1.1e-08
1.51853,0.0726939
0,1.1e-08
0.225845,0.0174273
0.0986373,0.617304
-1.52349,-0.366779
1.80487,1.1e-08
0.728682,0.436723
0.0831453,0.529007
0.116975,0.0648663
1.00292,1.1e-08
-4.30971,-1.91191
0.392921,0.00219562
0.171389,0.0532053
1.1e-08,0.591514
1.37645,0.195332
3.01621e-05,1.50188
0.647951,1.1e-08
0.32179,0.0845683
0.186356,0.206589
1.1e-08,0.0713967
0,1.1e-08
0.224411,0.0542982
0.91324,1.1e-08
1.61138,0.372607
1.23847,0.369372
0.770544,0.461897
-6.08536,-2.23842
1.01196,0.621244
1.24687,1.1e-08
1.69709,0.0957199
2,0.597949
1.45437,1.1e-08
0.803545,0.266685
1.92981,0.176712
0.274913,0.0119346
0.477973,1.1e-08
0.0561321,0.174879
0.295304,0.42033
-8.75934,-6.19566
1.36406,0.150459
0.32353,0.181211
0.163632,1.1e-08
0,1.1e-08
0.852845,1.1e-08
0.162469,0.135205
-4.53843,-1.91052
-3.7972,-1.9272
0.702654,1.1e-08
0.3922,0.232158
1.1e-08,0.514089
1.42245,0.243686
0.192369,0.274388
0.382661,0.414808
1.6579,1.1e-08
1.18196,0.0237732
0.705991,0.0436092
0.471455,0.618009
1.13363,0.224801
1.66611,0.0726136
0.120293,0.0262146
1.38932,0.110029
0,1.1e-08
0.339748,0.0486023
0.457665,0.0993424
0.443621,0.668286
0.194022,0.029786
0.129768,1.1e-08
0.517315,1.1e-08
0.552306,0.816991
0.219866,0.142616
1.5878,1.1e-08
-7.14338,-5.66021
0.812097,0.00401584
1.20643,0.33429
0.61258,0.372477
0.771736,1.1e-08
0.777091,1.1e-08
0.837469,0.0783828
0.112105,1.1e-08
1.94073,0.280647
0.660082,1.1e-08
1.48564,0.0227147
0.281579,0.582903
0.158837,0.0622561
1.64642,0.0272053
-7.68176,-6.16252
0.343872,0.504727
0.0737474,0.0263994
0.748524,1.1e-08
1.82701,0.0345276
0.655068,0.601059
0.98894,0.138026
1.58641,0.047545
1.06227,0.465471
1.19198,0.268907
-1.12708,-0.147138
1.32036,1.1e-08
1.7681,1.1e-08
-2.20215,-0.685465
1.1e-08,0.727245
-8.00629,-7.44706
0.535314,1.1e-08
0.0991705,0.269712
0.867745,0.490838
0.266643,0.253378
0.171047,0.234108
0.505217,0.687176
0.434632,0.437942
1.05628,1.1e-08
1.331,1.1e-08
1.37241,1.01918
0.478728,0.395943
-3.68413,-1.05263
-3.19564,-1.27234
1.03405,0.264243
0.124355,1.1e-08
0.876605,0.621884
1.98206,1.1e-08
0.611515,0.0660345
-1.75036,-0.36722
1.05819,1.1e-08
-6.07339,-1.76198
1.12736,0.0907401
0.84483,0.377761
0.266402,1.1e-08
0.645083,0.215546
0.146248,0.170098
1.23207,0.262818
0.847146,0.143426
1.44919,1.1e-08
1.97913,0.199131
0.483938,0.131695
-6.10269,-4.64917
0.207863,0.341664
1.10124,0.214091
1.74653,1.1e-08
0.206875,0.435807
0.0472762,0.124735
0.347766,0.226946
1.1e-08,0.0351334
0.0825024,1.1e-08
0.813677,1.1e-08
1.13579,1.1e-08
0.120337,0.644067
1.11545,0.271238
-4.59761,-2.98194
1.1e-08,0.876604
1.65307,0.427425
1.55496,1.1e-08
0.399169,0.29994
1.01126,0.00489963
0.0906335,1.1e-08
1.7791,0.374995
1.1e-08,0.00888716
1.59331,1.1e-08
0.322125,0.0636283
0.0943,0.189219
0.419889,0.398406
1.03019,1.1e-08
1.16099,0.331477
1.17571,0.4142
-5.33126,-2.93958
0.185375,1.1e-08
0.608768,0.405125
0.930965,0.0127415
-0.666679,-0.0735035
0.135182,0.388896
1.71564,0.0670986
-8.94324,-7.96271
0.846471,0.186248
2,0
-4.19706,-1.67479
-5.01686,-3.31692
1.21275,0.518568
1.1e-08,0.215683
1.1e-08,0.00420532
0.215872,0.551541
0.418176,1.1e-08
1.1e-08,0.613387
0.507737,0.0633621
0.11017,0.00726309
0.336182,0.288373
0.915674,1.1e-08
0.353018,0.357245
1.86679,1.1e-08
-8.18354,-6.21259
0.71194,0.199336
1.40443,1.1e-08
0.224313,0.303625
0.988701,0.252717
1.68175,0.112574
1.89838,0.262117
1.98201,0.454823
0.949257,1.1e-08
1.05701,0.157144
1.1e-08,0.23
0.552061,0.165843
-0.351436,-0.0245004
1.23897,0.721477
-0.944157,-0.142517
0.319448,1.1e-08
0.287141,0.317414
0.625504,1.1e-08
0.0866134,0.11052
2,0
0.967309,0.21441
1.44438,1.1e-08
-2.26972,-0.514501
1.1e-08,0.234247
0.0724949,0.832256
0.900058,1.1e-08
0.359908,0.461935
1.70367,0.225958
-5.59663,-3.74914
0.327206,1.1e-08
1.8215,0.0637383
0.107745,0.423425
1.18068,0.137534
-3.83625,-2.05981
1.02332,0.0866775
0.897533,1.1e-08
1.03484,0.218833
1.49969,0.588447
1.1e-08,0.388278
0.815402,0.117813
1.17969,1.1e-08
0.751602,0.0160266
0.888879,0.24109
0.656953,1.1e-08
1.86657,1.1e-08
1.73192,1.1e-08
0.15824,1.1e-08
1.52832,0.0140692
0.82065,0.055181
-6.60501,-2.71124
-5.01907,-2.63321
0.0954177,0.388984
1.10906,1.1e-08
0.196964,0.306074
1.33605,0.0800592
0.150086,0.689169
1.10167,0.352666
0.67828,1.1e-08
1.88094,1.1e-08
1.72012,1.1e-08
0.64701,0.0485626
1.12027,0.416917
-2.55699,-0.68552
1.8879,0.319061
1.4611,1.1e-08
0.46187,0.0361751
1.1e-08,0.0954289
1.76773,0.0524159
1.47354,0.402331
0,1.1e-08
0.123191,1.1e-08
1.35411,1.1e-08
1.12992,0.628508
-8.27586,-2.55678
0.636021,0.0997482
1.98703,0.0834345
0.315955,0.244136
0.11752,0.574141
1.74115,0.243174
0.50369,0.013014
1.39919,0.0684668
1.2755,1.1e-08
1.1e-08,0.348429
-3.34407,-1.31379
1.29621,0.240679
-4.39764,-1.61167
0.820515,0.328485
2,0.256712
1.15819,0.30224
1.73554,0.295956
0.319686,1.1e-08
1.94197,1.1e-08
1.55299,0.159914
1.27917,1.1e-08
-9.06984,-7.34248
1.2912,0.128195
0.352587,1.1e-08
0.450725,0.0131402
0.0617493,0.382985
0.0283958,0.290423
1.1e-08,0.34649
0.607506,0.202291
1.51848,0.0800695
0.43332,1.1e-08
0.226032,1.1e-08
0.47949,1.1e-08
1.27088,1.1e-08
0.791801,0.514953
0.490525,0.538976
0.350122,0.633911
0.246164,0.0166413
0.185948,0.0791082
1.27869,0.442916
1.8615,1.1e-08
1.1e-08,0.356042
1.93235,0.4119
1.35715,0.486539
0.374136,1.25539
1.39095,0.259713
0.335215,0.702185
0.0271898,0.11012
0.736016,0.0361348
1.57499,0.420793
1.61142,0.105137
0.0227731,0.332993
1.1e-08,0.184979
1.22998,0.119801
0.0184634,1.1e-08
-6.1653,-5.14481
1.1e-08,0.301474
0.0195324,0.4868
0.31235,0.138069
1.19773,0.198083
0.805196,0.0166941
1.1e-08,0.645237
0.748713,0.0656416
1.02509,1.1e-08
0.0496232,1.1e-08
0.637511,0.55451
0.161196,0.430196
0.00278597,0.535744
0.0673433,0.0511788
1.18828,0.166459
0.965233,0.0272185
0.0466718,1.1e-08
1.1e-08,0.0367639
1.43274,0.0760623
0.760841,0.00366908
0.69153,0.47347
0.990317,0.0521338
0.770801,0.112318
1.67829,0.257012
0.386569,0.160318
1.33344,0.0181579
1.31961,1.1e-08
2,0.510652
1.07593,0.116071
-1.25899,-0.25726
0.338792,0.561294
1.1e-08,0.10605
0.0725035,1.1e-08
1.57668,0.0585307
0.145108,0.0749546
0.403483,0.367536
0.517266,0.180103
-1.56132,-0.244945
1.9855,0.393278
0.242863,0.526592
0.726556,0.935221
0.655718,0.0919554
0.281796,0.648426
1.12403,1.1e-08
0.684039,0.377086
1.288,0.0705169
0.292318,0.291632
1.61527,0.0287698
0.132266,0.508616
0.156018,0.524314
2,0.0451632
1.94731,0.0386549
0.0613305,0.600061
0.599913,0.351556
0.0966544,0.463694
0.386961,1.1e-08
1.1e-08,0.0386061
-3.12163,-0.852086
1.82486,0.231815
0.502708,0.234777
1.1e-08,0.413517
0.242903,0.21236
0.896275,1.1e-08
0.420792,0.262417
1.00833,0.177585
0.785904,0.0445799
1.43426,0.317091
0.17468,0.622771
1.80369,0.0658711
0.805346,1.1e-08
0.708305,1.1e-08
0.579275,1.1e-08
1.32627,0.0192139
0.343457,0.418261
0.820625,0.602963
0.0377374,0.245381
0.518469,1.1e-08
0.978374,0.382493
0.83339,1.1e-08
0,1.1e-08
0,1.1e-08
0.848538,1.1e-08
1.19474,1.1e-08
1.22374,0.636518
1.01059,0.232615
0.223597,0.490073
0.479137,0.507816
1.23783,1.1e-08
1.1e-08,0.101118
-5.09703,-2.1948
-1.84315,-0.514831
0.61316,0.609139
1.41244,0.105519
0.0171086,0.8214
0,1.1e-08
-5.44592,-2.10084
-6.53162,-0.772173
0.722288,0.382514
1.41425,1.1e-08
1.16408,0.0673845
1.20607,0.0214643
1.35543,0.0215983
1.59976,0.316628
-7.53648,-7.05163
1.53913,0.0360708
0.443891,0.136764
0.241368,0.159929
0,1.1e-08
0.406733,0.4908
-0.707954,-0.0734974
-2.75768,-0.954554
1.1e-08,0.449748
1.1e-08,0.200824
-5.9294,-2.51939
1.62252,1.1e-08
1.00226,0.47934
0.469697,0.438477
0.114007,0.161898
1.45988,1.1e-08
0.470141,0.0606537
-2.37707,-0.686856
0.988635,1.1e-08
0.0655535,0.0689163
0.466986,0.0164586
1.14029,0.0255042
0.817459,0.46815
0.228221,0.109886
0.517839,0.294076
0.299001,0.265742
0.557766,1.1e-08
0.00867183,1.1e-08
1.98445,0.310939
1.58087,1.1e-08
0.0884563,1.1e-08
1.53654,1.1e-08
0.333268,0.387229
0.880305,0.197044
1.37899,0.0406195
0.742365,0.13745
0.465161,0.1993
0.309251,0.466051
1.1295,1.1e-08
0.853798,0.105447
0.895971,0.68554
-7.20742,-6.25934
1.06344,1.1e-08
0.625304,0.270185
0.216522,0.0738853
0.524526,0.347688
1.46848,1.1e-08
-6.6757,-2.40557
0.853604,0.233696
1.25642,0.407404
0.440778,1.04733
0.762727,0.0251568
1.1e-08,0.0469187
0.599941,0.118755
1.1e-08,0.523159
1.11016e-06,1.07639
0.230253,1.1e-08
0.860815,1.1e-08
0.0643978,0.0165917
1.55173,0.486605
0.643925,0.498061
1.1e-08,0.417601
0.415264,0.0376327
-5.79872,-2.10686
0.558409,0.0719871
0.939485,0.335297
1.1e-08,0.189127
1.33419,1.1e-08
0.10615,0.311229
0.830254,1.1e-08
0.605667,1.1e-08
0.3278,1.1e-08
1.4573,1.1e-08
-1.63511,-0.368204
0,1.1e-08
1.5788,0.110428
0,1.1e-08
2,0
1.34371,0.0570247
0.238318,0.0485007
1.40888,0.385095
0.824813,1.1e-08
1.14189,0.544099
0.571831,0.0490857
0.70586,1.1e-08
-6.87871,-2.57251
0.745141,0.215144
1.61298,0.0283903
1.56068,0.0776028
2,0.00112597
1.06515,1.1e-08
1.9174,0.562844
0.527506,0.466115
1.69141,0.0385438
0.340337,1.1e-08
0.363193,0.116518
1.54579,0.328431
0.200515,0.119705
0.364996,0.0557468
0.215784,0.00306019
0.0920205,0.101563
0.0364906,1.1e-08
1.30737,0.628726
-5.05644,-1.91203
0.00101978,1.1e-08
0.960896,0.261879
1.5004,1.1e-08
1.1e-08,0.359234
0.882492,0.273875
1.628,1.1e-08
0.373884,1.1e-08
0,1.1e-08
0.108787,0.127292
0.362383,0.0550033
1.71407,0.00160989
0.759128,0.167512
0.887787,0.103928
1.69796,1.1e-08
2,0.374007
0.848178,0.0642558
0,1.1e-08
0.300839,0.0199781
-5.55881,-4.18956
-2.62041,-0.766478
0.144844,1.1e-08
1.02767,1.1e-08
1.34866,0.0894368
-3.49944,-1.17554
0.626482,0.0198032
1.41213,0.173672
0,1.1e-08
0.467698,0.143053
0.548416,0.220948
0.676809,0.665434
1.18035,1.1e-08
1.47148,0.351332
1.31837,0.51449
0.478774,0.339109
0.00669122,0.668946
1.13538,0.0808149
0.337349,0.145511
1.1e-08,0.167695
0.365982,0.255446
0.239993,0.0973125
0.0413656,1.1e-08
0.566972,1.1e-08
1.93222,1.1e-08
0.681535,0.29332
0.696497,0.167674
1.46326,0.0819368
0.553925,1.1e-08
0.991861,0.797559
1.3849,1.1e-08
0,1.1e-08
0.158073,0.473611
0.774438,0.0637339
0.281283,0.158501
0.800039,0.381635
1.00461,0.291741
1.33794,0.205421
0.772454,1.1e-08
0.137463,1.03899
-7.16825,-2.50729
0.838161,0.00701768
0.809792,1.1e-08
0.819001,0.0864153
0.732811,0.0965104
0.712729,0.645704
1.97475,1.1e-08
1.96747,0.123481
0.408831,0.456852
0.285355,0.726581
-7.72752,-5.65933
1.1e-08,0.265683
-8.01198,-8.63586
0.947519,1.1e-08
0.869397,0.0322758
1.21716,1.1e-08
1.1e-08,0.214159
0.15386,0.587662
1.48427,0.0619319
0.596873,0.0124588
0,1.1e-08
0.305311,1.1e-08
0.357767,1.1e-08
0.427454,0.294154
0.347289,0.0131404
0.0715125,0.487856
1.1e-08,1.43316
0.0472162,0.519384
0,1.1e-08
1.1e-08,0.125346
-6.48138,-3.74823
0,1.1e-08
0.488768,0.466104
1.43085,1.1e-08
1.69157,0.0147153
-0.333809,-0.0244983
1.1e-08,0.0302238
-1.98458,-0.514276
1.47207,0.117671
0.385506,0.0848709
0,1.1e-08
0.423513,1.1e-08
1.47488,0.281772
0.0636438,0.336202
0.373504,0.289818
0.417317,0.517268
-7.31294,-7.73539
1.1e-08,0.435271
1.20226,0.111337
-8.69281,-6.75726
0.0715213,1.1e-08
-2.93903,-0.857576
1.75766,1.1e-08
0,1.1e-08
1.06642,0.215142
0.0221706,0.388644
-4.74174,-1.25628
-6.37357,-2.19278
1.1e-08,0.251086
1.75974,0.00951327
0.285657,0.20557
1.26024,0.338823
1.12058,0.315387
0.72281,1.1e-08
-2.48873,-1.00572
0.464565,0.272346
1.55981,1.1e-08
1.86334,0.248541
0.599918,0.0511629
1.84103,1.1e-08
1.1e-08,0.379052
1.33778,0.124943
0.275298,1.1e-08
1.44625,0.669465
0.140811,1.1e-08
0.348606,0.322758
0.933338,0.444108
0.411909,1.1e-08
0.8621,0.107294
0.863456,1.1e-08
0.525062,0.376048
1.11119,0.0498713
1.81737,0.0113681
0.903812,1.1e-08
0.429629,1.1e-08
2,0
1.1e-08,0.555759
0.262494,0.0581279
1.8862,0.0288458
0.844415,1.1e-08
1.1e-08,0.465758
1.49134,0.480171
0.213901,1.1e-08
0,1.1e-08
0.352469,1.1e-08
0.207354,0.891273
-3.56092,-1.41179
0.645663,0.161466
0.549247,1.1e-08
0.161049,0.103864
0.478885,1.1e-08
-6.40152,-0.720649
-6.02975,-3.74818
0.649908,1.1e-08
1.30891,0.444575
1.75476,0.095509
1.1e-08,0.152232
0.125661,0.0466283
0.551507,1.1e-08
1.61209,1.1e-08
-6.37643,-2.24568
0.453145,1.1e-08
1.1e-08,0.0185274
0.787621,0.568282
0.333148,0.103565
-8.25421,-7.95551
1.63303,0.0835453
-4.27909,-2.79111
0.226032,0.602283
0.270457,0.0635346
0.0379294,0.216071
1.27428,0.0247118
-4.51724,-2.68309
0.137184,0.0754166
0.42126,0.0895093
0.982676,1.1e-08
0.82058,0.223519
1.89484,1.1e-08
1.11259,1.1e-08
0.285139,1.1e-08
1.93551,1.1e-08
1.54037,0.278913
1.95008,0
