0.256875,0.155054
1.53398,1.1e-08
0.302411,0.0460566
0.77919,0.0193067
0.362026,1.1e-08
1.25949,0.170614
1.53398,0.878625
1.09813,1.1e-08
1.53398,0.522309
1.51467,0.157767
0.839387,0.391329
1.06466,0.327504
1.53398,0.275997
1.26581,1.1e-08
1.53398,1.1e-08
1.53398,0.473074
1.53398,0.0362536
0.933224,0.0367997
0.440312,0.0780234
0.049463,0.0801923
0.179455,0.326555
0,1.1e-08
1.39717,0.109526
0.668428,1.1e-08
0.927,1.1e-08
1.4839,0.351049
-9.73473,-7.68307
0.282012,1.1e-08
0.587817,1.1e-08
0.351766,0.630783
0.842266,0.581971
1.46577,0.384934
0.230458,0.0936755
1.09689,0.0288468
1.36139,0.0526907
1.53398,0.747186
1.53398,1.1e-08
0.291971,0.133845
1.53398,0.890065
1.53398,0.0171588
0.315974,0.261627
0.811481,0.425529
0.0699217,1.1e-08
0.231244,0.180827
0.967886,1.1e-08
1.1e-08,0.048526
1.17122,1.1e-08
0.862545,0.0146547
1.46792,1.1e-08
0.118983,0.0990584
1.53398,1.1e-08
1.53398,0.675426
1.53398,0.58739
1.53398,0.20569
-13.1516,-8.76027
0.0504832,0.00466205
1.37458,0.32026
0.873513,0.427695
0.301159,1.1e-08
1.46462,0.428122
0.186282,0.0135411
0.608541,0.0510338
1.52129,1.1e-08
1.0253,0.321546
0.935634,0.00509597
0.78633,0.284639
0.297553,0.201154
0.125048,0.315279
-6.82096,-5.29773
1.1e-08,0.678211
0.203066,0.427501
0.460124,0.380846
-6.40718,-3.74872
1.53398,0.481254
0.725315,0.3378
0.125313,0.0952908
0.332437,1.1e-08
-3.35326,-1.34753
1.43529,0.112195
-10.0482,-11.3924
0.970714,0.121318
0.69655,0.0293693
-8.8197,-6.28014
0.455189,0.23065
0.328135,0.180034
0,1.1e-08
1.53398,0.0169205
0.483912,0.215697
0.278635,1.1e-08
0,1.1e-08
1.34449,1.10026
1.23615,0.507709
1.1e-08,0.0263436
-10.8932,-11.3925
0.726709,0.112049
0.822334,0.0909517
0.297226,0.474589
0.922601,0.203553
0.258312,0.0662945
1.53398,1.1e-08
1.21871,0.139421
0.450888,1.1e-08
1.1152,0.368489
0.897659,0.0274909
0.64761,0.44006
0.450991,1.1e-08
1.14013,0.299692
1.29636,0.523892
1.30972e-06,1.00366
0.880127,1.1e-08
0.162384,1.1e-08
0.659418,0.0129215
1.39686,0.862975
1.22598,0.0225353
1.53398,0.147137
0.972856,0.415502
-5.35442,-2.92981
1.43225,1.1e-08
0.0394987,0.299539
0.750808,0.475739
0.528614,0.024713
1.53398,1.1e-08
1.53398,1.1e-08
0,1.1e-08
1.43898,0.229939
1.53398,0.146122
0.959282,1.1e-08
1.35856,0.236868
1.53398,0.0595143
1.11176,0.138958
0,1.1e-08
1.28357,0.668899
1.04176,0.555474
1.53398,0.00186052
1.53398,0.0717395
1.40909,1.1e-08
1.53398,1.1e-08
1.51505,0.100974
1.35365,0.264776
0.93973,0.133749
1.53398,0.0487055
1.17492,0.00688034
1.52421,0.176462
0.683622,0.0125574
1.53398,0.183851
1.0873,0.174574
0,1.1e-08
1.349,0.00148028
1.12947,1.1e-08
1.29228,0.287208
1.48585,0.302768
-10.3486,-13.7434
0.140325,0.26286
0.980175,0.038288
0.781352,1.1e-08
-8.13726,-7.34714
1.03553,0.255363
1.53398,0.644817
1.47887,0.0550983
1.21448,1.1e-08
1.53398,1.1e-08
0.163115,0.0965153
1.33262,1.1e-08
0.596188,0.326898
1.01087,0.0453952
0.0456253,1.1e-08
0.364891,1.1e-08
0.996219,0.0914498
1.06766,0.0102028
1.53398,0.202673
0.282872,0.0973449
1.06566,0.278264
0.0348731,0.555745
0.374485,0.186141
1.31113,1.1e-08
0.567167,1.1e-08
1.21006,0.463334
1.53398,1.1e-08
1.31959,0.0916974
1.50349,1.1e-08
0.254597,0.077186
0,1.1e-08
0.617753,1.1e-08
-2.06621,-0.514515
1.53398,0.213395
1.53398,1.00044
0.700334,1.1e-08
1.53398,0.620635
-10.6343,-12.1533
1.25022,0.34947
0.8057,1.1e-08
1.53398,0.95978
0.00296429,0.0491046
1.37214,0.549824
-14.5552,-16.3205
1.44408,0.0551203
0.117148,0.176198
0.264716,0.239106
1.41114,0.0162819
1.53398,0.0121352
1.53398,0.61915
1.53398,0.995782
0.475081,0.05129
0.721573,1.1e-08
1.35694,1.1e-08
-0.352576,-0.0244984
1.49329,0.0264506
1.49421,0.235883
-4.29859,-1.91101
1.24796,0.053818
0.737505,1.1e-08
1.53398,0.5054
1.01332,0.166174
-12.1638,-12.1522
1.33721,1.1e-08
-8.85388,-10.662
1.37195,0.172021
1.26224,0.140598
0.570407,0.0967241
0.0742118,0.390126
0.789102,1.1e-08
0.557756,0.31028
0.922905,0.420502
0.517068,0.337935
0.0352988,1.1e-08
1.37772,0.082163
-2.46294,-0.686011
1.53398,0.107011
0.915851,0.292608
1.04035,1.1e-08
0.404641,0.491906
0.427841,0.157358
1.1e-08,0.116289
1.53398,1.1e-08
1.15844,0.487165
0.245842,1.1e-08
0.167707,0.158741
0.614599,0.00693951
0,1.1e-08
1.19654,0.182399
1.33183,0.170584
1.1e-08,0.0754369
0.33835,0.00372863
0.904568,1.1e-08
1.51066,1.1e-08
1.14431,0.007813
1.1e-08,0.0325373
1.12365,1.1e-08
0.852677,1.1e-08
-8.6537,-6.47408
0.689683,0.0623741
-0.941842,-0.146986
0.300813,0.163749
1.53398,0.402712
1.42444,0.258547
0.796028,0.342976
1.53398,0.103491
-8.82939,-7.14489
1.53398,0.416118
-3.43598,-1.61075
0.131066,0.145949
0.486076,1.1e-08
1.31123,0.00327771
1.3758,0.0447175
1.20667,1.1e-08
1.53398,1.1e-08
-1.25341,-0.24513
1.03792,0.0599211
1.45362,1.1e-08
0.870525,1.1e-08
0.3579,0.308055
1.14221,0.0732584
0.243802,0.217133
0.688881,1.1e-08
1.06432,0.015814
1.53398,0.125926
0.557438,0.00933613
0.281926,1.1e-08
0.560502,0.0379338
0,1.1e-08
1.1e-08,0.531423
1.53398,1.1e-08
0.59741,0.227777
0.410679,0.374311
1.53398,1.1e-08
1.53398,0.125078
-12.2971,-15.4508
-12.486,-7.82794
1.53398,1.1e-08
0.525854,1.1e-08
1.13145,0.0348602
0.508629,0.200242
0.984663,0.372901
1.53398,0.00311903
1.53398,0.666225
1.53398,0.0241966
1.1352,0.162392
0.58606,0.364108
1.52943,0.423724
0.000614162,1.1e-08
0.260248,0.0365865
0.890984,1.1e-08
0.744939,0.733568
1.52643,0.225966
0.145398,1.1e-08
-5.628,-3.33871
0.196763,0.108194
1.36894,0.29186
1.53398,0.151725
0.473892,0.41346
1.31828,1.1e-08
1.22686,0.324686
0.912906,0.124877
0.887116,1.1e-08
1.53398,1.1e-08
1.53398,1.1e-08
0.582681,0.0426966
0,1.1e-08
1.31476,0.193323
0.525654,1.1e-08
1.46894,0.527952
-8.17,-6.01014
0.760167,1.1e-08
1.53398,0.439605
-7.1414,-5.25693
1.53398,0.0762358
-8.27249,-6.04789
1.29389,1.1e-08
0.690081,0.142864
0.0709345,1.1e-08
1.53398,0.605911
1.53398,0.184694
1.33728,0.720016
1.52167,0.0287688
0,1.1e-08
1.49013,0.117697
1.53398,0.113677
1.36609,0.003547
1.53398,0.316298
1.53398,0.403687
0.0291259,1.1e-08
1.11785,0.266504
1.53398,0.550113
-12.7826,-16.3012
0.0730134,0.252238
0.654059,0.0768793
0.000276453,0.392189
1.46757,1.1e-08
1.48591,1.1e-08
1.00741,0.137507
1.20199,0.350622
0.864913,0.0753232
1.05904,0.365901
0,1.1e-08
0.652424,0.0270948
0.17042,1.1e-08
0.418942,1.1e-08
0.961491,1.1e-08
0.655197,1.1e-08
0.783091,0.061159
0.744052,0.045549
1.53398,0.438594
1.53398,0.553827
-9.46095,-9.99141
0.533612,0.0436876
1.18575,0.0904539
0.70032,1.1e-08
0.437925,0.0272252
0.000436082,0.232207
1.30814,0.576456
1.53398,0.56858
1.53398,1.1e-08
-6.76956,-6.04659
1.53398,0.0299959
1.53398,0.172287
1.53398,0.0691697
0.498468,1.1e-08
0.19417,0.0477977
0.722339,1.1e-08
1.53398,1.1e-08
1.53398,0.547823
0.593828,0.151818
1.53398,0.704005
0.954218,0.055606
1.52282,1.1e-08
1.53398,0.0906977
1.53398,0.260961
-10.1319,-9.92
0.872107,1.1e-08
1.53089,0.363608
1.53398,0.205438
1.39051,0.0562961
1.53398,0.0424297
-13.5006,-18.4344
0.14702,0.336775
0.88739,1.1e-08
0.0608336,0.167081
0.0714373,1.1e-08
1.53398,1.1e-08
0.635644,1.1e-08
0.933368,0.0749146
0.902002,0.112895
0.489129,0.258734
1.44478,0.179506
0.00062171,0.487549
0.365589,0.271222
1.51125,0.339424
1.49944,0.397699
0.32588,1.1e-08
0,1.1e-08
1.27254,0.00251269
0.580764,1.1e-08
0.990068,1.1e-08
0.176616,0.230975
0.708602,0.284682
1.53398,0.431252
1.53398,1.1e-08
0.00119329,0.466339
0,1.1e-08
0.698733,0.931597
1.13127,1.1e-08
0.630159,0.063275
0.401852,0.310412
0.261113,0.279922
-4.91232,-2.22948
0.108187,1.1e-08
0.217948,0.300368
-9.80072,-7.05259
1.53398,1.1e-08
1.53364,0.281013
1.1e-08,0.158047
1.53398,0.443843
0.403534,1.1e-08
1.5333,1.1e-08
-10.561,-15.4086
1.53398,0.0822607
0,1.1e-08
-12.6591,-17.684
1.53398,1.1e-08
1.2724,0.301882
1.53398,0.0441147
1.10158,0.074891
1.53398,1.12961
1.10146,1.1e-08
-11.2014,-17.2363
1.34336,0.0335657
1.4198,0.288586
1.53398,1.1e-08
1.03473,0.0243308
0.623708,0.107111
0.744634,0.0458284
1.29051,0.204518
0.384658,0.0755291
0.63672,0.311312
1.48239,0.164594
0.973075,0.029965
1.0894,0.267019
1.53398,0.0403976
0.620922,1.1e-08
0.689842,1.1e-08
1.27227,0.018326
0.190694,0.0961889
0.820665,0.0446715
1.32703,0.0574249
-1.07573,-0.147001
1.24404,0.198941
1.11014,0.103044
0.149791,0.016739
1.17965,0.870859
1.27255,0.37402
0.728169,0.208704
1.53398,0.187738
0.872493,0.229665
0.189234,1.1e-08
0.657803,0.116958
0.43155,0.464807
1.34375,1.1e-08
1.48393,0.0391957
0.942988,0.026842
1.15197,0.0616359
1.26303,0.685023
1.53398,0.0778562
1.1e-08,0.320186
1.51919,0.309452
1.51875,0.579185
1.07958,1.1e-08
0.266557,1.1e-08
0.304386,0.232882
0.409412,0.113628
1.32673,0.0218639
1.53398,0.357832
1.4583,0.0224925
1.17961,0.391344
1.15866,1.1e-08
0.374333,1.1e-08
1.53398,1.1e-08
0.957786,0.181991
0.941094,1.1e-08
1.53398,0.108602
1.28617,1.1e-08
1.53398,0.0126845
0.00669451,0.130354
1.08406,0.575293
1.53398,1.1e-08
1.1e-08,0.409813
1.53398,0.398267
-8.50653,-5.95053
1.53398,0.0392919
0.764203,1.1e-08
-2.29791,-0.685981
1.37503,1.1e-08
1.25007,0.254662
0.731037,0.569822
1.1223,0.0684411
-12.2619,-12.936
1.53398,1.1e-08
1.44529,0.155784
0.952798,0.0945238
1.53398,0.608284
-8.92618,-9.27583
1.3516,0.197048
0.720265,0.0346683
1.0984,0.308554
1.53398,1.1e-08
1.47032,0.608693
1.53398,1.1e-08
1.50017,-31.0231
0.545307,1.1e-08
0.48004,0.447165
-9.28712,-8.5955
1.16626,0.356628
0.761506,0.325752
-2.13529,-0.686001
1.53398,1.1e-08
0.105002,0.0225075
1.53398,0.0582032
1.24626,1.1e-08
-7.7701,-6.75775
-5.98764,-3.3316
0.630396,0.156173
0.405439,0.0212518
1.52883,0.395542
1.53398,1.1e-08
1.43246,1.1e-08
1.1816,1.1e-08
1.46609,0.257285
1.29039,1.1e-08
1.53398,0.057967
1.34812,0.852854
0,1.1e-08
1.46661,0.483544
0.589836,0.182541
1.11143,0.333951
0.600889,0.28072
0.0212946,0.107154
-1.70962,-0.367513
0.760915,1.1e-08
1.53398,0.669036
1.23376,0.110584
1.53398,0.311463
1.29288,0.085629
1.53398,0.255409
0.299343,1.1e-08
1.53398,0.0889845
1.51799,0.853958
1.53398,0.33485
1.21036,0.213409
1.1e-08,0.121882
0.453896,1.1e-08
0.918741,0.0188017
1.1e-08,0.0932455
1.53398,0.369877
1.23453,0.0133614
0.613096,0.000894767
1.32224,1.1e-08
0.0351578,0.0453996
1.11279,0.194107
0,1.1e-08
0.987311,0.185436
1.53398,0.0856394
1.53398,1.1e-08
1.48155,1.1e-08
1.53398,0.396206
0.243048,1.1e-08
-3.36835,-1.10246
1.53398,0.0226817
1.53398,1.1e-08
1.38099,1.1e-08
0.937938,0.329987
0.212115,1.1e-08
1.53398,0.495429
0.426315,0.333013
1.53398,1.22563
0.622497,1.1e-08
1.53398,1.1e-08
1.53398,0.14397
-4.28648,-2.57253
0.723252,0.253997
0.497361,1.1e-08
0.95741,1.1e-08
0.276182,0.317976
-4.59702,-1.91094
0.740683,1.1e-08
1.31778,0.484141
1.03667,0.11992
0.919689,0.239848
0.427596,1.1e-08
1.53398,0.444288
1.32481,0.272358
0.426041,0.0562816
0,1.1e-08
1.53398,1.1e-08
0.414593,0.0689378
1.43257,0.592023
0.454688,0.0258618
1.11401,0.00641639
0.214186,0.262583
1.05772,0.887867
0.270985,1.1e-08
1.44736,1.1e-08
1.08123,0.38932
0.341848,0.0270931
1.46431,0.69612
1.1e-08,0.00916305
0.389254,1.1e-08
-9.54298,-7.34997
0.391805,0.256217
0.0796245,1.1e-08
0.144984,0.119824
1.50659,0.0209589
0.336111,0.141289
0.781057,0.161232
1.53398,0.369699
1.53398,0.0538239
1.53398,1.1e-08
1.46745,0.221693
0.463267,0.33054
0.649217,0.399346
1.04965,0.15251
-3.95668,-2.22954
-4.98171,-2.96858
1.18748,0.0148827
1.53398,0.0694105
1.53398,0.14428
0.382753,0.000266347
0,1.1e-08
1.53398,0.17377
-12.9963,-7.9737
1.53398,0.0694284
0.638194,0.24866
1.53398,0.0266343
1.53398,0.49495
1.45147,1.1e-08
1.53398,0.0592216
0.0827243,1.1e-08
1.53398,1.1e-08
0.659993,0.370162
0.202781,0.0561567
0.554329,0.15264
0.147901,0.0130098
1.53398,0.171553
1.03084,1.1e-08
0.348655,0.200448
1.1e-08,0.609409
-0.634202,-0.0735252
1.49222,1.1e-08
1.4299,0.100308
-11.3498,-12.1521
0.235357,1.1e-08
1.23554,0.090578
0.588478,0.404576
1.1728,0.433934
1.06545,1.1e-08
0.85476,1.1e-08
1.121,0.445899
1.44382,0.894542
-9.24303,-12.1618
-10.8737,-9.95434
-10.6433,-12.9362
0.876122,0.347947
1.53398,0.166136
1.27255,0.328966
-11.416,-15.4389
1.12507,0.0472383
0.377502,0.0478698
0.894432,0.389158
0,1.1e-08
1.53398,0.568898
-10.3681,-14.5079
0.398752,1.1e-08
-5.92674,-4.91008
0.235043,0.397857
1.01182,1.1e-08
1.53398,0.145432
-4.64714,-3.27798
-7.07948,-7.28802
0.82904,1.1e-08
0.829653,1.1e-08
0.512339,0.16674
-10.3019,-9.26122
1.1e-08,0.18931
-6.8229,-6.22854
0.5095,0.472296
-2.92571,-1.10259
-0.677547,-0.0734986
1.32066,0.0939692
0.534032,0.271403
-11.4139,-12.936
0.00012644,0.446421
1.2281,0.383302
0.158395,0.057435
1.39416,0.139456
1.53398,0.0663795
1.44071,0.276792
0.30096,0.0952755
0.827378,0.0216254
1.53398,0.20494
1.24799,0.28917
1.53398,0.370598
0.837199,0.298905
0.978162,0.292419
0,1.1e-08
0.0738366,0.124753
0.635447,0.0273386
1.29263,1.1e-08
1.53398,1.1e-08
1.53398,1.1e-08
0.247163,0.122948
1.53398,0.372054
1.53398,0.21379
1.1e-08,0.0809274
1.50945,0.0675048
-10.8928,-7.35245
0.778683,0.386143
1.53398,1.1e-08
1.42359,1.1e-08
-6.3768,-4.18949
1.16033,0.185632
1.32243,0.306025
1.53398,0.475063
0.0205399,0.00775818
-7.78281,-5.26604
1.53398,1.1e-08
1.53398,1.1e-08
1.48048,0.0847668
1.26905,0.114014
1.53398,0.436661
0.0538428,1.1e-08
-5.29766,-3.3025
0.320246,0.706346
1.32754,0.227697
1.1e-08,0.0987491
0.588019,0.0480565
0.692011,1.1e-08
1.35489,0.462541
0.326786,1.1e-08
1.1e-08,0.0419442
1.26632,1.1e-08
1.53398,0.0829019
0.660101,1.1e-08
0.138601,0.226633
0.52886,0.240488
0.910783,0.52546
1.1668,1.1e-08
1.13992,0.121805
-1.35261,-0.245021
1.50505,0.144742
0.400793,0.15125
-1.45152,-0.244986
0.0952068,0.481879
0.213651,0.228623
1.53398,0.260962
0.82451,0.0667139
1.53221,0.14353
0.0867713,1.1e-08
0.115786,1.1e-08
1.21612,0.273118
1.42444,0.150007
1.40144,1.1e-08
1.43154,0.984522
1.40497,1.1e-08
0.816818,0.270925
1.50928,0.200416
1.39976,0.12612
0,1.1e-08
1.35163,0.0769827
1.44696,0.329259
0.842028,0.471728
0.818294,1.1e-08
1.53398,0.804947
1.53398,0.39222
-1.92443,-0.514537
0.0571973,0.0997902
0,1.1e-08
-5.12764,-3.74571
1.10865,0.52563
1.53398,1.1e-08
0.513271,1.1e-08
0.541826,0.213758
0.399084,0.198613
-8.62924,-7.35193
0.308435,0.355111
0.372655,0.105185
0,1.1e-08
1.39235,0.265831
0.0779785,1.1e-08
0.104456,0.268984
1.53398,0.117422
0.727827,0.0164327
0.12256,0.0557355
0.505441,0.0441951
0.222854,0.0298452
0,1.1e-08
1.51358,0.888622
1.53398,0.107834
1.37974,0.217549
-11.7125,-7.98073
1.53398,0
1.53398,0.14483
0.499538,0.0946871
1.0624,1.1e-08
1.53398,0.248497
0.765145,0.189525
0.747632,0.434589
0.441546,0.120203
0.977883,1.1e-08
1.31901,0.141461
1.03067,0.22028
-13.5558,-14.573
1.41752,0.526112
0.618879,1.1e-08
0.515728,0.0766289
0.164646,1.1e-08
1.41649,1.1e-08
0.349661,0.341665
-9.08879,-7.34897
-7.58544,-7.39107
0.999961,0.225635
0.746348,1.1e-08
0.349571,1.1e-08
1.37744,0.0918732
0.91492,1.1e-08
1.53398,0.238985
0.346257,1.1e-08
1.1e-08,0.507205
1.04755,1.1e-08
0.327464,0.0505898
1.53398,1.1e-08
1.02974,0.0632194
0.323567,0.104946
0.724277,0.0743765
0.00166088,0.0677318
0.136192,0.0530889
0.500762,1.1e-08
0.0868826,1.1e-08
0.599914,1.1e-08
1.53398,1.1e-08
-1.58933,-0.367487
1.03665,1.1e-08
0.37085,1.1e-08
1.53398,0.203422
-11.2239,-13.7456
0.0620788,0.206391
0.982989,1.1e-08
1.53398,1.1e-08
1.02023,1.1e-08
1.24061,1.1e-08
1.53398,1.1e-08
0.513887,0.30033
1.53398,0.515979
0.72941,0.142614
1.21008,0.0482846
0.458084,1.1e-08
0.226318,1.1e-08
1.53398,0.106323
-11.8692,-14.5206
1.39068,1.1e-08
0.380082,0.041747
1.53398,0.233741
1.45951,0.14082
1.28948,0.165944
1.53398,0.337568
1.53398,1.1e-08
1.53398,0.119704
1.53398,0.294812
-5.75138,-2.94135
1.34624,1.1e-08
0.89009,0.0230972
-5.9486,-4.65343
0.0032834,1.1e-08
-12.0024,-16.4654
1.53398,0.187727
0.477635,0.118428
1.53398,0.0119627
1.13066,1.1e-08
-0.325176,-0.0244732
1.05878,1.1e-08
1.41711,0.0812386
1.30405,0.0498865
1.53398,0.563649
1.53398,1.1e-08
0.0169752,1.1e-08
-8.63228,-5.53349
-7.43142,-6.04557
0.984639,0.141598
-2.53724,-0.881999
0.80679,1.1e-08
0.668414,0.342089
1.26451,1.1e-08
-5.96011,-3.74733
1.265,0.0270344
-11.3819,-7.21413
1.53398,1.1e-08
0.470094,1.1e-08
0.949442,0.256899
1.53398,0.329991
1.48954,1.1e-08
1.53398,1.1e-08
1.53398,0.0809849
1.27837,1.1e-08
1.53398,0.425577
0.291397,0.442629
-9.94891,-12.1422
1.32353,1.1e-08
0.0908232,0.169736
1.09119,0.229897
0.59463,0.122504
0.827231,0.236505
0.499761,0.0270942
0.0999522,0.594825
0.583184,1.1e-08
1.53398,0.485807
1.53398,0.341627
1.20561,1.1e-08
0.853633,0.0838172
-8.26118,-9.34032
0.0916206,0.104973
1.06615,0.0641684
1.53398,0.0921356
1.34653,1.1e-08
1.53398,1.1e-08
1.28339,0.409989
1.53398,0.136815
0.453665,0.178606
1.07004,0.101396
0.815586,0.00434725
0.0963841,1.1e-08
1.34583,0.105322
1.20207,0.115061
0.655988,0.217477
1.15639,1.1e-08
-9.59958,-9.26024
-1.01026,-0.147007
0.437326,0.00147973
1.42207,0.642815
-4.655,-2.57253
0.555872,1.1e-08
1.33518,1.1e-08
-13.2444,-17.2238
0.0458434,0.0142496
0.86158,0.0457159
-8.07351,-6.90653
-8.77068,-9.9201
1.53398,0.0480271
0.265762,0.187106
0.265394,0.0465728
0.889962,0.141984
1.29767,0.126779
0.216998,0.109253
0.335132,1.1e-08
0.201877,0.171355
1.28477,0.238386
0.692672,0.0160556
1.02149,1.1e-08
1.11091,0.0068918
-12.651,-14.5998
1.53398,0.0802984
1.53398,1.1e-08
0,1.1e-08
0.711047,1.1e-08
1.08956,0.0365363
1.53398,1.1e-08
0.561212,0.193911
0.155198,1.1e-08
1.42129,0.196716
0.345504,0.073804
1.53398,1.1e-08
-4.57685,-2.22956
1.53398,0.0795262
-4.63735,-2.91121
-1.83128,-0.367492
1.46922,0.130109
1.53398,0.214786
0.69103,0.314625
0.540228,0.381538
1.5223,0.649792
1.40935,0.463556
-6.84412,-4.18951
0.139637,1.1e-08
0.382988,1.1e-08
0,1.1e-08
0.995859,0.269452
1.53398,0.285579
-9.53861,-10.6586
0.999882,1.1e-08
1.26492,0.447195
0.145669,0.524076
1.49673,0.507758
-8.00564,-7.71931
0.472772,0.294991
1.53398,0.108704
1.53398,1.1e-08
1.3272,0.0438694
1.1e-08,0.00621867
1.47121,0.0709274
1.53398,1.1e-08
1.53398,0.174287
1.53398,1.1e-08
1.20871,0.2436
1.53398,0.637275
1.53398,0.298741
0.0335271,1.1e-08
1.47453,0.27873
1.17906,0.155598
-12.386,-8.86475
-9.32939,-8.7399
0.071209,0.356821
1.39089,0.421168
1.53398,0.124876
1.53398,0.45945
0.683205,1.1e-08
1.53398,1.1e-08
1.53398,0.0458246
1.51089,0.0998139
1.53398,1.1e-08
1.53398,1.1e-08
1.53398,1.1e-08
-6.97374,-4.65348
1.53398,0.269376
1.03363,0.479457
0.804894,0.483195
-0.715318,-0.0734992
1.08007,0.0241039
1.53398,0.198758
0.00560313,0.0206418
-3.6222,-1.34751
1.39492,0.360423
1.53398,0.0631496
-15.3695,-8.57029
1.41739,0.0501126
0.906626,0.555178
0.184821,0.199447
0.368721,0.389924
1.53398,1.1e-08
1.33773,0.626764
1.53398,0.331233
1.53221,1.1e-08
1.1e-08,0.24301
-7.36797,-6.15432
1.53398,1.1e-08
-9.1472,-6.83754
0.54709,1.1e-08
1.53398,0.361376
1.4461,1.1e-08
1.53398,1.1e-08
0.499008,1.1e-08
1.53398,1.1e-08
1.53398,0.451768
1.47997,0.561713
-13.61,-16.3055
0.933265,1.1e-08
0.706756,0.0830136
1.53398,0.019506
0.878889,0.106871
0.821226,0.129545
0.459948,0.56401
1.53398,0.0389713
1.53398,0.762368
1.4254,0.407917
0.910221,1.1e-08
0.580187,1.1e-08
0.84689,0.149706
1.07996,0.137027
1.19277,0.0401892
0.958972,0.0153001
1.25656,0.084296
0.879948,0.262035
1.32582,0.373999
0.644201,1.1e-08
0,1.1e-08
0.726625,1.1e-08
1.53398,0.246145
1.03091,0.0911144
1.53398,0.282884
0.202966,0.140179
1.15593,0.0959996
1.09392,0.485913
1.3718,1.1e-08
1.53398,0.516732
0.600313,0.451518
0.763085,1.1e-08
1.53398,0.333816
0.541931,0.119405
-9.85626,-12.9357
1.1e-08,0.273482
0.352545,0.0415723
1.53398,0.0349162
1.06787,0.21122
1.1e-08,0.732456
0.300254,1.1e-08
0.65586,0.276409
1.53398,0.166327
0.501725,0.371688
1.53398,0.24681
0.414155,0.238292
0.262707,1.1e-08
0.931104,1.1e-08
0.89736,0.0670076
1.53398,0.235864
0.0349885,0.019612
2.05938e-08,0.758954
0.429255,0.0955376
1.11263,0.676556
1.1e-08,0.293625
0.93067,0.169216
1.53398,0.206759
1.53398,0.683931
1.06732,0.435103
1.53398,0.151276
1.25963,0.2225
1.53398,0.068587
1.22568,0.168733
-4.97529,-3.40219
1.1e-08,0.194898
0.00266929,0.427342
0.216104,0.348012
1.24614,1.1e-08
0.121692,1.1e-08
1.29677,1.1e-08
1.30152,0.254836
-6.38537,-3.33169
0.632109,0.0392665
1.21317,0.0727602
1.20246,1.1e-08
0.317279,0.297437
0.210575,1.1e-08
1.41321,0.0470313
0.302196,0.0160357
1.53398,1.1e-08
0.660675,0.0132508
1.4177,0.706436
0.279972,0.0338352
1.16752,0.26857
1.53398,1.1e-08
0.606049,0.0771544
0.227025,0.0110172
1.53398,0.202672
0.844933,1.1e-08
0.572147,0.255428
0.222577,0.0622798
-7.86196,-5.03994
1.53398,1.1e-08
0.854122,1.1e-08
1.1e-08,0.00475853
0.990236,0.523501
0,1.1e-08
0.00243404,1.1e-08
1.53398,0.703679
1.39577,1.1e-08
1.53152,1.00342
0.552379,0.44606
0.832563,0.135522
1.53398,0.279574
1.4462,0.0130808
1.53398,0.587536
1.49726,1.1e-08
0.233547,1.1e-08
1.53398,0.111721
0.65774,1.1e-08
1.1e-08,0.00499824
0.731686,0.392092
1.1e-08,0.102444
1.19824,0.295092
-2.71953,-1.10234
0.0392229,0.235234
1.32431,0.409285
1.19172,0.524547
1.5111,1.1e-08
0.353468,0.23018
0.973517,0.320008
1.29673,0.0280339
1.1e-08,0.333204
-9.78752,-7.89847
-5.50283,-4.19056
1.53398,0.286502
1.24013,1.1e-08
0.47706,0.159161
-3.9558,-1.61525
-10.475,-7.7064
-12.2672,-5.52883
1.1628,0.0524145
1.31757,0.336809
1.53398,0.515441
0.541664,0.0948335
0.956992,0.0780922
1.53398,0.0110232
-11.2954,-15.8627
1.38933,0.589231
0.948077,1.1e-08
1.17045,0.129476
-2.74369,-0.881999
0.529115,1.1e-08
-5.03778,-2.57247
-6.72422,-5.39317
0.265111,0.362925
1.1e-08,0.0190811
-11.4627,-8.50953
1.14385,1.1e-08
1.38211,1.1e-08
0.97221,1.1e-08
0.572005,1.1e-08
0.953613,0.460325
0.45934,1.1e-08
-6.44734,-4.65756
1.53398,0.163905
0.218328,1.1e-08
1.1e-08,0.58083
1.47457,1.1e-08
0.92919,0.363473
1.53398,0.398229
1.07736,1.1e-08
0.710307,1.1e-08
0.684553,0.189414
-3.14164,-1.10242
1.53398,0.160378
0.74224,0.119512
0.769636,0.224942
1.1e-08,0.142396
0.764349,0.0242242
1.53398,0.322126
1.53398,0.244778
0,1.1e-08
1.53398,1.1e-08
1.26939,1.1e-08
0.02217,0.171296
1.52916,1.1e-08
1.53398,0.028135
-11.132,-14.6735
1.53398,0.0185515
0.00087432,0.373625
0.410919,0.0146198
1.53398,0.10917
0.924794,0.0701655
-12.494,-8.27716
1.53398,1.1e-08
1.1077,1.1e-08
1.08156,1.1e-08
1.16941,0.124981
0.186085,1.1e-08
1.53398,0.305392
0.524122,1.1e-08
0.160894,0.106019
1.04534,0.0264078
0.881516,0.480734
0,1.1e-08
1.34539,0.133073
1.4084,0.316445
1.00741,1.1e-08
1.53398,0.510707
-11.1594,-7.71753
1.17396,0.223115
1.53398,1.1e-08
0.0822609,0.964108
1.53398,0.119603
0.0760451,0.548331
0.0869596,0.42246
1.25327,0.0663896
0.0782894,0.0521907
1.0396,0.296953
-5.53846,-3.7514
1.1e-08,0.355283
1.53398,0.0281074
0.979483,1.1e-08
1.53398,0.0133491
1.53398,0.551082
0.544536,1.1e-08
1.53398,1.1e-08
3.07657e-05,0.681738
1.53398,0.301738
1.19554,1.1e-08
1.47694,0.453804
-12.8567,-8.59877
1.48027,1.1e-08
1.53398,0.00657414
1.53398,0.0515579
1.53398,0.545707
1.53398,0.138827
1.53398,0.142131
1.53398,0.245275
1.53398,0.42018
1.53398,0.165479
1.14822,0.566533
1.1423,0.247816
1.35262,0.116373
0.659439,0.162769
0.0917848,0.0989989
0.818093,0.174658
0.0122156,0.264862
1.53398,1.1e-08
-10.1196,-7.35228
0.3089,0.00479329
0.242599,1.1e-08
0.358213,0.11733
0.472071,1.1e-08
1.53398,1.1e-08
-0.342849,-0.0244949
0.888972,0.0529294
1.21985,1.1e-08
0.30572,0.0608178
1.1e-08,0.00169396
0.420092,1.1e-08
1.39921,0.0105701
1.35348,0.348418
1.53398,1.13851
1.30099,1.1e-08
1.10095,0.0514737
-2.20882,-0.514495
1.52044,0.472679
-9.25516,-11.3926
-6.5293,-4.83106
1.53398,0.0701515
1.53398,0.814164
1.53398,0.788268
-7.31904,-5.79644
0.443024,0.271586
1.45629,1.1e-08
-4.23926,-1.61659
1.53398,1.1e-08
1.53398,0.0882957
1.06174,0.0870364
1.53398,0.168729
1.53398,1.1e-08
1.53398,1.1e-08
0.193378,0.00373712
1.01025,0.434312
0.758546,0.0884795
-2.63439,-0.685995
0.545611,0.0801301
1.11966,1.1e-08
0.983105,0.0811208
1.37193,1.1e-08
0.319358,1.1e-08
1.53398,1.02989
1.53398,0.125994
1.53398,0.319096
0.94227,0.496287
1.18287,0.0687242
1.53398,1.1e-08
1.53398,0.37024
0.564041,0.0669936
0.262194,1.1e-08
0.878565,0.199484
0.69323,0.233257
1.53398,1.1e-08
1.47648,0.193026
1.40604,0.231872
0.389673,0.561963
0.161997,1.1e-08
-13.3736,-8.46584
1.53398,0.707882
1.53398,0.259403
1.1e-08,0.031533
1.34277,0.0463615
1.44732,0.0481113
0.328223,0.390387
0.486379,0.0141979
1.43348,0.360628
0.783973,0.0905757
-12.1515,-13.7442
0.0748464,0.318043
-11.7009,-18.2091
1.46446,0.0988109
1.45815,0.74598
1.53398,0.282951
0.480353,0.0824502
0.469802,0.0429648
1.53398,0.295395
0.0544555,1.1e-08
-3.99197,-1.91127
1.04275,0.187376
1.53398,0.462071
1.53398,1.1e-08
0.431376,0.20195
0.904795,1.1e-08
0.239671,0.0487503
0.793268,0.0234081
0,1.1e-08
1.1e-08,0.0526893
-11.079,-10.657
0,1.1e-08
0.678547,1.1e-08
0.408891,1.1e-08
1.14644,0.329017
-4.2664,-2.22941
1.1e-08,0.0113655
-5.94397,-4.18874
1.53398,0.620687
0.114525,0.00572619
-3.70984,-1.91089
1.53398,0.718307
1.53398,0.222949
0.392127,0.0738735
0.795967,1.1e-08
0.370754,0.158303
-10.963,-16.8997
0.135437,0.195757
1.36105,0.400582
-13.242,-15.4276
0.463395,0.0958642
-7.36079,-5.05471
0.26731,1.1e-08
-3.68741,-1.62409
1.41975,1.1e-08
0.176855,0.0422649
-9.12585,-6.36527
-11.9439,-7.91321
0.368085,0.131906
1.53398,0.413127
0.758293,0.267315
0.870213,0.170455
1.49872,0.633017
0.967516,0.22494
-6.1922,-5.47999
1.15187,1.1e-08
1.36786,0.140273
1.2768,0.0590597
0.0389981,0.120109
1.10962,0.623737
0.190705,1.1e-08
1.29524,0.0481556
1.53398,0.132085
1.53398,0.0704822
-3.09412,-1.34731
1.22297,0.420916
0.217773,1.1e-08
0.402544,0.625867
1.19449,1.1e-08
0.671551,1.1e-08
0.0594945,0.0464846
1.23718,0.573996
1.53398,0.910654
0.701294,0.493614
0.83394,0.350573
1.53398,0.84372
0.692885,0.102173
1.53398,0.112894
1.43703,1.1e-08
1.1e-08,0.216733
0.622642,0.202583
1.38883,0.00358953
1.53398,1.1e-08
1.13668,0.21444
0,1.1e-08
0.120939,1.1e-08
-7.83349,-6.34895
1.53398,1.1e-08
0.235474,0.492676
0.725382,0.172879
0.466979,1.1e-08
-11.9436,-5.31358
-10.2894,-10.6569
1.53398,0.369612
1.45952,0.305965
1.53398,0.501097
0.122804,0.435238
-1.78917,-0.51437
1.53398,0.0396944
0.973216,1.1e-08
-12.2272,-8.10282
1.00248,0.0448519
0.762819,0.527859
1.08776,1.1e-08
1.53398,0.0313104
-12.216,-17.213
1.17988,0.316434
-8.22901,-9.04252
0.514258,0.131589
0.874381,0.305501
0.810808,0.20991
0.79208,0.107005
-8.38294,-8.81815
0.00131063,0.641096
0.0935196,0.0397687
0.764528,0.130415
1.52255,0.0629707
1.53398,0.337492
1.39665,0.184451
0.678712,0.0656176
1.13522,0.400813
1.50954,0.262649
1.51822,0
