1.1e-08,0.13802
1.50416,1.1e-08
0.0419375,0.0418267
0.745087,1.1e-08
0.591372,0.034117
0.883257,1.1e-08
1.31462,0.750772
0.462217,0.324293
1.03585,0.71944
1.27858,0.839892
0.274662,1.1e-08
0.291921,0.0656647
0.99143,0.416856
1.14226,1.1e-08
1.15123,1.1e-08
1.45499,0.492594
1.03356,0.0800664
0.639702,1.1e-08
0.337472,1.1e-08
0,1.1e-08
0.00531911,0.340618
0,1.1e-08
0.980589,0.189057
0.77704,1.1e-08
0.877728,0.0308792
1.39816,0.162151
-11.6902,-11.0575
0,1.1e-08
1.1e-08,0.142841
0.167441,0.0906049
0.893625,0.204912
1.2033,0.182394
0.700297,0.277809
0.954206,1.1e-08
0.82485,0.260695
1.4445,0.735168
1.22263,0.47705
1.1e-08,0.179333
1.07627,1.04329
0.783429,1.1e-08
0.444802,0.396274
0.222228,1.1e-08
0.334069,0.0485413
0.341659,0.000904794
1.09673,0.107461
0.0324993,0.0979683
1.33671,0.259991
0.642187,0.151741
1.44534,0.414701
0.0770432,0.157295
1.08572,1.1e-08
1.10622,0.484986
1.37652,0.636543
0.681836,0.0360086
-15.6973,-12.3472
0.0844406,0.126962
1.4494,0.642972
0.248277,0.202493
0.556613,1.1e-08
1.05601,0.104481
0.205965,0.00705757
0.775058,1.1e-08
1.50417,1.1e-08
1.50416,0.210657
0.583476,0.106073
1.04681,0.351149
0.337344,0.353967
0.237237,1.1e-08
-8.4909,-8.14672
0.0563561,0.398139
0.198659,0.065809
0.725347,0.241241
-8.29952,-6.19878
1.05325,1.02024
0.924519,0.14241
0.526151,1.1e-08
0.0237532,1.1e-08
-5.02874,-2.94005
1.01524,0.0417537
-11.7225,-15.4348
0.932299,0.0257466
0.84775,0.203775
-10.8291,-9.3622
0.505735,0.108902
0.218665,1.1e-08
-0.692718,-0.0734973
1.50416,0.370732
0.876326,0.232631
0.383611,0.0362608
0.227242,0.323238
1.02562,0.986208
1.45571,0.260085
1.1e-08,0.0397272
-12.7116,-15.4351
1.15208,0.0352753
1.06088,0.233043
0.306934,0.370531
1.07574,0.341652
0.269361,0.102109
1.44732,0.544226
1.25434,0.188557
0.324986,0.24876
1.1385,0.328374
0.933037,1.1e-08
0.705895,0.0199817
0.732359,0.204713
0.98162,0.328708
0.724094,0.335665
7.80334e-06,1.0238
0.935086,1.1e-08
0.417785,1.1e-08
0.948863,1.1e-08
1.12199,0.886385
1.47901,0.107268
1.47917,0.523984
0.376189,0.234089
-7.14016,-5.1311
1.50225,1.1e-08
0.21962,0.0020462
0.959382,0.0587563
0.403648,0.327607
1.12562,0.059655
1.03133,0.377866
0.151582,1.1e-08
1.04434,0.6307
1.27233,1.1e-08
1.34461,0.413026
0.940279,0.0680316
1.30751,0.11907
0.768401,0.175406
0.0262969,0.0681388
0.802009,0.482807
0.478153,0.264747
1.09446,0.545865
1.18035,1.1e-08
1.29497,0.332164
0.462912,0.0817275
1.18943,0.487756
0.964203,0.394279
0.728721,0.414287
0.400754,1.1e-08
0.846269,0.0136729
1.25238,0.0506325
0.951039,1.1e-08
1.45243,0.091208
0.833343,0.416621
1.1e-08,0.00838964
1.50416,0.112953
1.02608,1.1e-08
1.37549,1.1e-08
1.14884,0.0610236
-11.9148,-18.1533
0.191687,1.1e-08
0.978343,1.1e-08
0.975006,0.258185
-9.8333,-10.6544
0.913695,0.118318
1.04586,0.427745
1.1765,1.1e-08
0.840185,0.158063
0.998735,0.384952
0.138165,0.166172
1.41748,0.337473
0.723342,1.1e-08
1.25907,0.0916019
1.1e-08,0.0574873
1.1e-08,0.367208
1.24776,1.1e-08
0.49301,1.1e-08
0.47525,0.19074
0.402022,1.1e-08
1.50417,0.113004
1.1e-08,0.0783352
0.386357,1.1e-08
1.13769,1.1e-08
0.621488,0.0101404
1.24538,0.419537
0.926048,0.343821
0.847407,0.519446
0.968715,0.428404
0.193682,1.1e-08
0,1.1e-08
0.727669,1.1e-08
-3.79171,-1.61703
0.934471,0.531042
1.11787,1.23427
1.14818,1.1e-08
1.3035,0.891736
-12.3489,-16.3186
1.34668,0.380491
1.06763,0.448603
1.48589,1.14018
0.0309897,0.00895862
1.02072,0.584836
-16.5821,-21.0985
1.20702,1.1e-08
0,1.1e-08
0.261754,1.1e-08
1.49847,0.163453
1.23405,1.1e-08
0.978907,0.747612
1.22304,0.859357
0.0151044,1.1e-08
0.682763,0.0805019
1.37911,0.0988189
-2.19291,-0.514514
1.23048,0.293395
1.18485,0.56311
-6.09204,-3.74852
1.35415,0.0833741
1.2628,1.1e-08
0.843369,0.473943
0.259644,0.267219
-14.1312,-16.3172
1.00018,0.175067
-10.3762,-14.5828
1.50416,0.238712
0.809854,0.304491
0.424882,1.1e-08
0.320664,0.145723
0.0891416,0.0916628
0.555649,0.0701429
1.24538,0.745259
0.659504,1.1e-08
0.104208,1.1e-08
1.15298,0.121707
-4.22249,-1.91102
0.843796,0.0692984
1.01163,0.199151
1.26838,0.244529
0.338959,0.0316021
0.48776,0.566592
0.0559327,0.0699897
1.12464,1.1e-08
0.730033,0.129952
0.463493,0.0356754
0.497808,0.0728915
1.00354,0.302011
-1.22978,-0.244999
1.17002,0.434545
1.31597,1.1e-08
0.0863243,1.1e-08
0.0235826,0.582323
1.50416,1.1e-08
1.12303,1.1e-08
1.33794,1.1e-08
1.1e-08,0.00551313
0.433524,1.1e-08
0.770838,1.1e-08
-10.4686,-9.58293
1.1e-08,0.214147
-2.48673,-0.881956
0.432248,1.1e-08
1.44306,0.1256
1.47038,0.606248
0.378924,1.1e-08
1.22671,0.510087
-10.7481,-10.4105
0.971737,0.222573
-4.989,-3.32268
0.205296,0.292541
0.427302,1.1e-08
0.988102,0.0840401
0.84717,0.385883
1.34132,1.1e-08
1.10203,0.130926
-2.80736,-1.1028
0.902897,1.1e-08
1.41426,0.302863
1.26428,0.125792
0.553455,0.291211
1.34783,1.1e-08
0.251607,0.0663677
0,1.1e-08
1.50416,0.0271457
1.14618,0.132335
0.574782,0.440473
0.503888,0.181646
0.681696,1.1e-08
0.18235,0.149868
0.113294,0.0590014
1.50416,0.136009
0.884747,1.1e-08
1.1e-08,0.405434
1.34512,0.340881
1.09923,0.090037
-14.0544,-20.1082
-14.9098,-11.235
0.902271,0.241519
1.039,0.0692331
1.47482,1.1e-08
0.110107,0.19728
1.22022,0.143426
1.12071,0.623686
1.04355,0.839729
1.27081,0.299251
1.50416,0.0704224
0.756489,0.288638
1.23063,0.680053
0.0150331,1.1e-08
0.535588,0.159499
0.599533,1.1e-08
1.0317,0.455321
1.13392,0.169552
1.1e-08,0.00371303
-7.38708,-5.66856
0.0629631,0.311672
1.16321,0.153892
1.16644,0.226447
0.692866,1.1e-08
1.26815,0.164446
1.07321,0.0574872
0.705411,0.05537
0.114247,0.124379
1.13701,0.0988307
1.06868,1.1e-08
0.998543,0.0975803
0,1.1e-08
1.46906,0.322342
1.06363,0.155856
1.10814,0.733178
-10.1119,-9.04035
0.756999,1.1e-08
1.41425,0.828575
-8.84045,-8.09804
1.10609,1.1e-08
-10.157,-9.07823
1.33776,0.112927
0.964946,1.1e-08
0.673182,1.1e-08
1.13115,0.435672
0.883277,1.1e-08
0.954643,0.482188
1.24581,0.0274041
0.137939,0.214673
1.24824,0.276913
0.464916,0.0501872
1.35827,0.316627
1.12485,1.1e-08
1.50417,0.185141
-0.319077,-0.0244996
0.888795,0.399496
1.07533,0.797237
-14.5574,-21.0764
0.145849,0.0188559
0.81597,0.043069
0.168518,0.492445
1.0169,1.1e-08
1.50417,0.0259092
0.935532,1.1e-08
1.50417,0.0259185
0.833567,0.290974
0.530269,0.0168787
-0.339568,-0.0244997
0.638449,1.1e-08
0.390432,0.0323113
0.343996,0.106281
0.907356,1.1e-08
0.937753,1.1e-08
0.930318,0.0186844
0.89221,0.28334
1.26128,0.348116
1.46458,0.389484
-11.1496,-13.7971
0.463083,1.1e-08
0.809907,0.100714
0.0769557,1.1e-08
0.252267,1.1e-08
0,1.1e-08
1.05304,0.27874
0.903006,0.326407
1.05628,0.528978
-8.37906,-9.08113
0.749217,1.1e-08
1.4914,1.1e-08
0.803191,0.246165
0.228965,1.1e-08
0.168575,1.1e-08
0.393489,0.282493
0.693154,0.125531
1.13424,0.36144
0.646111,0.131875
1.32257,0.99398
1.10847,1.1e-08
1.42497,0.574568
1.33654,0.0546554
1.50416,1.1e-08
-11.9411,-13.7125
1.21259,1.1e-08
1.22067,0.327448
1.29276,0.188386
1.42044,0.102434
1.4061,0.533292
-15.2797,-23.4951
0.161639,0.0678561
0.996048,0.271099
0.174351,0.00881245
1.1e-08,0.0296957
0.696306,0.352572
0.982173,0.129497
0.520273,1.1e-08
1.27135,0.414931
0.355792,0.0534877
1.26307,1.1e-08
0.0987654,1.1e-08
0.255739,0.0103506
1.28461,1.1e-08
1.21355,0.591516
0.449524,0.174559
-1.74822,-0.367503
0.753597,0.433376
0.749961,0.106639
1.15947,0.00898102
0.354429,1.1e-08
0.0251846,0.232431
0.855348,0.668583
1.00735,0.130876
0.11225,0.0473376
0,1.1e-08
0.0207592,0.659175
0.8208,0.0660856
1.1e-08,0.121816
0.567866,0.395567
0.271377,0.318068
-6.80965,-4.18947
0.141599,1.1e-08
0.431315,0.0906441
-11.7653,-10.2989
0.628832,1.1e-08
1.50416,0.429159
1.1e-08,0.045187
1.496,1.1e-08
0.663368,0.274531
1.19638,1.1e-08
-12.0667,-20.0597
0.754591,0.260877
-1.07127,-0.147001
-14.3246,-22.6429
0.459171,0.0178578
1.17201,0.458349
1.07773,0.0867199
0.990878,0.210303
1.34115,0.827921
1.11054,0.00936741
-12.7128,-22.1381
1.35152,0.181548
1.15882,0.616264
1.4428,0.356729
1.50416,1.1e-08
0.411225,0.0643041
0.738488,0.040064
1.43776,0.45433
0.842683,1.1e-08
0.701306,1.1e-08
1.43325,0.0428544
1.30455,0.27842
1.15117,0.492617
1.19499,0.322577
1.05591,1.1e-08
0.813589,0.0885679
1.25354,0.374894
0.282255,0.035959
1.06093,0.195176
1.17856,0.042536
-2.89881,-0.882001
1.26376,1.1e-08
1.22351,0.0619249
0.55173,0.129714
0.717971,0.665471
1.3875,0.112838
0.995918,1.1e-08
1.30795,1.1e-08
0.911147,0.179018
0.388966,0.107591
0.809122,1.1e-08
0.620675,0.409947
0.794075,0.0821074
1.05795,1.1e-08
0.921156,0.0934494
1.32719,0.201303
0.882591,0.182973
0.888585,0.0578885
0.0856906,0.0405477
1.37733,0.189678
1.32023,0.655691
1.25048,0.217984
1.1e-08,0.0613984
0.399677,1.1e-08
0.731655,0.0274649
0.876849,0.125169
1.37232,0.524024
1.34615,1.1e-08
1.37284,0.249008
1.18201,0.0932831
0.73123,0.00283143
1.22334,0.116526
1.37265,0.396073
0.599646,0.0846168
0.881945,1.1e-08
1.43837,1.1e-08
0.491819,0.238017
0.127532,1.1e-08
1.50416,0.135673
1.42908,0.0677857
1.1e-08,0.283883
1.02082,1.1e-08
-10.3558,-8.95912
1.48682,0.0674375
0.699755,0.00428078
-3.93448,-1.91096
1.41089,1.1e-08
1.39233,0.419105
1.1e-08,0.194235
1.19922,0.400334
-14.1808,-17.2235
0.667544,0.0591239
1.3381,0.561522
1.07837,1.1e-08
0.956403,0.242698
-10.5779,-12.9539
1.43107,1.1e-08
0.451382,0.290285
0.802601,0.0231856
1.17373,1.1e-08
1.3985,0.741916
1.36446,1.1e-08
1.50016,-37.6954
0.571488,1.1e-08
0.897671,0.51261
-11.1444,-12.1519
1.12933,0.393686
0.970212,0.130368
-3.65048,-1.911
1.50008,0.0300768
0.319634,0.298474
0.537937,0.039986
0.904918,0.112429
-9.45924,-9.94178
-7.86431,-5.65895
0.857237,0.178451
0.207576,0.365053
1.38461,0.575988
0.870907,1.1e-08
1.50417,1.1e-08
1.3063,1.1e-08
1.48713,0.193659
0.760712,0.138128
1.37736,1.1e-08
1.07744,0.607108
0,1.1e-08
1.16108,0.404722
0.666194,0.108713
1.29599,0.233995
0.66404,1.1e-08
0.0956979,0.625386
-3.41581,-1.34753
0.68596,0.196634
1.50416,0.642365
1.12577,1.1e-08
0.966808,0.524929
1.43658,0.140665
1.24676,0.161663
0.776123,0.309979
1.50416,0.315153
1.42257,1.11091
1.19428,0.276139
1.4683,0.0301342
0.0658659,0.190565
0.549559,1.1e-08
1.29846,0.0291119
1.1e-08,0.166532
0.703496,1.1e-08
0.851153,1.1e-08
0.0604441,1.1e-08
1.11079,0.325627
0.303451,1.1e-08
0.670606,0.461968
0.414613,1.1e-08
1.32751,1.1e-08
1.50416,0.219226
1.47561,0.0612931
1.01786,0.334288
0.64027,0.175272
0.612962,1.1e-08
-5.25326,-2.57243
0.640976,0.0726857
0.405435,0.0472332
1.08378,0.252903
1.07895,1.1e-08
0.570924,0.25153
1.35504,0.596163
1.1e-08,0.312639
1.24196,1.11937
0.367399,0.190276
1.31476,0.353147
1.12591,0.683495
-5.81317,-4.65504
0.700315,0.227629
0.653639,0.313016
0.855117,1.1e-08
0.415084,0.179584
-6.52199,-3.74841
0.632864,1.1e-08
1.38484,0.695532
0.621297,0.012287
0.572517,0.0670998
0.543489,0.235863
1.06231,0.661553
1.20058,1.1e-08
0.357916,0.148113
1.1e-08,0.0165786
0.909642,1.1e-08
0.105826,0.0995435
0.988491,0.649746
0.819297,1.1e-08
1.21777,1.1e-08
0.180612,0.390118
0.574197,0.909024
1.1e-08,0.163676
1.41867,0.0957047
1.25881,0.644142
0.528761,0.0738868
1.20719,0.359094
0.0239336,0.125199
0.378822,1.1e-08
-11.5324,-10.6575
0.430229,0.246553
0.0825522,0.00924016
0.200387,0.113165
1.23906,0.0249247
0.766017,0.02061
0.662589,1.1e-08
0.974058,0.60482
0.512851,0.0979102
0.819245,0.386592
1.50416,0.279212
0.633283,1.1e-08
0.701759,0.481584
0.78981,0.0564296
-5.47282,-4.18955
-6.63864,-5.1839
0.482009,0.00535396
1.50416,0.321078
1.46266,0.223406
1.1e-08,0.238214
0,1.1e-08
1.24963,0.906505
-15.5961,-11.4082
1.03525,1.1e-08
0.71044,0.183501
1.16845,0.020022
1.28253,0.066201
1.36982,0.0193011
1.07788,0.31556
0,1.1e-08
1.03064,1.1e-08
0.888103,0.471257
0.215561,0.0515362
0.625376,0.127473
0,1.1e-08
0.60037,1.1e-08
1.14889,1.1e-08
0.144567,0.127708
1.1e-08,0.549838
-2.18703,-0.686105
1.08182,0.204283
0.867071,0.340944
-13.1817,-16.3172
0.275449,0.113483
1.50416,0.454689
0,1.1e-08
0.801705,1.1e-08
1.04988,1.1e-08
0.394991,1.1e-08
1.50416,0.0997565
1.17744,0.939702
-10.7297,-16.3284
-12.8185,-13.7532
-12.3054,-17.2237
1.24312,0.332951
0.419052,1.1e-08
1.12272,1.1e-08
-13.0456,-20.0944
0.754347,0.222762
0.459648,1.1e-08
0.14206,0.458948
0,1.1e-08
1.46223,0.84322
-11.8893,-19.0299
0.401851,0.0270583
-7.40312,-7.66661
0.259305,1.1e-08
1.50416,0.230029
0.696134,0.42176
-6.08868,-5.58721
-8.55257,-10.5768
1.02722,0.284341
1.31326,0.0775518
0.583615,0.140993
-12.2139,-12.9363
0,1.1e-08
-8.36976,-9.29834
0.621076,0.326557
-4.54621,-2.57264
-2.3627,-0.685982
1.17247,1.1e-08
0.421847,0.268842
-13.1974,-17.2235
1.1e-08,0.429303
1.19079,0.216368
0.0924499,1.1e-08
1.22748,0.183616
1.50416,0.0782475
0.922987,0.305336
0.182905,0.206762
1.50416,0.00790005
1.09898,0.129062
0.694185,1.1e-08
0.898521,0.144713
0.668671,0.148327
0.549207,0.460361
-0.938219,-0.147005
0.172797,1.1e-08
0.409464,0.0819448
0.835103,0.0996716
1.50416,1.1e-08
1.02696,0.102152
0.432797,0.126082
1.17771,0.295189
1.28701,0.0359363
0.0799186,0.0187466
1.32529,0.0643991
-13.1623,-10.6605
0.0024061,1.1e-08
1.4937,1.1e-08
0.811203,1.1e-08
-8.14833,-6.76199
0.831692,0.326273
0.72809,0.0422506
0.935989,0.180166
0.148653,0.312292
-9.63484,-8.1082
1.30927,1.1e-08
1.0328,0.188136
1.31975,0.16817
1.1043,0.0699793
1.47336,0.782888
0.0548589,1.1e-08
-6.94972,-5.61973
0.523499,0.338065
1.39781,0.0241008
0.115175,0.0166021
0.813718,0.135592
1.18707,0.00916428
1.50417,0.416521
0.748106,1.1e-08
0.0716593,1.1e-08
0.994201,0.357278
0.601615,1.1e-08
1.00648,0.0633921
0.135662,1.1e-08
0.617982,0.593266
1.28699,0.465531
1.08381,0.00349659
1.26589,0.0131578
-3.0402,-1.10254
1.44121,1.1e-08
0.710812,0.15169
-3.28189,-1.10246
0.282816,0.740487
0.462809,0.140431
0.667612,1.1e-08
0.910345,1.1e-08
1.16129,0.261646
0.250236,0.110628
0.252912,0.153463
0.613309,0.105681
1.09222,0.0135474
1.40034,0.371036
1.17547,1.00612
1.3876,0.339724
0.986056,1.1e-08
1.50416,0.498519
0.996781,0.509957
-1.42376,-0.244999
0.874742,0.0816299
1.2017,0.12786
1.08334,0.483077
0.130373,0.0836976
1.15727,0.853177
1.06309,0.570512
-3.51986,-1.61708
0.102959,0.167415
0,1.1e-08
-6.62937,-6.19485
0.788385,0.1433
1.50416,1.1e-08
0.721893,0.0730619
0.65494,1.1e-08
0.171307,0.102601
-10.429,-10.6599
0.461815,1.1e-08
0.774769,0.0461263
1.1e-08,0.0560067
1.03111,0.00327846
0.0825014,0.356752
0.225437,0.0692199
1.09853,0.032378
0.950845,1.1e-08
0,1.1e-08
0.99144,0.0127286
0.36756,0.0300486
1.1e-08,0.115862
1.27707,0.958536
1.50416,0.0559541
1.50416,0.349676
-14.0571,-11.4146
1.30674,0.00190143
1.28534,0.102043
0.165238,0.183514
0.154986,0.0492439
1.2594,1.1e-08
0.755474,0.102439
0.117962,0.358119
0.461887,0.0881143
1.18015,0.123606
1.34616,1.1e-08
1.39943,0.0547401
-15.5544,-19.1048
1.28097,0.316509
0.871439,0.369152
0.557415,1.1e-08
0.451639,1.1e-08
1.28526,1.1e-08
0.431655,0.0649412
-10.9848,-10.6562
-9.16386,-10.7089
0.948973,0.114891
0.889567,1.1e-08
0.325854,0.192825
0.939016,0.427453
1.47698,1.1e-08
1.42001,0.266475
0,1.1e-08
1.1e-08,0.472142
1.15358,1.1e-08
0.725389,1.1e-08
0.944806,0.287086
0.314894,1.1e-08
0.478701,1.1e-08
0.429664,0.0404338
1.1e-08,0.111808
0.0451023,0.100175
0.49848,1.1e-08
0.499518,0.0681056
0.506959,1.1e-08
0.984477,1.1e-08
-3.16213,-1.34747
1.0995,0.402393
0.653681,0.0207731
1.03679,0.132669
-12.9241,-18.1558
0.364867,1.1e-08
0.683459,0.118926
1.06637,0.157047
0.933125,0.125063
1.38861,0.0833898
1.0808,1.1e-08
0.38271,1.1e-08
1.04371,0.253469
1.03005,0.23311
0.515393,0.217764
0.561604,1.1e-08
0.554623,0.0348181
1.23015,0.387382
-13.6139,-19.0444
1.43567,0.012456
0.995611,1.1e-08
0.801554,1.1e-08
1.23797,0.160602
1.38036,1.1e-08
0.94041,0.577549
0.680533,1.1e-08
1.44092,1.1e-08
0.54766,0.192175
-7.67818,-5.14686
0.89666,0.0869799
0.223178,0.134333
-7.50961,-7.348
0.14798,0.0301104
-13.6675,-21.2643
1.14333,0.197994
0.335655,0.102357
1.08961,0.0552921
1.16125,1.1e-08
-1.89098,-0.514261
1.33742,0.141628
1.2696,0.10748
0.752771,1.1e-08
1.21033,0.637314
0.874651,0.315657
1.1e-08,0.0293847
-10.694,-8.44176
-9.19143,-9.06418
0.829223,1.1e-08
-4.11729,-2.2295
0.803231,1.1e-08
0.266687,1.1e-08
1.50417,1.1e-08
-7.71418,-6.19696
1.50416,1.1e-08
-13.5937,-10.5271
1.4095,1.1e-08
0.0949464,0.237079
1.29328,0.147201
0.858206,0.439443
1.09521,1.1e-08
1.10108,1.1e-08
1.11389,0.0733883
1.2407,1.1e-08
1.11456,0.240337
0.0859722,1.1e-08
-11.5515,-16.3056
1.50416,1.1e-08
0.0588505,0.250968
0.502165,0.0291047
0.753898,0.0758105
1.22937,1.1e-08
0.277583,0.205849
0.218899,0.1773
0.844221,0.0976991
1.31771,0.439179
1.11385,0.20291
1.25784,1.1e-08
0.70208,0.0498817
-9.78767,-13.0309
0.160881,0.262767
0.457129,1.1e-08
0.503821,0.145314
1.44466,0.306736
1.06625,0.0925509
1.41753,0.393926
1.01827,0.417203
0.779249,0.515759
0.583887,0.211428
0.725042,1.1e-08
0,1.1e-08
1.37797,1.1e-08
0.757464,0.0327029
0.254423,1.1e-08
0.872855,0.151908
-11.378,-12.9351
-2.68867,-0.882024
0.124703,1.1e-08
1.50416,0.714046
-6.31681,-4.65505
0.585374,0.315034
1.27027,0.27115
-15.0365,-22.1239
0.288654,0.0394608
0.589687,1.1e-08
-9.6887,-10.1277
-10.3348,-13.7127
0.81268,1.1e-08
0.442751,0.358498
0.300783,0.0197059
1.01678,0.155833
1.50417,0.0202203
0.19362,1.1e-08
0.295653,0.270673
0.278033,0.494099
1.34922,0.288182
0.876751,1.1e-08
0.78092,0.0951805
0.633343,0.448313
-14.5125,-19.1357
1.08763,0.22615
1.23481,1.1e-08
-1.32688,-0.244998
0.339973,1.1e-08
0.613151,0.0731445
0.786578,0.0146811
1.1e-08,0.0865159
0,1.1e-08
1.42114,0.13733
0.618415,0.159763
1.45998,0.0936902
-6.33734,-4.18959
1.36548,0.037829
-6.17618,-5.10609
-3.68253,-1.34748
1.26435,0.495328
1.4921,0.235872
0.950983,1.1e-08
1.1e-08,0.262067
1.37112,1.06734
1.12637,0.534071
-8.75012,-6.76201
0.336163,1.1e-08
0.916885,0.0443731
0.159128,1.1e-08
1.50416,1.1e-08
0.760593,0.386002
-11.1811,-14.5788
1.13247,0.281788
0.843696,0.229462
0.267577,0.0371269
1.3033,0.495025
-9.74288,-11.1187
1.1e-08,0.421591
1.22533,0.107083
1.33333,0.625793
0.778981,0.204119
0.126867,1.1e-08
1.18772,1.1e-08
0.434592,1.1e-08
1.3248,0.0247706
1.07153,0.00609286
1.50416,1.1e-08
1.4013,0.657374
1.00866,0.24847
0,1.1e-08
1.17247,0.0932869
1.27972,1.1e-08
-14.7948,-12.47
-11.1254,-12.3256
0.183524,0.0467643
1.03078,0.498649
0.936845,0.38065
1.11295,1.1e-08
0.924634,1.1e-08
1.39742,0.043964
1.05743,1.1e-08
0.827256,1.1e-08
0.514137,0.0160385
0.841737,0.128336
0.790685,1.1e-08
-8.81406,-7.34805
1.50416,1.1e-08
0.623889,0.283004
0.710432,0.0990753
-2.54501,-0.685994
0.640027,0.213803
0.800618,0.439651
0.102882,1.1e-08
-5.44063,-2.94002
1.18195,1.1e-08
0.72651,1.1e-08
-18.3251,-12.1172
1.4076,1.1e-08
0.302836,0.106874
0.254975,0.36319
0.52231,0.294817
1.45037,0.194916
1.38673,0.28726
0.88834,1.1e-08
1.32913,0.232412
1.1e-08,0.512447
-9.04949,-9.22395
1.10599,0.163499
-11.1262,-10.0562
0.474685,0.063545
1.09398,0.275974
1.18463,0.129531
0.538625,1.1e-08
0.50577,1.1e-08
1.35045,1.1e-08
1.26248,0.534146
1.10209,0.35603
-15.5017,-21.0814
0.639505,0.0991648
0.906936,0.369187
1.1007,0.00777362
0.950907,0.326083
1.17264,0.370285
0.629337,0.0562624
1.3791,1.1e-08
1.48345,0.461842
1.36912,0.138047
1.06381,1.1e-08
0.543909,0.101639
0.726248,0.272675
1.32723,0.204419
1.50417,0.149528
1.41249,1.1e-08
1.12652,0.105105
1.30639,0.115758
1.24168,0.244564
0.432859,0.0311009
0,1.1e-08
0.00325335,0.0889028
1.00296,0.466075
1.18435,1.1e-08
1.07421,0.290338
1.1e-08,0.384924
1.34477,0.0134643
0.812571,0.561548
1.00384,1.1e-08
1.28693,1.1e-08
0.66065,0.0301205
0.802099,0.173872
1.31747,0.311737
1.41047,0.196759
-11.3942,-17.2231
0,1.1e-08
0.332653,1.1e-08
0.874643,0.101024
0.978163,0.169958
0.0330183,0.465543
0.825725,0.00393356
0.252453,0.436572
1.50417,0.131996
0.746751,0.358415
1.04226,0.170451
0.485862,0.128836
0.369611,1.1e-08
1.50416,1.1e-08
0.85977,1.1e-08
1.44503,1.1e-08
0.0435441,1.1e-08
1.1e-08,0.598646
0.00953248,0.210958
1.17217,0.184837
0.230554,0.00124734
0.96501,0.191838
0.630976,0.380594
1.21163,0.433959
1.41007,0.438998
1.47129,1.1e-08
0.797868,0.330788
0.78669,0.0628283
0.453771,1.1e-08
-6.52374,-5.75383
1.1e-08,0.337377
0.192766,0.0297504
0.224065,0.518448
0.560633,1.1e-08
0,1.1e-08
1.36135,0.360803
1.50417,1.1e-08
-8.39539,-5.65908
0,1.1e-08
1.24886,0.0771753
1.35462,1.1e-08
0.382388,0.367206
1.1e-08,0.00490447
1.34175,0.110357
0.291372,1.1e-08
1.40936,1.1e-08
0.695591,1.1e-08
1.0714,0.761186
0.316435,1.1e-08
1.50416,0.504676
0.698644,0.0931847
0,1.1e-08
0.297695,0.19731
1.47371,0.159674
0.966172,0.0947245
0.617254,0.234319
0.0593205,1.1e-08
-9.8371,-7.82613
0.84277,1.1e-08
0.935143,0.253231
0.253704,0.0190327
1.20826,0.159262
0.0491405,0.00506202
0.00558884,1.1e-08
0.860375,0.563256
1.06562,0.042073
1.29594,1.02648
0.706951,1.1e-08
0.412375,0.449655
1.17854,0.649798
1.2403,0.454532
1.08443,0.173562
1.06223,0.135426
0.287951,1.1e-08
1.06985,1.1e-08
1.22012,0.0938575
0,1.1e-08
0.412385,0.21878
0.15856,1.1e-08
1.30087,0.364936
-4.22093,-2.57225
0,1.1e-08
1.18265,0.713879
0.784351,0.348499
1.42718,0.232953
0.563289,0.347745
1.13059,0.578664
0.857976,1.1e-08
0.0257211,0.192947
-11.7419,-11.3163
-7.0277,-6.76336
1.50416,0.391094
0.894705,0.0838997
0.691737,1.1e-08
-5.75488,-3.32935
-12.5705,-11.0833
-14.6571,-8.55201
1.07345,1.1e-08
0.899712,0.437907
1.25959,0.576729
0.322454,0.021312
0.66579,0.0625262
0.513875,1.1e-08
-12.8616,-20.5752
0.958956,0.361108
1.04267,0.315376
1.50417,0.180272
-4.46423,-2.2295
0.894115,0.0222353
-6.84187,-4.65496
-8.36274,-8.28938
0.39719,0.14797
0,1.1e-08
-13.7682,-12.0467
0.683677,0.247008
0.943387,0.155334
1.17384,0.0524427
0.628146,1.1e-08
0.457085,0.444301
0.745136,0.0545264
-8.14328,-7.35327
1.49157,0.695835
0.346524,0.234688
1.1e-08,0.258453
1.01647,1.1e-08
0.921819,0.469803
1.1537,0.756649
1.19642,0.0923447
1.04481,0.0270937
0.825989,0.351395
-4.88775,-2.57238
1.16828,0.337891
1.1e-08,0.412698
1.06464,0.490809
1.1e-08,0.233792
0.789043,0.282114
1.35782,0.46719
0.669441,0.174701
-1.62003,-0.367486
1.50416,0.0834435
1.50417,0.293474
0.278828,1.1e-08
1.20761,0.239781
0.663991,0.213209
-12.7672,-19.2207
0.60058,0.0377007
0.207383,0.228973
0.336787,1.1e-08
0.584241,1.1e-08
0.966347,0.148359
-14.9184,-11.7649
1.41094,0.472705
0.482536,1.1e-08
1.31216,1.1e-08
0.967416,0.452422
0.370498,0.411518
1.13214,0.0190361
0.970905,0.295685
0.368224,0.069666
1.29114,0.158151
0.919939,0.0471769
0,1.1e-08
1.21198,1.1e-08
1.45962,0.165379
1.21775,1.1e-08
1.11157,0.287207
-13.393,-11.0966
1.01791,0.134413
1.22734,1.1e-08
0.137199,0.394974
1.21564,0.740224
0.169686,0.340733
1.1e-08,0.194587
1.40458,0.0126711
0.0685728,1.1e-08
0.307391,0.437932
-7.16486,-6.20231
0,1.1e-08
0.859455,0.258632
1.14004,0.237538
0.763943,1.1e-08
1.273,0.617906
0.212177,0.104114
1.42871,1.1e-08
1.1e-08,0.296698
1.40205,0.497359
1.39416,0.151459
1.47279,0.431354
-15.3476,-12.151
1.15128,0.0674139
1.29674,0.545786
1.466,1.1e-08
0.919809,0.217925
0.899185,1.1e-08
0.578599,0.170638
1.12624,1.1e-08
0.657989,0.35677
0.937318,0.0761411
1.48237,0.36029
0.27921,0.400654
1.3319,0.525286
0.59747,0.356589
0.0499863,0.149458
1.0588,0.399368
0.160538,1.1e-08
0.679822,0.393636
-12.2292,-10.6603
0.986605,1.1e-08
0.11869,0.254482
0.00487664,1.1e-08
0.726591,0.09074
1.29608,0.392172
-2.03972,-0.514523
1.15376,0.0872251
1.50417,0.00586626
0.397793,1.1e-08
0.0347471,0.0340253
0,1.1e-08
1.50416,0.0302773
1.2989,0.589981
1.50417,0.760139
0.568378,0.0139858
0.876516,0.0487899
-4.07331,-1.61699
1.42386,0.611085
-10.7953,-15.4351
-8.158,-7.56588
1.15162,1.1e-08
1.3309,0.702747
1.48508,1.06868
-8.91055,-8.76307
0.959723,0.0124707
1.12254,0.045071
-6.17863,-3.3314
1.2241,1.1e-08
1.47065,0.139351
1.12609,0.467123
0.749577,1.1e-08
0.800427,1.1e-08
1.38865,0.224918
0.765264,0.455089
1.35998,0.441039
0.192365,1.1e-08
-4.53058,-1.91099
1.03932,1.1e-08
1.19731,0.0585711
1.2733,0.2109
1.25456,0.312321
0.288392,0.157629
1.39491,0.795263
1.46636,0.00476142
1.50417,0.252259
0.494833,1.1e-08
0.86272,0.29003
1.50417,0.103553
1.47354,1.1e-08
1.02914,1.1e-08
0.582263,0.159029
0.816444,1.1e-08
0.972024,0.0652206
1.19888,0.051889
1.24513,0.136255
1.22413,0.21331
0.396201,0.619023
1.1e-08,0.0479402
-15.9592,-11.9898
1.14203,0.80342
0.967491,0.0306881
1.1e-08,0.0465614
1.42581,0.168408
1.35498,0.155807
0.0371257,0.341885
1.1e-08,0.0987903
1.47879,0.269777
0.864897,1.1e-08
-13.9948,-18.1542
0.099915,0.305613
-13.2379,-23.2392
1.44479,0.0360154
1.49281,0.905532
1.00817,0.553046
0.841338,1.1e-08
0.360197,1.1e-08
0.854225,0.0661937
0.0350443,0.280743
-5.65164,-3.74889
0.927575,1.1e-08
1.2034,0.826308
0.900117,1.1e-08
0.532035,1.1e-08
1.19381,0.15407
0.648492,0.248169
0.840678,0.032987
-1.00632,-0.146981
0.315641,1.1e-08
-12.9947,-14.5769
0,1.1e-08
0.509127,0.145352
0.244533,0.238614
0.50601,0.671155
-5.90483,-4.18937
0.026904,0.168394
-7.59371,-6.76102
1.50417,0.563828
0.111826,0.427339
-5.24736,-3.74833
1.27757,0.696503
1.21929,0.543783
0.456611,0.223107
1.15079,0.301276
0.326455,0.0678277
-12.4839,-21.7593
0.208709,0.462585
0.903349,0.566067
-15.1376,-20.0816
0.690988,0.308495
-9.20318,-7.84477
-0.353092,-0.0244997
-5.35888,-3.34266
1.49296,0.288954
0.0217122,1.1e-08
-10.9526,-9.53526
-14.2648,-11.338
0.357076,0.303642
0.821336,0.190683
1.02113,1.1e-08
0.0719408,0.213766
1.32059,0.390476
0.94297,0.208622
-7.73531,-8.38552
1.13019,0.137455
0.855065,0.0329785
1.21612,0.0203813
0.00573388,1.1e-08
0.742648,0.311994
0.189575,0.255647
1.02293,0.0341395
0.792862,0.389216
0.740428,0.172264
-4.63499,-2.93972
1.2396,0.0827609
0.0988805,0.0279627
0.611261,0.192393
1.34569,0.492097
0.494805,0.291766
0,1.1e-08
0.707413,0.630772
1.494,0.584518
0.80727,0.217827
1.45043,0.681041
1.50416,0.53825
0.981851,0.0338726
0.913207,0.41464
1.16148,1.1e-08
0.0564137,1.1e-08
1.07818,0.375898
1.12075,1.1e-08
0.860028,0.119921
1.21906,0.264508
-0.654272,-0.0735009
0.126205,0.0267421
-9.61372,-9.44735
1.28611,0.0719391
0.516756,0.756952
1.36611,0.0485048
0.562409,0.112709
-14.2528,-8.26855
-12.0642,-14.5768
1.50416,0.466059
1.09484,0.434482
0.776846,0.244817
0.252899,0.065312
-3.26095,-1.61675
1.28068,0.366028
0.0637486,0.0371341
-14.665,-11.5846
1.13226,0.0254181
1.1641,0.528318
0.975336,1.1e-08
1.02619,0.215288
-13.8667,-22.1116
0.518436,0.379356
-9.87482,-12.6885
0.587757,1.1e-08
1.28927,0.429351
1.09594,1.1e-08
0.765219,1.1e-08
-9.99365,-12.4157
0.125814,0.283235
0.0510484,1.1e-08
0.59655,0.269843
1.29131,0.00396821
1.05996,0.035983
1.50417,0.0633456
0.914673,0.270392
0.373927,0.55575
1.22106,0.0540417
1.51308,0
