0.766612,0.187697
0.401059,1.1e-08
-14.1098,-21.891
1.29531,0.0518579
-13.8414,-25.4038
-6.33804,-3.82857
1.76029,0.176625
1.68921,1.1e-08
-30.3855,-108.596
1.76029,0.0175851
0.607841,1.1e-08
0.521427,0.326462
-8.71365,-4.18947
1.1e-08,0.0155722
0.984699,1.1e-08
-5.71283,-3.24709
0.638568,1.1e-08
0.979121,0.233038
1.1e-08,0.22547
-18.5474,-27.5399
-3.95895,-1.61655
0.0268027,1.1e-08
-33.0624,-82.9173
1.76029,1.1e-08
0.231804,0.103583
1.68966,0.0841775
1.76029,0.0624716
1.76029,0.288138
0.285924,0.13935
-15.379,-30.0483
0,1.1e-08
0.360543,0.161642
1.76029,1.1e-08
0,1.1e-08
-25.0539,-78.8835
0.059599,0.249317
1.69407,1.1e-08
0.56652,1.1e-08
1.76029,0.0380186
0.700433,1.1e-08
1.58974,1.1e-08
-12.567,-18.1524
1.24644,0.371025
1.38613,0.0150115
0.626582,0.0417599
1.69415,1.1e-08
1.1e-08,0.139704
0.981185,1.1e-08
0,1.1e-08
1.76029,1.1e-08
0,1.1e-08
0.246564,0.162009
0.347904,0.394736
1.76029,0.0820621
0.124289,0.0749874
0.909525,0.0554668
1.40156,0.00463399
1.67742,0.172072
0,1.1e-08
-11.0161,-16.3125
0.867198,1.1e-08
1.76029,0.000980106
0.401335,0.361234
1.73819,0.30293
1.50222,1.1e-08
-16.9345,-32.2157
0.858548,0.438282
0.406038,0.321935
0.579325,1.1e-08
-21.0025,-31.5001
0.768187,0.117298
-24.4978,-52.5529
-5.94481,-3.85656
0.962135,0.0354407
1.26316,1.1e-08
1.75627,1.1e-08
1.47407,0.0977734
-30.7595,-104.901
-8.21778,-4.18953
-18.5419,-37.7266
-16.0351,-25.3812
1.1e-08,0.198592
1.1049,1.1e-08
0.142401,1.1e-08
0.517016,0.409124
0.474405,0.437555
0.79027,0.158178
1.68669,0.0137929
-21.5176,-43.365
1.55658,1.1e-08
0.00965876,0.0744843
-24.1723,-57.4748
0.0450046,0.0498443
0.384225,0.201957
1.20734,0.199985
-14.53,-26.4884
1.76029,0.315917
1.1e-08,0.313438
1.03767,0.46662
0,1.1e-08
0.616407,0.0149057
-3.69492,-1.6173
1.35799,0.191551
0.151267,0.00629703
0.880867,1.1e-08
0.388781,1.1e-08
1.01989,1.1e-08
-21.5105,-59.1659
0.226898,0.0602344
0.0611129,0.160143
0,1.1e-08
1.61525,0.369861
0.232947,0.343476
1.45695,0.0574542
-7.31085,-6.19791
1.76029,0.398775
1.76029,0.141617
1.6247,0.00248022
1.1e-08,0.523939
1.54488,1.1e-08
0.649071,0.061047
0.64614,1.1e-08
-24.8888,-81.3171
0.276317,0.170437
0.226979,1.1e-08
1.76029,0.145568
0.745344,1.1e-08
1.41821,0.0438538
-12.5201,-21.8304
-6.92027,-4.19366
0.501606,0.171584
1.21061,0.110373
1.23854,0.119875
1.76029,0.138387
0.994671,1.1e-08
-28.9197,-79.3001
0.0743182,0.131511
0.669237,1.1e-08
-25.6434,-74.1551
-16.5709,-31.3313
-23.8403,-75.147
1.66341,1.1e-08
1.76029,0.0857273
1.1e-08,0.363458
0.792444,0.241988
1.76029,1.1e-08
0.595344,1.1e-08
1.24539,0.0870081
1.72985,0.105685
-11.0469,-11.3925
-30.6755,-100.334
1.14728,0.12619
1.19076,1.1e-08
0.392115,1.1e-08
1.76029,0.214397
0.853123,0.213034
1.64552,0.0107446
0.482772,0.0287696
1.67868,1.1e-08
0.678199,0.0126074
1.29937,0.014939
0.510429,0.0602549
0.435412,1.1e-08
0.0393166,1.1e-08
-20.4594,-55.8107
1.10861,0.0405711
0,1.1e-08
0.896638,0.136138
-23.2787,-62.9094
1.76029,0.0832546
-14.399,-20.0907
-5.26228,-3.55392
1.02008,0.0653993
-30.0345,-84.8021
-3.3054,-1.33274
-8.70902,-9.9469
1.1e-08,0.00229088
1.1e-08,0.0307022
0.473722,1.1e-08
1.26209,0.283906
1.70805,1.1e-08
0.967818,1.1e-08
0.0221301,0.21965
1.25875,1.1e-08
0.15335,0.0393333
1.76029,0.443871
0.874901,0.173916
1.21803,0.238514
-14.9345,-25.3085
0.280921,1.1e-08
0.779243,0.0389133
0.926359,1.1e-08
1.41557,0.198943
1.63096,1.1e-08
0.370624,0.294578
0.960172,0.0839628
0.629749,0.732245
-29.6112,-88.1284
1.76029,0.14526
1.76029,0.342604
0.298341,1.1e-08
1.76029,0.124328
1.233,0.300349
1.4832,0.166782
0.0365614,0.758716
-12.136,-17.2187
0,1.1e-08
-34.4158,-105.487
0.360311,1.1e-08
1.61373,1.1e-08
0.782233,0.0556307
1.05908,1.1e-08
1.67026,0.0997764
1.75429,0.0853136
-32.7931,-109.377
-10.5123,-13.7445
1.62747,1.1e-08
-6.66989,-2.30071
1.74331,0.0189425
0.444021,1.1e-08
-9.8293,-10.6575
-23.3237,-59.1687
-2.02709,-0.514384
-8.39151,-9.26098
0.723162,1.1e-08
1.76029,0
0.489799,0.117912
0.135479,0.0469111
0.503638,0.280001
-18.7958,-33.7992
-31.7269,-73.2646
0.0461515,0.10772
0.465184,0.0203062
0.983886,1.1e-08
-26.8175,-102.737
0.951259,0.255495
0.815913,0.210029
0.729359,1.1e-08
0.132832,0.217148
0.759126,1.1e-08
0.20696,0.754976
1.30012,0.298415
0.636881,0.347348
0.592415,0.217941
0.476998,0.314113
-9.04128,-1.69492
0.368726,1.1e-08
0.409997,0.2368
1.56375,0.125308
0.634955,0.205451
1.61948,0.03424
-22.6781,-71.1928
0.0923404,1.1e-08
-44.5113,-85.5812
-25.774,-32.8944
-14.9619,-29.5798
0.093968,0.165088
-0.347618,-0.0244988
1.52361,0.133426
-0.331389,-0.0245061
0.0292023,1.1e-08
-4.71807,-2.23411
-20.6964,-39.102
-8.60038,-4.40636
-3.08806,-1.36139
0.0409431,1.1e-08
-5.38073,-4.16982
1.22334,1.1e-08
1.76029,0.164465
0.300076,0.0461032
0.00992394,0.0823924
-27.7429,-87.6738
0.0721181,1.1e-08
1.76029,1.1e-08
0.213142,1.1e-08
0.14408,0.585491
0.310339,1.1e-08
1.07187,0.0655353
0.56712,0.0583363
-39.3485,-82.3281
0.261651,0.0954025
-16.3234,-36.3858
-15.6743,-23.3185
0.701925,1.1e-08
1.7527,1.1e-08
1.76029,0.0874996
0.076895,0.563314
0.54378,0.195098
-30.2994,-71.1467
1.70004,0.237376
-18.5287,-28.402
1.76029,0.370626
0.266159,0.0627516
0.640075,0.690284
1.21886,0.0276242
1.76029,0.31875
1.76029,0.117254
1.68955,0.0695885
1.76029,1.1e-08
0.847134,0.0990833
0.231942,0.584843
-30.0531,-92.3172
1.69472,0.129035
0.0685028,0.0311437
1.76029,1.1e-08
-17.318,-33.8486
0.205696,0.159009
-28.8427,-81.3076
0.273567,1.1e-08
-26.8081,-32.4563
0.109213,0.138877
1.76029,0.320732
0.563459,0.116388
-23.6369,-32.5285
1.37275,1.1e-08
-8.69304,-8.59949
0.0227604,0.375821
1.76029,0.508178
-6.20395,-4.19221
1.53826,0.248824
1.02175,0.0259065
1.01426,0.25787
0.679955,1.1e-08
1.1e-08,0.413405
0.522834,0.152593
-32.7824,-108.805
0,1.1e-08
-21.3231,-68.1734
1.1e-08,0.0598383
0.888289,0.318134
1.71497,1.1e-08
0.56558,1.1e-08
0.701748,0.167524
-29.5526,-75.0547
0.31556,1.1e-08
-11.8925,-16.3192
0,1.1e-08
0.622303,1.1e-08
-2.91939,-1.09954
-27.1993,-91.6532
0.641523,0.159274
1.42521,0.341064
1.53115,1.1e-08
0.429255,0.0458175
1.71155,0.364405
1.30412,0.136918
0.0168858,1.1e-08
0.987821,0.20381
0.74832,1.1e-08
0.393027,0.0537955
0.365142,0.455846
1.1e-08,0.346563
1.05126,0.179697
-26.4903,-62.7047
0.92351,0.0415749
0.404986,0.107909
0,1.1e-08
0,1.1e-08
0.93093,0.226225
0.0276821,0.180824
0.710237,0.206626
1.30665,1.1e-08
0.456575,0.210482
0.855863,1.1e-08
-27.4978,-98.1174
0.151011,0.383592
-35.3342,-109.386
0,1.1e-08
0.535062,1.1e-08
1.32611,0.0138915
-9.46276,-4.54024
1.73192,0.235608
0.122364,0.107022
1.23447,0.0248296
1.66351,0.0508396
0,1.1e-08
-16.2804,-25.5584
0.137867,1.1e-08
1.18157,1.1e-08
1.29095,1.1e-08
-22.0569,-55.8121
1.57242,0.0493436
1.76029,0.119068
-29.8062,-67.9469
1.76029,0.161685
1.18829,0.118388
-12.8265,-21.0948
1.65037,0.126599
-17.7775,-36.3818
-34.5753,-83.4705
1.66332,1.1e-08
-5.36017,-3.9748
1.1e-08,0.154261
-14.6538,-23.0411
0.551232,0.354201
1.4733,1.1e-08
-6.38432,-3.43926
0.559517,0.479477
-13.3082,-24.2726
0.280238,0.10514
0.530133,0.253219
0.703554,0.540794
0.738279,0.366967
0.156328,1.1e-08
1.45508,0.226585
0.348253,0.327667
1.19648,0.0740254
0.91935,0.0338324
-24.8123,-32.8825
1.1e-08,0.00794826
0.447555,1.1e-08
1.64221,0.0831315
0.596105,0.0859929
1.06636,0.645114
1.1e-08,0.296715
1.17882,0.0277607
0.174602,1.1e-08
-24.9382,-76.5187
-3.89697,-2.36418
0.0602248,1.1e-08
-17.2122,-35.0595
-31.3828,-95.9596
1.4009,0.0819821
1.31678,0.175611
-18.0565,-40.4947
0.915449,0.30371
1.02266,0.145421
0.725328,0.234591
1.72549,0.056936
0.129481,0.0778608
0.623822,0.0285353
1.54844,0.0893099
-26.0818,-67.9511
-29.4768,-91.6554
0.320642,0.205364
1.1e-08,0.0011108
0.712849,0.0651523
1.76029,1.1e-08
0.00316104,0.0220384
1.76029,0.0209038
0.449091,0.661773
-19.9427,-49.392
0,1.1e-08
1.1e-08,0.254707
1.65967,0.0157543
1.1e-08,0.127665
1.04502,1.1e-08
0,1.1e-08
0.924591,1.1e-08
0.891436,0.209369
0.885933,0.112174
0.0979484,0.30413
1.76029,1.1e-08
-31.7916,-87.2654
0.214742,1.1e-08
0.696645,0.0959708
1.07087,1.1e-08
0.817578,0.035752
0.365806,0.0322777
1.51181,0.0839479
0.727559,0.0148684
0.625687,0.106418
-7.65864,-4.20161
0.228922,1.1e-08
0.549221,0.296803
1.76029,0.377899
0.827225,1.1e-08
0.129731,1.1e-08
-19.3841,-29.964
-24.8014,-62.4263
1.1e-08,0.252134
0.115935,1.1e-08
1.13045,0.310677
0.274798,0.422337
1.70827,0.0343712
0.685381,0.094193
-9.90461,-12.936
-26.9289,-95.9911
-2.4787,-0.686576
-3.51854,-1.35259
0.160135,1.1e-08
-25.8104,-88.0638
0.51477,0.444351
1.19786,0.341763
0.223023,1.1e-08
1.43558,0.0346448
0.987349,0.0213228
1.25455,0.0142064
1.76029,1.1e-08
-15.5341,-30.9276
1.3455,1.1e-08
-15.4097,-29.8504
0.992026,0.169887
1.34078,0.0669308
0.147197,1.1e-08
1.42365,1.1e-08
0.0315362,0.312186
1.37216,0.370449
1.76029,0.24777
1.57586,0.299636
0.110393,1.1e-08
-13.914,-21.0944
1.76029,1.1e-08
0.270103,1.1e-08
0.539902,0.0464387
0.173906,0.255268
0.000865001,0.333122
1.46537,0.665655
0.023603,1.1e-08
0.25496,0.199695
1.70452,0.0299213
0,1.1e-08
0.70886,0.313816
-36.0174,-83.3704
0.849677,0.586208
0.530753,0.0226431
0.0952935,1.1e-08
-4.12604,-2.13986
0.622888,0.0769791
1.76029,0.0168094
0.389666,1.1e-08
0.877826,0.111703
0.575962,0.175453
1.09177,0.172066
0.634005,0.479172
0.895782,1.1e-08
-24.4596,-68.0675
0.246837,0.237895
0.724999,1.1e-08
1.27435,0.0981012
-22.5788,-46.3295
0.0907664,0.473603
1.37169,0.120035
-30.4227,-78.0322
0.88929,0.39011
0.471769,1.1e-08
-13.2993,-22.5562
0.274895,0.0390503
1.21301,1.1e-08
1.07539,1.1e-08
-1.71032,-0.367751
1.41117,0.264037
1.5637,1.1e-08
1.61497,0.0969636
-7.41174,-6.76191
0.930344,0.0144498
-15.482,-20.0898
0.342565,0.0561786
1.32645,0.104839
1.46882,0.0140816
-9.10385,-9.26101
1.71796,1.1e-08
0.484223,0.0336689
0.0215597,0.259734
1.18495,1.1e-08
-15.8817,-33.9059
0.198815,1.1e-08
0,1.1e-08
0.354847,0.0615631
-36.745,-107.558
-24.3224,-73.3255
-30.7048,-79.9113
0.526886,1.1e-08
-22.7003,-30.6877
-10.6485,-10.6575
-17.2347,-25.3098
-9.4153,-11.3924
-33.8165,-95.9395
0.612164,1.1e-08
1.37868,0.231503
1.76029,0
-20.4053,-29.9885
1.71222,0.196823
0.443844,1.1e-08
-2.18185,-0.51453
1.58538,0.24824
0.71215,0.0405242
0.15994,0.479654
0.236972,0.389392
1.76029,1.1e-08
0.675768,1.1e-08
0,1.1e-08
-37.3363,-75.8863
-28.56,-104.702
0,1.1e-08
0.437219,1.1e-08
-26.7542,-93.7737
0.414441,0.412448
1.12856,1.1e-08
0.201313,1.1e-08
0.149163,0.338748
-26.5238,-74.6729
0.938829,1.1e-08
-20.7839,-44.835
-0.356749,-0.0244997
0.296623,1.1e-08
0.185907,0.102974
0.240801,1.1e-08
1.76029,0.228563
0.240717,0.13591
-22.779,-69.8101
-8.53553,-5.401
0.169873,0.0788223
1.1e-08,0.0669814
-20.4082,-30.9184
-25.2972,-59.1671
0.472385,1.1e-08
0.208068,0.121553
0.961855,1.1e-08
0.0575425,0.33877
-1.38797,-0.245051
-5.98979,-3.61803
1.73749,0.143228
0.55648,0.12577
0.0859515,1.1e-08
1.76029,1.1e-08
1.76029,1.1e-08
1.02906,1.1e-08
-11.0329,-15.4373
1.66629,0.0765986
-11.9624,-15.4365
0.990508,0.0424913
1.71398,1.1e-08
0.837561,1.1e-08
0.771085,0.112622
-24.5995,-69.8447
-5.04302,-2.23024
0.617907,1.1e-08
-19.8388,-43.365
0.32626,0.0114499
-5.43487,-3.06828
1.73932,0.184243
-5.95093,-5.24186
0.358888,0.52007
-43.9676,-85.1943
0.18146,0.0211935
0,1.1e-08
0.10786,0.334872
1.76029,0.0805226
0.572635,0.42451
-22.4544,-64.4229
-16.5959,-28.6545
-8.75979,-7.35032
0.87251,0.0425224
1.20771,0.0527834
0.290087,0.00152053
-28.2997,-100.321
-7.45782,-7.35089
1.76029,0.00361152
0.184617,1.1e-08
-26.9514,-85.1777
1.76029,1.1e-08
0.317049,0.174722
-24.4977,-71.7498
1.39611,1.1e-08
-22.4065,-60.8887
0.723923,0.0827321
1.05995,0.127918
-8.03489,-6.76205
1.07194,0.359414
0.631879,0.069229
1.51616,0.178166
0.0467923,0.0914326
0.188119,1.1e-08
-0.624477,-0.0735006
0.0683549,0.00907501
-16.4728,-29.4601
0.552397,0.0592233
0.956717,0.0356039
0.541005,1.1e-08
-6.20239,-2.91825
1.1e-08,0.670116
0.528951,1.1e-08
0.339752,0.0902633
1.25259,0.177046
0.604687,1.1e-08
0.0446528,0.410598
-7.9213,-6.19881
-27.8521,-73.2316
1.76029,0.049367
-7.50055,-3.74527
-29.1691,-79.087
0.442647,1.1e-08
1.4787,1.1e-08
-7.11512,-5.10991
1.1e-08,0.431869
0.0101347,0.0398172
1.76029,0.183107
-2.91586,-0.882
-3.14159,-1.10286
-15.7483,-32.7839
-14.0982,-17.2237
0.432747,0.0149178
1.44684,0.294404
0.092685,0.205702
1.0021,1.1e-08
-25.0253,-54.1495
1.76029,0.010561
1.56244,0.0969006
-7.38335,-4.17369
1.76029,0.117461
0.553508,0.392689
1.76029,0.0328157
1.76029,0.07858
1.37331,0.0771288
0.332125,1.1e-08
-21.6115,-49.392
-28.0748,-72.2764
-5.20234,-2.53908
-9.42362,-8.59949
0.0428991,1.1e-08
1.43745,0.0987821
1.38235,1.1e-08
-5.80015,-4.19891
1.05791,0.260254
0.0690953,1.1e-08
-4.2826,-1.90163
1.15495,1.1e-08
1.29318,1.1e-08
1.1e-08,0.0210997
0.489142,1.1e-08
0.700019,0.65416
1.16373,0.162865
-13.5904,-23.2375
1.42743,1.1e-08
-20.8481,-50.96
-17.1925,-27.3536
0.807795,1.1e-08
0.813383,0.0948876
-3.43854,-1.61704
1.76029,1.1e-08
0.765572,0.481658
0.964661,1.1e-08
0,1.1e-08
1.46451,0.189892
1.76029,0.490034
-10.7698,-12.936
-9.0394,-4.05855
1.10613,1.1e-08
0,1.1e-08
0.152629,0.0494974
1.76029,0
0,1.1e-08
0.00591417,0.453598
1.59618,1.1e-08
1.49325,1.1e-08
-4.81687,-2.7224
-25.3175,-31.9282
0.431582,1.1e-08
1.16134,0.206969
0.776412,0.0185382
1.10399,1.1e-08
-30.1868,-111.7
-25.0372,-31.5654
-35.2316,-105.19
0.671041,0.154906
1.76029,1.1e-08
1.41375,0.008405
-31.4197,-83.513
-26.2661,-72.7449
-7.32206,-3.4337
0.46501,1.1e-08
-19.1099,-44.835
1.76029,0.120912
1.1e-08,0.592509
0.461636,0.353501
0.52647,1.1e-08
-7.982,-7.96249
1.3138,1.1e-08
1.30757,1.1e-08
1.66869,0.0376281
-17.4089,-28.7071
0.826529,0.1788
-43.5376,-84.177
1.09375,0.0319723
1.20342,0.405718
-13.7985,-19.1095
1.59659,0.0570234
1.1e-08,0.104207
0.649732,1.1e-08
-0.993861,-0.146981
0.180578,1.1e-08
-15.7059,-26.9846
-25.7714,-64.3981
0.792247,0.277431
-27.3426,-64.386
0.348055,0.122932
0.00167778,0.169276
-3.98609,-1.34754
1.62068,0.185662
1.52442,1.1e-08
0.38643,0.14366
1.38413,0.450832
0.120709,0.184934
1.48131,0.130058
1.76029,0.17325
-14.3959,-24.2377
0.308403,0.0983969
1.17065,1.1e-08
0.0342893,1.1e-08
1.37197,0.306402
0.416277,1.1e-08
0.172806,0.032472
0.378531,1.1e-08
-25.2318,-79.0592
-31.6429,-75.4196
0.087418,0.26175
0.125775,0.631069
1.08777,1.1e-08
-28.1164,-89.6076
1.41519,0.161526
1.65128,1.1e-08
1.33588,1.1e-08
1.75021,0.138746
0.883595,1.1e-08
-26.3909,-76.8304
1.44848,0.00471898
-3.9881,-1.92256
1.76029,1.1e-08
1.61442,0.0482766
0.105968,1.1e-08
1.54626,0.0417098
0.472466,0.0745405
-20.6193,-47.8486
-24.467,-31.168
-34.2982,-98.1227
0.401329,1.1e-08
1.55271,0.209208
0.644041,1.1e-08
1.6065,0.00872273
1.63335,0.289106
1.03012,0.215265
1.48862,0.0226263
0.343851,0.242177
1.2445,0.0556274
1.69735,0.291759
0.810614,0.418277
0.590376,0.0248382
0.48339,0.214882
0.764155,1.1e-08
0.668775,1.1e-08
-4.99519,-3.24772
-7.29664,-5.6595
0.420263,0.274681
-12.7835,-19.113
0.983417,0.287662
0.599307,0.36121
-41.9911,-83.3533
-3.36443,-1.10417
1.70628,0.118563
1.63298,0.154774
1.76029,0.0197169
-19.5441,-32.4881
-9.45157,-9.94701
0.787822,0.00377977
1.7377,0.425608
1.15111,1.1e-08
1.13435,0.445765
0.674171,0.0555554
1.07058,0.076088
1.40512,1.1e-08
-42.5685,-82.9313
0.154262,0.532311
-9.26601,-2.62252
-22.4269,-73.4052
-24.7876,-66.1705
0.946631,0.312522
0.925662,0.470632
1.29255,1.1e-08
0.722618,0.40296
-7.06915,-3.75093
0.829509,0.00111305
-2.70553,-1.09314
-11.6481,-18.1575
0.908794,1.1e-08
0.95328,0.164712
0.948435,0.369894
-31.8453,-98.1212
-37.3733,-83.3661
0.757417,0.288711
-26.112,-60.8846
0,1.1e-08
0.7017,0.442765
1.02782,0.0497325
1.76029,1.1e-08
-20,-54.2036
0.00687717,1.1e-08
1.45312,0.0735757
0.747601,0.148147
-15.4782,-24.2598
0.0468633,0.285811
1.76029,1.1e-08
0.302132,0.0605042
0.847109,0.282528
0.359757,0.370446
-10.8093,-4.64556
-5.05503,-3.62723
0.662256,0.0396871
1.76029,0.0867327
0.0510009,1.1e-08
1.44728,0.01506
0.868538,0.0340377
0.110788,0.421879
0.111942,0.244157
1.1321,1.1e-08
-16.3935,-30.1847
0.0765194,1.1e-08
0.0184802,0.140803
0.986225,0.117574
0.440109,0.110655
1.1e-08,0.205587
-15.9686,-22.1265
0.850183,1.1e-08
-9.7679,-12.1519
1.55219,0.175321
0.498979,0.496698
-34.0652,-80.0406
1.76029,0.214355
1.32905,1.1e-08
1.1e-08,0.103557
0,1.1e-08
-10.5013,-14.577
-12.7689,-16.3169
0.287674,0.0234494
-11.2237,-17.2286
1.74866,1.1e-08
0,1.1e-08
-2.49461,-0.882034
1.24609,0.484849
-20.722,-41.9195
-21.5399,-30.0083
1.12197,0.108426
0.498828,1.1e-08
-22.5217,-31.2303
1.76029,0.278013
0.131778,1.1e-08
0.600401,0.281838
0.299439,0.305866
-27.85,-68.1264
1.76029,1.1e-08
-23.4154,-49.392
0.195437,0.0711013
-2.65028,-0.686029
1.1e-08,0.126707
0.540096,0.166382
0.756178,0.554929
1.76029,1.1e-08
0.817855,1.1e-08
1.29537,0.0335666
0,1.1e-08
0.788729,1.1e-08
-9.54693,-4.86302
-27.9952,-107.179
0.719856,0.265413
-31.1086,-93.7809
0.999544,0.333726
-20.6813,-60.8843
0.166758,1.1e-08
0.693236,0.0222437
0.833287,0.0221192
1.30805,0.346753
0.517601,0.105407
-29.6184,-98.1265
0.077946,0.289859
1.35471,1.1e-08
0.913913,0.161032
1.05367,1.1e-08
1.1e-08,0.101655
1.1281,0.176659
0,1.1e-08
1.1e-08,0.184731
1.73951,0.268722
0.422437,0.138884
0.184385,0.292161
0.380879,0.0601085
-18.2906,-43.3649
-6.72339,-6.19692
0.952425,1.1e-08
-26.0628,-89.4621
0.854827,0.367059
-30.4302,-109.719
0.448739,0.0368958
1.76029,0.345597
0.731477,0.187384
0.194775,0.401926
-26.9477,-79.5702
1.1e-08,0.0774881
0,1.1e-08
0.849287,0.25139
1.76029,1.1e-08
0.299705,1.1e-08
1.76029,0.0779582
0.390087,0.016303
0.39669,1.1e-08
-33.86,-81.9216
1.76029,1.1e-08
1.72625,1.1e-08
-11.3918,-14.5775
-11.4038,-13.7445
0.142848,0.130312
-28.0454,-110.141
0.27837,0.255815
0.499575,1.1e-08
0.356347,0.210193
0.253263,1.1e-08
0.0996531,0.369934
1.76029,0.284982
1.13083,0.0601526
0.674316,0.276765
1.48273,0.00142255
1.76029,0.211595
1.76029,0.0481982
-24.5958,-26.9085
1.33506,1.1e-08
-10.2025,-11.3925
1.54749,0.0044654
0.330466,0.050025
-6.45543,-4.52269
1.46565,1.1e-08
-20.8093,-57.4729
0.175341,0.184499
-10.1725,-15.4333
-21.6355,-54.0685
1.76029,1.1e-08
0.398282,1.1e-08
0.197447,0.058656
-18.9416,-47.8486
1.76029,0.240007
-25.542,-55.8108
0.142425,0.299851
0.946211,0.126155
-11.4643,-12.152
0.114635,0.0271356
1.10838,0.214477
1.1e-08,0.169498
-18.1855,-32.599
1.76029,0.165858
-25.6401,-84.2508
0.422876,0.201043
-28.4846,-69.8265
-39.4029,-83.3188
0.847604,0.0695975
-12.4614,-20.0915
-18.3974,-30.1399
-14.5612,-18.1541
-19.6446,-40.4932
-6.70431,-4.25502
1.1356,0.00432307
1.22792,1.1e-08
0.798798,1.1e-08
1.76029,0.0849504
-4.59377,-2.45811
0.192049,1.1e-08
1.0544,0.0402256
0.680279,0.199933
0.289177,0.48801
-17.6201,-39.102
-33.5029,-93.7867
0.587518,0.317536
0.610084,0.182422
0.44624,0.473963
-15.0014,-22.1728
1.17045,0.0302265
1.72727,1.1e-08
0.932917,0.192133
0.54836,0.225331
-31.6558,-103.73
1.1e-08,0.725763
0.00243837,0.472726
0.383931,0.0865924
0.999597,0.43278
1.32197,1.1e-08
1.76029,0.0289995
1.67414,1.1e-08
1.02458,0.0996078
1.76029,1.1e-08
1.76029,0.198905
0.90831,1.1e-08
-22.8259,-66.1778
0.447744,0.248587
-21.7304,-62.4502
-8.6721,-7.96249
0.665793,0.0799718
0.899565,0.248891
-23.289,-54.2472
0.797229,1.1e-08
-24.174,-64.3483
-12.3541,-14.5775
1.1e-08,0.100566
1.76029,0.0516992
-37.155,-84.9859
-3.70681,-1.90325
-9.07588,-10.6575
-6.64104,-5.15439
-1.59367,-0.366101
-28.4303,-62.6015
-8.5662,-4.79206
1.27168,0.140091
1.76029,0.168538
-31.9427,-91.6543
0.25684,0.729031
-30.1672,-85.075
0.0841711,1.1e-08
-17.4104,-31.2202
-24.3901,-31.5597
-32.2008,-81.1328
-4.41844,-2.23047
-28.7952,-76.3838
1.76029,0.254636
0.0620942,0.221797
0.50779,0.0317622
0.44207,0.384719
1.27127,0.0433326
1.76029,1.1e-08
0.736866,1.1e-08
1.07859,0.307827
0.770352,0.218308
-28.1828,-86.5445
0.560972,0.150873
-31.1171,-73.3721
1.76029,0
0,1.1e-08
1.58315,1.1e-08
0.319225,0.00439884
-22.4452,-57.4814
1.51317,0.0250981
0.604015,0.43983
1.46619,1.1e-08
-32.3426,-76.9714
0.328355,1.1e-08
0.209605,0.190658
0.702068,1.1e-08
1.51002,0.0468403
1.21043,0.154969
0.228045,0.081444
0.428533,0.575222
-42.6231,-86.3387
0.292813,0.665781
-8.01396,-8.59953
-1.82383,-0.367955
1.16987,0.297509
0.308974,0.258591
0.68402,1.1e-08
1.13212,0.239345
0.611171,0.142818
1.005,0.374921
1.74999,0.344562
-4.87381,-2.63221
1.76029,0
1.76029,0.428346
0.456445,0.152188
1.64897,1.1e-08
0.412547,0.0497995
1.68276,0.136138
0,1.1e-08
-26.8456,-82.2711
-1.20855,-0.245159
0.635557,0.546957
0.207252,0.26005
1.76029,0.206345
-8.08679,-7.34905
0.767649,1.1e-08
0.267088,1.1e-08
1.08124,1.1e-08
0.769526,0.428142
1.03368,1.1e-08
0.853577,0.145525
1.1e-08,0.272408
-24.2234,-60.8754
0.500889,0.094767
-10.5915,-12.1521
-33.2612,-100.326
-8.66459,-2.06491
1.76029,1.1e-08
1.42162,1.1e-08
1.76029,0.0462539
0.839168,0.321593
1.717,0.071255
-1.0607,-0.147018
1.36183,1.1e-08
0.9752,0.568714
-13.4183,-20.0884
-30.8187,-80.2119
0.840063,1.1e-08
-15.6206,-28.0433
1.08331,0.0366462
0.0131511,1.1e-08
0.48957,0.557245
0.733093,0.105419
1.76029,0.087273
-13.0972,-17.2241
0.687698,0.499425
0.590346,0.113777
-2.31398,-0.683408
0.376504,0.09528
0.0757978,0.401031
1.76029,0.0624362
-5.63206,-3.94197
1.69643,1.1e-08
0,1.1e-08
0.33252,0.282829
1.11199,0.0821424
1.15037,0.390177
1.5048,0.0779352
1.02676,0.0163319
1.08397,0.0943031
0.00209664,0.0728665
1.1584,0.0795307
0.138451,0.267033
0.106319,1.1e-08
1.37275,1.1e-08
1.67293,1.1e-08
1.5292,1.1e-08
-25.5159,-31.3942
0.496297,0.37312
0.100537,0.112576
0.526012,1.1e-08
1.36465,0.0240879
-27.3641,-75.5219
-32.9931,-104.832
-10.2522,-4.64691
0.323948,1.1e-08
0.635606,0.250123
-21.031,-52.5566
0.443312,0.0349795
0,1.1e-08
0.665318,0.229345
-27.2817,-78.27
-23.7211,-55.8109
1.76029,1.1e-08
0,1.1e-08
1.74275,0.0872586
1.59803,0.129257
0.925257,1.1e-08
1.05141,0.0409503
0.93448,1.1e-08
0.288016,0.326411
-19.6657,-29.0836
0.348552,1.1e-08
0.314343,0.105302
1.55452,1.1e-08
1.12072,0.356493
-27.3699,-70.2223
-33.0486,-102.492
-13.7343,-16.317
0.229366,0.306874
-26.4517,-69.8158
0,1.1e-08
0.442524,0.301125
0.150817,0.43215
0,1.1e-08
-4.3126,-2.64151
0.103013,0.0581961
-19.1119,-39.102
0.747855,0.051231
1.44136,1.1e-08
0.575595,1.1e-08
1.18473,0.259586
0.557882,1.1e-08
0.169334,0.708785
0.435689,0.522589
-30.9635,-102.728
1.1e-08,0.28719
1.73128,1.1e-08
1.5863,0.177983
-22.9173,-67.5976
-1.29561,-0.244891
0.631676,0.399371
1.76029,0
1.15174,1.1e-08
1.62689,1.1e-08
1.70706,0.462224
0.577265,0.253776
0.585202,0.0331753
1.12842,0.00316085
0.893401,1.1e-08
-9.2138,-3.58585
-5.21641,-2.76247
0.0931754,0.0540416
1.28487,0.00236526
1.29161,0.093581
1.1e-08,0.236436
0.818351,0.131201
-2.70118,-0.881964
1.25219,1.1e-08
-2.15801,-0.68907
1.36283,0.151328
0.479317,0.255266
1.63291,0.248626
-22.7167,-52.5517
-20.1102,-37.7303
0.401098,0.0198115
1.15253,0.106326
0.674508,0.325744
1.1e-08,0.555465
0.668142,0.118598
0.636302,0.296401
1.28888,1.1e-08
1.7412,1.1e-08
1.30244,1.1e-08
-0.924587,-0.146976
-29.2422,-64.385
0.338198,1.1e-08
0.41074,0.452944
0.086405,0.0994632
-35.4595,-102.57
0.751604,0.0622192
0.187452,0.337058
1.76029,0.121866
-13.3533,-26.4457
1.10595,1.1e-08
0.414905,0.0391884
-17.0569,-22.1238
-7.88673,-4.18902
1.67267,0.217793
0.00292335,1.1e-08
-11.8221,-19.1063
-1.87672,-0.514659
-9.05931,-4.54313
-26.9396,-81.4359
0.710181,0.136212
0.044279,0.123775
0.533653,0.00608903
1.61756,1.1e-08
-12.8983,-15.4343
-1.47504,-0.244978
1.42229,0.131708
0.16812,0.219954
1.76029,0.0490928
0.0666386,1.1e-08
0.656741,1.1e-08
1.73955,1.1e-08
-13.5323,-18.1557
1.09944,0.131324
1.63341,0.0909713
0.417221,0.17142
-19.248,-46.3294
-8.95203,-3.58978
-25.8572,-85.5362
0.207656,0.515316
0.826952,0.0622451
1.05916,1.1e-08
1.76029,1.1e-08
0.42129,1.1e-08
0.209986,0.0137498
-18.7069,-35.0595
0.351845,1.1e-08
-32.5076,-89.5468
-9.86099,-9.26099
0.214892,0.2199
0.24319,0.277362
1.25512,1.1e-08
0.935256,0.427646
1.5028,1.1e-08
1.76029,0.193274
0.973743,0.0220053
1.76029,0.13004
-4.24115,-1.61718
-5.0985,-2.64799
1.7461,0.0358222
0.955546,1.1e-08
1.57987,0.0638529
0.490181,1.1e-08
1.76029,0.250623
1.63567,0.053163
0.0566922,0.192001
0.589593,1.1e-08
1.716,0.154833
0.475923,0.172493
-3.7402,-1.34682
-19.3098,-36.382
0.430577,0.0830659
1.10634,0.268671
0.713038,0.0299993
0.78934,1.1e-08
-30.5448,-81.3435
-32.3829,-78.6901
-26.0498,-57.4776
1.63173,0.21261
0.0920857,0.000759651
-18.4887,-31.3281
0.54508,0.0970253
0,1.1e-08
-17.103,-37.7378
1.49993,-142.932
-17.5315,-41.9195
-26.8683,-66.1761
1.50035,1.1e-08
-29.0818,-95.8897
0,1.1e-08
0.744265,1.1e-08
0.506856,0.215216
1.76029,0.00930234
0.0764593,0.0609245
-4.59362,-1.91487
-0.663167,-0.0734984
0.917577,0.101282
1.1e-08,0.104005
1.76029,0.0370687
1.76029,1.1e-08
-19.4465,-52.5468
0.659261,0.429926
1.54828,0.0342321
-28.9396,-102.282
-30.2014,-89.537
1.1e-08,0.0481891
0.0597697,0.619492
0.171125,0.133123
-21.707,-31.2217
-14.8544,-19.1099
-15.0752,-21.0945
0.0392567,0.0430972
0.877043,0.00297739
1.76029,0.130921
1.57538,1.1e-08
0.116148,0.0290673
1.26844,0.211128
0.24603,0.0261577
0.592402,0.0708973
1.59502,0.0234162
0.803998,0.366073
0,1.1e-08
-17.4253,-29.8271
0.191681,0.604403
-26.2996,-104.975
-0.698167,-0.0734999
0.364589,1.1e-08
1.1e-08,0.35068
-19.0639,-41.9195
-15.781,-26.5134
0.233095,1.1e-08
-16.4809,-26.0018
0.258776,0.629096
0.951252,0.0285704
0.268175,1.1e-08
-6.71889,-5.65948
1.45113,1.1e-08
1.19875,1.1e-08
0.950597,0.881453
-10.2376,-9.94701
1.1e-08,0.495963
0.878842,0.0618304
0.798397,0.0876421
1.07323,0.223703
-20.8385,-46.3295
0.253555,0.0923416
-38.0547,-86.7503
0.779244,0.328434
0.233813,0.0124914
1.0393,0.309476
1.31149,0.216225
0.242552,1.1e-08
0.241266,0.481764
-16.6486,-24.2547
0.289493,0.213735
0.57863,1.1e-08
-11.6635,-12.936
1.1e-08,0.390946
-5.54611,-2.53223
-27.718,-32.4501
1.1e-08,0.0649142
1.1e-08,0.0250279
0.322272,0.144456
0,1.1e-08
1.64002,1.1e-08
0.149736,0.167282
-22.6824,-50.96
1.33714,0.27296
1.22081,1.1e-08
1.14249,0.0441268
0.454091,0.113295
1.76029,1.1e-08
0,1.1e-08
1.76029,1.1e-08
0.352424,0.019209
-5.49493,-2.96046
0.252268,0.0354781
0.903318,0.0725612
-22.3584,-47.8485
0,1.1e-08
0.999044,1.1e-08
-28.8582,-93.8041
1.76029,0.298476
-28.9824,-74.0036
1.57435,1.1e-08
0.219819,0.0489211
1.67099,0.291345
-16.8142,-23.1145
-6.69314,-3.72233
-1.48405,-0.365918
0.540283,0.532346
1.76029,1.1e-08
0.653021,0.00997172
0.188005,0.0495616
0.635852,1.1e-08
1.59908,1.1e-08
0,1.1e-08
0.38246,0.263322
0.405157,1.1e-08
0.588271,1.1e-08
1.71768,0
