0.212364,1.1e-08
0.48394,0.111993
-20.4874,-45.9882
1.62889,1.1e-08
-19.6789,-51.0261
-13.4201,-16.4919
-2.25554,-0.360381
0.85239,0.124019
-36.5919,-156.853
0.212931,0.0797786
1.26202,0.037966
0.85322,0.252859
-17.915,-17.2234
1.66223,1.1e-08
0.986332,1.1e-08
-12.4921,-15.2512
1.49728,0.622989
0.834644,0.0178404
-2.00292,-0.565553
-26.0504,-54.0336
-10.7993,-11.3912
0.500441,0.34413
-40.7256,-125.636
1.27858,0.0417504
0,1.1e-08
0.61546,0.00576216
1.1752,0.187053
1.02555,0.0795922
0.142617,0.206732
-21.4829,-57.6216
0.193087,0.0681226
0.359943,1.1e-08
1.13932,0.136853
0.651802,0.105958
-31.0775,-120.667
0.508976,0.161969
0.216401,0.244131
0.64696,0.294642
0.134174,0.48884
0.697705,0.474825
1.1e-08,0.225051
-18.8458,-40.4953
0,1.1e-08
0.236156,1.1e-08
1.38792,0.0413928
0.185037,0.331135
1.1e-08,0.0405281
1.58736,0.160268
0.1636,0.0906018
0,1.1e-08
0.445756,1.1e-08
0.502595,1.1e-08
0.219326,0.301037
-2.51041,-0.366524
0.856496,1.1e-08
1.0905,0.350493
1.1e-08,0.0244961
0.619228,0.309627
-4.27673,-2.57296
-16.8246,-37.7231
1.55731,1.1e-08
1.1e-08,0.0742561
1.26039,0.457418
0.483373,0.248965
0,1.1e-08
-23.241,-60.509
0.881863,1.1e-08
0.172273,0.0278356
1.53582,0.644929
-28.9986,-59.5347
0.170986,0.529512
-31.6671,-87.4655
-12.9964,-16.6089
1.29332,0.411255
1.51367,0.082857
0.174365,0.229495
0.0342936,0.121663
-37.1117,-152.401
-16.8958,-17.2236
-24.946,-67.9829
-22.8061,-50.994
0.590013,0.326568
0.516329,0.0223442
0.494841,0.0285975
0.877421,1.1e-08
0.299012,1.1e-08
1.04851,0.0993579
0.0893417,0.105817
-28.4511,-75.4845
-2.84031,-1.1025
0.843864,0.0521045
-30.9271,-93.7832
0.296007,0.317755
1.27417,0.27731
0.40245,0.0904702
-20.5269,-52.5581
0.77647,1.1e-08
0.451217,1.1e-08
0.331321,1.1e-08
0.3454,0.172128
1.01282,0.178584
-10.0628,-11.3934
1.1e-08,0.324906
0,1.1e-08
0.173935,0.0876934
1.1e-08,0.197517
0.0455577,0.146388
-27.4303,-95.94
0,1.1e-08
0.375277,1.1e-08
0.541407,0.066633
0.0755487,1.1e-08
0.704887,1.1e-08
0.856232,0.480893
-13.6232,-21.0934
1.24339,0.227826
1.23609,0.0771893
1.1e-08,0.0775717
0.556988,1.1e-08
0.651153,0.0509242
0.929267,0.207429
1.46174,0.127539
-30.7236,-123.666
0.980616,0.0284857
1.40541,0.11604
0.00114295,0.716275
0.0389427,0.214503
0.383984,0.227416
-18.1718,-45.9003
-14.2332,-17.2324
1.21138,0.0813251
1.21098,0.127284
0.855311,1.1e-08
0.685232,1.1e-08
0.145987,0.397413
-35.7884,-121.176
0.0963619,0.341901
0.878728,0.42985
-31.9631,-114.787
-22.8643,-59.2984
-29.6509,-116.043
1.29375,0.303847
1.1e-08,0.228701
0.442243,0.282001
1.16897,0.324072
1.1e-08,0.0142424
0.621509,0.178611
0.27556,0.108142
0.344904,0.508121
-18.0515,-30.0125
-37.1507,-146.885
0.0809045,0.0518619
1.06019,1.1e-08
0.98603,0.102467
0,1.1e-08
0.544233,1.1e-08
0.0254142,1.1e-08
1.01302,0.0189887
0.983868,0.381352
1.29636,0.137453
1.1e-08,0.134477
1.1e-08,0.116867
0.743984,0.37089
0.967267,1.1e-08
-26.2569,-91.6541
1.03932,0.00800492
-3.57556,-1.61698
1.07207,1.1e-08
-29.5045,-100.693
-2.74458,-0.54093
-21.2389,-43.366
-11.138,-15.8602
0.470147,0.192324
-36.9123,-127.954
-9.56217,-10.6106
-14.6073,-27.6358
0.271726,1.1e-08
0.429763,1.1e-08
0.622739,0.795165
1.61702,1.1e-08
1.3708,0.0746559
1.15463,0.4624
1.1e-08,0.0160396
1.54918,0.151962
0.329322,0.229415
0.425019,0.506155
1.519,1.1e-08
-0.686795,-0.0581324
-21.2374,-50.8898
0.717921,1.1e-08
0.710894,0.317247
0.94432,0.338342
1.1e-08,0.0205737
0.0656432,0.117885
0.13258,1.1e-08
0.809419,0.810358
1.0258,0.250584
-36.309,-132.037
0.285861,1.1e-08
1.10619,0.0577136
1.04607,0.0393104
1.1e-08,0.145589
0.692539,0.091318
1.1e-08,0.391138
0.560941,0.681285
-18.3627,-39.0947
-5.02367,-2.5726
-41.4483,-153.102
0.227035,1.1e-08
0.427421,1.1e-08
1.43153,1.1e-08
1.1e-08,0.275874
0.721811,0.281536
1.1e-08,0.640689
-39.4228,-157.785
-16.5583,-33.7611
0.0436989,0.014776
-13.7458,-13.7207
0.266466,0.149304
0.473724,1.1e-08
-16.2667,-28.812
-29.7452,-95.9436
-8.43487,-7.96195
-14.288,-26.4845
0.679083,1.1e-08
0.232166,1.1e-08
0.0148471,1.1e-08
0.132368,1.1e-08
1.1e-08,0.0816342
-25.6702,-62.6748
-39.0839,-113.776
0.79112,1.1e-08
1.28445,0.00740169
0.983795,0.297597
-32.4117,-149.791
1.27478,0.110697
0.264279,1.1e-08
1.1065,0.249127
0.35325,0.0800674
1.30861,1.1e-08
1.09511,0.0390315
1.24311,1.1e-08
1.172,0.0686354
1.02985,1.1e-08
1.40938,1.1e-08
-18.17,-12.708
0,1.1e-08
0,1.1e-08
0.55855,0.0592362
0.678239,1.1e-08
0.213631,0.35893
-28.3412,-111.101
0.209715,1.1e-08
-54.7117,-128.915
-35.3993,-61.4448
-20.881,-56.8853
0.486111,0.307879
-6.89242,-5.14481
-0.948664,-0.147157
-6.37228,-5.14525
-3.47261,-1.3475
-11.6244,-12.9481
-27.7231,-69.8249
-17.3316,-17.6467
-8.91055,-10.7005
0.374062,0.0329578
-11.039,-17.1825
1.5479,0.0250858
0.251818,0.24046
0.145327,0.0989713
0.544586,1.1e-08
-34.0179,-131.479
1.01385,1.1e-08
-2.98787,0.0394374
1.43665,0.21165
0.132644,0.596965
0.0207274,1.1e-08
0.028684,0.374888
0.935341,1.1e-08
-48.3765,-124.923
0.0575614,0.0975164
-22.0608,-66.179
-22.6002,-48.054
1.59883,1.1e-08
-1.6026,-0.245529
1.18418,0.0121728
0.675135,0.0600882
1.14681,1.1e-08
-37.8801,-111.043
-2.71873,0.420468
-25.8647,-55.235
1.1e-08,0.0323056
0.986031,0.214669
1.41003,0.320395
0.596145,0.382713
1.1e-08,0.255383
0.50347,1.1e-08
0.0928878,1.1e-08
1.1133,1.1e-08
0.687703,0.121325
1.21936,0.0412798
-37.0268,-137.293
0.0767449,0.276366
0.982291,0.362606
0.705803,0.550104
-23.6453,-62.7429
0.494535,0.205642
-35.6086,-123.655
0.802299,0.169192
-36.813,-60.8402
0.743189,0.416598
1.07789,0.0464643
0.0121589,0.122476
-32.4729,-60.9397
0.830553,0.217398
-15.0432,-25.3575
0.860799,0.783983
1.57217,1.1e-08
-12.7499,-17.2298
0.163945,1.1e-08
1.47712,1.1e-08
1.02935,0.0380941
-1.13143,-0.147465
1.27907,0.228973
1.14351,0.0271691
-39.4771,-157.094
-3.08155,-1.1025
-26.7879,-107.324
0.54122,0.232063
0.164325,0.146008
-1.78136,-0.379207
0.762479,0.65453
0.0529363,0.329459
-36.752,-115.912
0.497334,0.117404
-18.1661,-37.7333
-6.20084,-4.18949
0.681695,0.0152232
-9.06371,-9.93787
-33.2053,-136.341
0.0839579,1.1e-08
1.59766,1.1e-08
1.1e-08,0.122417
0.296439,0.255025
0,1.1e-08
1.46863,0.0347736
1.5728,0.547679
1.43276,0.0346762
0.118709,0.145687
1.37733,0.345854
0.231601,0.166057
0.451277,1.1e-08
0.658749,0.698283
-33.5813,-100.433
1.00989,1.1e-08
0.396267,0.0357187
-4.69057,-2.94004
-5.29848,-3.74849
1.26587,0.187675
1.11581,1.1e-08
1.12851,0.0816325
1.17675,0.822073
0.0877531,0.642114
0.370635,1.1e-08
-33.3643,-144.201
1.6622,1.1e-08
-42.482,-157.796
-6.70025,-4.1895
0.298759,0.0582936
1.65155,1.1e-08
-18.9746,-17.9376
1.1e-08,0.0198785
0.804152,0.134319
0,1.1e-08
0.551731,0.106601
0.0782259,0.00915035
-22.864,-51.2643
0.231779,0.117954
0,1.1e-08
1.49474,0.16323
-28.3096,-91.6559
1.34061,0.253684
1.32142,0.220504
-37.4723,-107.038
-3.07782,-0.158902
-0.352349,-0.0246206
-18.7642,-44.8355
0.202266,0.207058
-24.0317,-66.1735
-42.5906,-126.32
0.11429,0.223395
-11.7291,-16.8458
-1.35638,-0.260525
-21.1267,-47.6512
0.331339,0.372006
0.717768,0.0176285
-13.9776,-15.6734
1.6622,1.1e-08
-19.0473,-49.4174
0.440709,0.0730446
0.201055,0.430445
0.775097,0.213953
0.238625,0.116524
0.333383,1.1e-08
0.693758,0.668891
0.375979,0.565652
1.4779,0.0918277
0.637939,0.101937
-34.0859,-61.4283
-2.52355,-0.687462
0.657145,0.0311128
1.57615,0.108358
0.0117293,0.438495
0.425634,0.0590456
0,1.1e-08
0.695056,0.199948
1.10018,0.112982
-31.0107,-117.738
-9.56412,-13.2794
-2.58841,-0.882043
-23.3797,-64.386
-38.1597,-141.582
1.1e-08,0.454459
0.135155,0.126405
-24.0724,-71.6819
1.05433,0.468371
0.0885495,0.540828
0.550069,0.518202
1.35129,1.1e-08
0.1394,0.0484034
1.4012,1.1e-08
-2.14738,-0.368695
-32.7791,-107.043
-35.9884,-136.344
0.470799,0.0943559
1.66224,1.1e-08
0.0281501,1.1e-08
0.0749435,0.0113023
0,1.1e-08
1.31012,0.177677
1.53368,0.0144545
-25.9522,-83.3736
-2.33966,-0.696261
0.724885,0.235432
0.56526,0.294809
1.19219,1.1e-08
1.182,0.771593
-6.21515,-3.7485
1.35798,0.174016
0.910121,0.27221
0.64307,0.343481
0.789091,0.564938
0.335821,0.0348418
-38.9865,-130.977
0.337024,0.094586
0.303865,1.1e-08
0.0641519,1.1e-08
0.185267,0.142637
1.05808,1.1e-08
1.04863,1.1e-08
-2.15417,-0.527362
1.42192,1.1e-08
-15.784,-17.2504
1.48455,1.1e-08
0,1.1e-08
0.292271,0.0842133
1.1613,1.1e-08
0.200104,0.278159
-26.9024,-57.4092
-31.4366,-100.078
1.3209,0.0606544
1.34033,1.1e-08
1.03485,0.293361
1.20301,0.0681527
-2.63364,-0.356589
1.52865,0.0556361
-15.775,-32.4869
-32.7378,-141.621
-9.21017,-8.60203
-10.1952,-10.6739
0.574483,0.109467
-31.6467,-131.964
0.363303,1.1e-08
1.01676,1.1e-08
1.46046,0.506518
0.107004,1.1e-08
1.1e-08,0.472126
0.390897,0.277154
0.0969907,0.236856
-21.4315,-58.7393
0.751646,1.1e-08
-21.4934,-57.1858
1.1e-08,0.367248
1.38142,1.1e-08
1.6622,1.1e-08
1.1e-08,0.178614
0.637574,0.249774
0.915294,1.1e-08
0.117063,0.308929
1.1e-08,0.20195
1.09379,0.409867
-20.3607,-44.8348
1.1e-08,0.503601
0.547788,0.0095586
1.14218,1.1e-08
1.02299,0.129434
1.22587,1.1e-08
-2.04129,-0.376552
0,1.1e-08
0.685823,1.1e-08
0.253103,1.1e-08
0.000222479,1.1e-08
0.162294,0.0570368
-44.3674,-126.196
1.40543,0.174037
1.10126,1.1e-08
0.409683,1.1e-08
-10.1353,-12.7017
0.374117,1.1e-08
1.21814,0.126558
1.11289,0.0998976
1.1e-08,0.0775046
0.645003,0.154718
0,1.1e-08
0.693411,1.1e-08
0.531094,0.0967643
-30.7365,-107.191
1.20278,0.0122991
0.0170706,0.194859
0.607594,1.1e-08
-29.6154,-79.38
0.317645,0.159417
0.932647,0.0839283
-37.7408,-119.608
0.549498,0.468368
1.37888,1.1e-08
-19.3075,-46.9641
1.07959,0.311643
-1.27276,-0.230683
0.472857,0.153172
-8.2339,-7.35188
7.7004e-06,1.34319
0.917021,0.159359
0.0449033,0.299083
-13.5264,-22.1233
0.795266,0.30719
-22.8469,-43.3648
1.08234,0.671733
0.813666,0.0417946
1.17381,0.392777
-15.5083,-26.4845
0,1.1e-08
0.268363,0.105294
0.10361,0.0357212
0,1.1e-08
-21.6785,-62.822
1.03152,0.0885027
0.577006,0.221938
0,1.1e-08
-44.2578,-155.602
-30.3198,-113.762
-37.9977,-121.934
0.589494,0.0100149
-31.2055,-58.5474
-17.6359,-28.812
-24.5185,-50.8806
-15.372,-30.0123
-41.1243,-141.558
1.36598,1.1e-08
1.11939,0.29421
0.127789,0.17401
-28.321,-57.4432
0.105086,0.423782
0.296983,0.047908
-9.13729,-7.96265
0.0132722,0.360626
0.687958,0.235874
0.48925,1.1e-08
0.825698,1.1e-08
1.66224,0.197098
0.650104,1.1e-08
-5.73246,-4.1895
-45.9094,-117.076
-34.4551,-152.16
-5.99231,-3.332
0.208961,0.131559
-32.5923,-138.924
0.750155,1.1e-08
0.537348,0.135056
0.398526,0.255308
0.260402,0.02375
-32.9838,-115.437
1.1e-08,0.0114643
-27.3682,-77.42
-7.45041,-5.14504
0.566255,0.0521715
0.787968,0.0376615
1.38969,1.1e-08
0,1.1e-08
0,1.1e-08
-28.5455,-109.374
-17.1702,-19.6814
0.800822,1.1e-08
0.794991,1.1e-08
-28.1787,-58.722
-32.2675,-95.9415
-1.44083,-0.23966
1.1e-08,0.0115252
1.11461,0.181521
1.45872,1.1e-08
-8.01754,-6.76238
-12.6825,-16.0326
0.629226,0.126726
0.4905,1.1e-08
0.188415,0.0469113
8.89083e-05,0.750612
0.638127,0.0557263
1.26166,0.394713
-17.0154,-36.386
0.431425,0.165734
-18.4607,-36.3848
0.896646,1.1e-08
0.0513724,1.1e-08
0.515149,1.1e-08
1.57306,0.0484775
-30.8295,-109.417
-12.4596,-12.9379
0,1.1e-08
-26.2265,-75.4845
0.747102,0.0163448
-12.0983,-14.9677
0.134927,0.0525033
-11.5722,-19.3114
1.29451,0.342385
-54.0477,-128.436
0.186561,1.1e-08
1.41146,0.0630408
1.03503,1.1e-08
0.788341,0.759287
0.72693,0.18528
-28.376,-102.604
-23.3038,-55.6011
-15.7042,-23.1776
0.768927,0.0239754
0.00468415,0.320273
0.704196,0.0505228
-34.271,-146.87
-13.3549,-23.1786
1.35148,0.0907793
0.826329,0.284623
-33.1879,-128.428
0.147323,0.302091
0.831263,0.0148284
-30.6198,-111.799
0.672985,0.261324
-28.4858,-98.1305
0.800304,0.0859758
1.13864,0.0057224
-14.6805,-22.1236
1.59386,0.0850263
0.890238,0.236975
0.998822,0.498576
1.1e-08,0.0446489
1.50213,0.0361344
-6.38597,-5.65951
0.363135,0.0472145
-22.9905,-56.7203
0.865768,0.356903
0.809214,0.250878
1.66225,1.1e-08
-13.5718,-14.5175
1.11582,1.1e-08
0.668103,0.211418
0.456706,0.0454468
1.1e-08,0.0816069
0.780787,0.0724908
1.1831,0.21806
-14.7772,-21.0951
-34.7597,-113.671
1.1e-08,0.0500308
-15.9008,-16.3099
-35.9321,-120.961
0.410214,1.1e-08
1.1e-08,0.490299
-13.8753,-19.0282
0.266612,0.400372
0.302489,0.137065
-0.342845,-0.0241425
-9.86847,-9.261
-9.78664,-9.94863
-21.6101,-61.2915
-21.3531,-39.1022
0.258171,0.321315
-1.07066,-0.146652
0.678959,0.301145
0.812024,1.1e-08
-32.2353,-89.5216
0.123346,0.0711049
0.74186,0.262948
-15.2073,-17.1889
0.248759,0.282356
1.1e-08,0.233127
0.00137745,0.577352
5.86172e-05,0.511243
1.36781,0.130121
0.508239,1.1e-08
-28.1282,-83.3735
-35.0622,-112.432
-12.2707,-13.6556
-16.321,-25.3575
0.580363,1.1e-08
0.658666,0.529507
0.555288,0.420012
-11.9127,-17.2437
0.16885,1.1e-08
0.880183,1.1e-08
-11.0687,-12.1262
1.32716,0.292769
1.52552,0.122014
0.328275,0.433382
1.1e-08,0.290402
0.448701,0.24914
0.164235,0.353367
-19.5894,-47.9363
0.190749,0.173845
-27.0353,-85.407
-24.1389,-53.7714
0.383101,0.0644755
1.66224,0.0339259
-9.34796,-11.3926
-3.40527,-0.512637
1.08307,1.1e-08
1.1e-08,0.104197
-4.37088,-2.22969
0.721737,0.0743224
0.0801669,1.1e-08
-17.1635,-32.4871
-18.2039,-16.9565
0.567996,1.1e-08
-6.14259,-4.65499
0.589834,0.078876
1.16271,0.106564
-7.16026,-4.65501
1.0709,0.199998
1.1e-08,0.866861
1.3495,1.1e-08
-10.9409,-14.1454
-34.7664,-60.1289
0.0743255,0.510715
0.338732,0.00924316
0.517175,1.1e-08
0.513801,0.0715662
-36.2242,-160.573
-34.3953,-59.6331
-42.5129,-152.756
0.615236,1.1e-08
1.1e-08,0.406182
1.21253,1.1e-08
-38.6998,-126.371
-32.8331,-113.046
-15.0515,-15.7119
1.1e-08,0.0161377
-25.1585,-77.42
0,1.1e-08
1.16673,0.0613654
1.52532,1.1e-08
0.193969,0.656539
-14.0418,-24.255
0.467609,1.1e-08
0.123893,0.14586
1.1e-08,0.329771
-24.2982,-55.6635
0.776788,0.256368
-53.5295,-127.182
1.1e-08,0.113602
1.1e-08,0.353677
-20.5235,-41.9188
0.543461,0.184137
1.6338,0.0486162
0.560171,0.261443
-7.27066,-6.19833
0.373823,0.000321157
-22.0929,-53.2974
-32.5715,-102.572
0.246636,1.1e-08
-34.5583,-102.557
0.115419,0.0821687
0.971685,0.589073
-11.6234,-10.6576
0.451146,0.126353
0.458669,0.362505
1.38522,0.0345379
1.31499,0.0827073
1.32022,0.020002
0.099986,1.1e-08
0.265671,0.0060769
-20.6096,-49.367
0.872323,0.52058
0.473197,0.061411
0.387146,0.178287
-1.19073,-0.146812
0.656221,1.1e-08
1.49328,0.762285
1.21457,0.39396
-31.2239,-120.89
-39.358,-116.366
0.949965,1.1e-08
0.0570883,0.61507
0.0848216,0.0625641
-34.3997,-133.844
1.4464,0.0754865
0.0332875,1.1e-08
1.1e-08,0.478507
0.00469366,0.559573
0.803037,0.04711
-32.7553,-118.142
-1.92005,-0.4252
-10.287,-12.1838
0.744834,0.214715
0.443175,0.206343
0,1.1e-08
0.346241,0.267542
0.944118,0.543971
-26.9377,-81.3646
-33.7643,-59.071
-41.6257,-144.207
0.978588,0.249836
0,1.1e-08
1.13394,0.222072
0.759055,0.122325
1.1e-08,0.295542
1.29874,1.32397
0,1.1e-08
0.556562,0.346489
1.21287,0.185734
1.1e-08,0.0528187
0.602016,0.0921111
1.1e-08,0.0440625
0.252013,0.065958
0.246086,0.203298
0.651881,0.591319
-11.3185,-15.2804
-13.906,-20.09
0.0957021,0.181222
-19.0063,-41.924
1.20932,0.240572
0,1.1e-08
-51.7211,-126.175
-10.525,-9.95281
0,1.1e-08
0.391347,0.48941
0.486682,0.0276945
-26.8325,-60.884
-15.8633,-27.636
1.28062,0.071079
0.364201,0.306371
0.00829957,0.033643
0.414819,0.0187881
0.976109,1.1e-08
1.1e-08,0.0550155
1.5755,0.229655
-52.3472,-125.649
0.841246,1.1e-08
-18.6498,-14.1878
-27.9512,-113.863
-31.2386,-104.806
0,1.1e-08
1.17903,1.1e-08
0.110407,0.465024
0.913475,0.318812
-14.9713,-16.3225
0.155981,0.0139347
-8.36539,-9.91666
-17.4616,-40.503
1.1e-08,0.0528455
0.753921,0.319935
0.316242,0.0410844
-38.6441,-144.205
-46.035,-126.19
1.30351,1.1e-08
-33.2067,-98.1252
0.856841,0.392664
1.1e-08,0.292815
1.44726,0.560599
1.44738,0.417708
-25.7527,-89.5916
0.751412,0.0725672
0.839891,0.0898096
0.0469515,1.1e-08
-22.163,-49.399
0.984314,1.1e-08
1.1e-08,0.155861
0.560987,1.1e-08
1.37441,0.201761
1.27456,0.110104
-21.6236,-18.1355
-11.0538,-16.0765
1.51581,0.256964
1.1e-08,0.134851
0,1.1e-08
-2.66795,-0.420774
0.103873,1.1e-08
0,1.1e-08
0.633945,0.48881
1.23873,0.115739
-22.7467,-57.7176
0.541816,0.387316
0.686953,0.0254233
0.499993,0.491669
0.298776,0.0187274
1.1e-08,0.30814
-23.1991,-46.3338
0.569401,0.15241
-15.7454,-31.2373
0.397936,0.14214
1.05634,0.418804
-42.1582,-122.094
1.21145,1.1e-08
0.0990661,0.0196338
1.02374,0.341882
-6.63002,-4.65497
-16.3652,-35.0587
-19.5076,-37.7299
0.35268,0.207584
-16.9743,-39.1098
1.39069,0.5357
0.855518,0.0185977
-8.39961,-9.26112
1.3688,0.411503
-27.5161,-73.5735
-29.8986,-57.4711
0.109375,0.277358
1.30976,1.1e-08
-31.0823,-59.1574
0.0352855,0.0294856
1.23727,0.277969
0.602414,0.514767
1.28106,1.1e-08
-35.0061,-107.265
1.1e-08,0.186562
-30.4832,-83.3734
0.193116,1.1e-08
-9.92022,-8.59961
-0.778703,-0.0721017
0.946302,0.0603427
0.928816,1.1e-08
0.00664139,1.1e-08
0.412301,0.213215
0.0190127,0.24512
-5.54945,-3.332
0.586296,0.183096
-19.1887,-18.5855
-33.7104,-155.143
0.571542,0.0294565
-37.9032,-138.933
1.07189,0.265971
-26.2888,-98.1248
0.628409,0.074871
1.31182,0.0198142
1.11021,1.1e-08
0.61875,1.1e-08
0.87313,0.0697346
-35.9395,-144.212
1.2707,1.1e-08
1.06869,0.230517
0.0109579,1.1e-08
1.22729,0.326542
0.0693573,1.1e-08
0,1.1e-08
-3.87315,-1.617
0.985672,1.1e-08
0.0713452,0.199936
0.0105868,0.0163496
0.134156,0.34845
1.62437,0.0846259
-24.1778,-75.4844
-12.5168,-21.0915
-0.359222,-0.0242423
-31.8853,-133.665
0.945666,0.145903
-36.5814,-158.203
0.242892,0.490548
-2.96817,0.4265
0.423977,0.114776
0.505397,0.378255
-33.3466,-121.511
0.818373,1.1e-08
-2.79466,-0.881984
0.438729,0.326779
1.39356,0.229987
0.212712,0.540915
0.0768383,0.159369
1.52143,0.205654
0.85,1.1e-08
-41.7978,-124.426
1.1e-08,0.169232
0,1.1e-08
-17.7557,-35.0595
-17.9763,-33.761
0.152552,0.430987
-33.7099,-158.714
0.66976,0.445916
0,1.1e-08
1.1e-08,0.549414
0.367658,0.377663
0.714689,1.1e-08
0.19025,1.1e-08
0.635344,1.1e-08
0.0723058,0.39534
-0.655376,-0.0872293
0.0225331,1.1e-08
0.571791,1.1e-08
-33.8186,-53.3118
1.1e-08,0.413225
-16.6621,-30.0125
-0.752295,-0.0737005
1.23234,0.360406
-13.2625,-18.0999
0.298113,0.283494
-26.6179,-93.7807
0.170535,0.285459
-15.6779,-36.3799
-27.8622,-89.417
0.0386239,0.267511
0.616749,0.417142
0.000807889,0.869433
-24.7428,-81.3647
1.62827,0.200816
-32.7916,-91.6542
0.775205,1.1e-08
1.40719,0.0193954
-18.5017,-31.2375
0.883987,0.048447
0.909234,1.1e-08
0.918162,0.0372081
-24.9612,-61.0372
0.882083,0.0870992
-31.5796,-127.281
0,1.1e-08
-35.7064,-109.394
-48.5334,-126.132
1.49534,0.0268475
-18.373,-43.3673
-25.5311,-57.6553
-21.8552,-40.4979
-26.1957,-71.6799
-13.8298,-17.3791
0.673146,0.149186
0.923056,0.464503
1.64494,0.0233848
-2.80686,-0.606839
-10.8079,-13.4607
1.1e-08,0.0665862
0.121445,0.0982718
0.338978,0.0238359
1.19134,0.0397611
-23.5945,-69.825
-40.8257,-138.94
0.428306,0.436124
1.39235,0.262675
1.45282,0.17795
-21.7874,-46.4021
1.33837,0.388756
1.1e-08,0.0108293
1.42583,0.141961
1.1e-08,0.139312
-38.1248,-150.976
1.02227,1.1e-08
0.441442,0.0784848
1.58423,0.00677611
1.24263,1.1e-08
0,1.1e-08
0.593293,1.1e-08
-2.88634,-0.514674
0.388499,0.0688571
0.100016,1.1e-08
1.11896,0.376359
1.14806,0.177818
-28.7629,-104.815
0.893306,0.027021
-27.5394,-100.109
-15.2694,-24.255
1.65286,0.146339
1.1e-08,0.0621718
-29.9944,-89.6479
0.755029,0.161753
-30.5516,-102.509
-19.2643,-35.0594
0.603419,0.263856
0.0852704,0.307959
-45.6762,-128.179
-9.54135,-12.131
-15.0139,-28.812
-12.9532,-19.1298
-7.60732,-7.34251
-36.0482,-100.301
-17.2444,-18.4123
-0.362685,-0.0244827
0.123497,0.00945403
-39.0036,-136.342
1.1e-08,0.0373268
-37.1574,-128.301
0.732262,0.0306732
-24.021,-59.1433
-33.5154,-59.6337
-39.7537,-123.437
-10.869,-12.9393
-35.7197,-117.561
0.196331,1.1e-08
1.05981,0.0494862
1.14932,0.0938866
1.06309,0.0684206
0.274047,0.184805
1.1e-08,0.154709
-1.00932,-0.146905
1.06418,0.0115221
0.98026,0.0823525
-34.6345,-130.098
0.942072,0.257976
-38.8071,-113.82
0.149062,0.246132
0.837956,0.154884
0.101624,0.12518
0.0630707,0.085084
-28.7139,-93.7916
0.730806,0.0974827
0.828795,0.34678
0,1.1e-08
-40.1276,-118.291
0.11383,0.186691
0.665773,0.408352
0.0305527,0.0655647
0.828477,1.07945
1.40183,0.0793361
0.390135,1.1e-08
1.11046,0.0129207
-52.409,-129.846
1.58424,0.19741
-13.8619,-25.3576
-8.87226,-7.3528
1.44536,1.1e-08
1.16436,1.1e-08
-1.68605,-0.244961
1.66225,0.106843
1.19303,0.29017
0.0469406,0.0467939
0.276495,0.0473504
-11.3406,-13.7645
1.1e-08,0.00645607
1.321,1.1e-08
1.07785,0.5055
0.801129,0.101793
-4.6409,-2.57141
0.326324,1.1e-08
-5.49479,-2.94
-33.0659,-124.846
-6.83985,-6.7631
0.740039,1.1e-08
0.413102,1.1e-08
0.180453,1.1e-08
-14.4863,-23.1753
1.08751,0.16462
0.517351,0.218608
0.0861622,1.1e-08
1.06813,0.126964
1.4759,0.230212
1.40573,1.1e-08
0.619421,0.0395665
-30.7996,-98.1134
0.646629,1.1e-08
-17.0814,-31.2376
-40.2867,-146.875
-17.4678,-13.2143
0.0171471,1.1e-08
0.890827,0.210859
1.1e-08,0.622475
0.314863,0.532593
0.0619106,0.355795
-7.88477,-6.19868
0.824154,1.1e-08
0,1.1e-08
-19.7883,-43.3626
-37.9745,-122.282
1.24291,0.157917
-21.8005,-54.7343
1.24316,0.0529579
0.614312,0.216976
1.18228,1.1e-08
0.766631,0.512386
-2.01889,-0.225627
-19.8256,-39.103
1.1e-08,0.217598
-1.86752,-0.499053
-8.56643,-8.58852
0.817958,0.446693
1.1e-08,0.0932761
0.327463,0.0726612
-11.9238,-16.7555
1.32154,1.1e-08
-4.05044,-1.91094
1.66222,1.1e-08
1.35884,0.0207896
0.312197,1.1e-08
1.45656,0.00892987
0.303825,1.1e-08
-1.51888,-0.245077
1.1e-08,0.615264
0.0966212,1.1e-08
1.44303,0.0561853
1.08702,0.0329865
0.0673929,1.1e-08
0.636281,1.1e-08
0,1.1e-08
-35.0664,-59.4132
0.737655,0.0531318
0.736682,0.472947
1.16952,1.1e-08
0.443106,0.541782
-34.0105,-116.475
-39.8097,-152.317
-20.4995,-18.1379
0.274938,0.446093
0.181437,0.116859
-27.1755,-87.4703
0.885706,0.157302
-4.72698,-2.22987
0.684578,0.0552049
-33.8394,-119.9
-30.4483,-91.6543
0.0158788,1.1e-08
-4.03886,-2.22772
0.0488483,0.0104462
-2.5992,-0.428577
0.896823,0.73438
0.586618,0.614195
1.18657,0.14199
0.0178612,1.1e-08
-27.4594,-56.1926
0.0196882,0.168905
0.349124,1.1e-08
1.1e-08,0.234706
0.498074,0.0664996
-34.2129,-109.885
-39.9504,-149.494
-20.992,-37.73
1.07104,1.1e-08
-33.1532,-109.381
0.138348,1.1e-08
0.133568,1.1e-08
0.880435,0.121562
0.680731,0.382114
-10.1336,-13.9144
0.281495,1.1e-08
-25.5955,-69.825
-3.72413,-1.91085
0.137232,1.1e-08
1.26204,0.583087
1.58223,1.1e-08
0.137671,0.0147481
0.87246,0.318895
1.15514,0.260424
-37.4277,-149.779
0.457384,1.1e-08
0.284192,0.226711
1.1e-08,0.0129106
-28.7955,-106.598
-7.41304,-6.76114
1.08284,0.758042
1.0207,0.00919391
0.181769,1.1e-08
1.1e-08,0.0468363
0.0886727,1.1e-08
1.37626,1.1e-08
-1.66712,-0.407766
0.945138,0.108346
0.930381,1.1e-08
-18.5183,-16.1311
-11.7937,-14.2252
0.97916,0.170393
0.938015,1.1e-08
1.27164,1.1e-08
0.633899,1.1e-08
0.845943,0.191545
-9.10872,-9.26087
0.643504,1.1e-08
-7.96394,-8.61187
1.1e-08,0.110266
0.951584,0.189672
0.287303,1.1e-08
-29.3583,-87.464
-27.0626,-67.9879
0.401951,0.32174
0.0490271,0.425106
0.604677,0.139511
0,1.1e-08
0.0644197,1.03916
0.718567,1.1e-08
0.977321,0.452235
-0.718574,-0.0812787
0.00454274,1.1e-08
-6.69169,-6.19831
-36.9648,-102.556
1.25153,1.1e-08
0.365589,0.104365
0.363037,0.444485
-42.8698,-149.588
0.0201458,0.00940833
0.410527,0.408976
0.0693826,0.237408
-18.8553,-52.4973
0.0468903,1.1e-08
1.13173,0.0472726
-24.7924,-46.33
-16.2345,-17.2224
0.00942916,0.296392
0.299793,0.100936
-17.5694,-41.914
-7.78476,-7.96321
-18.2086,-17.9303
-33.258,-123.813
0.788411,0.35705
0.707661,0.611748
1.42153,1.1e-08
0.00147098,1.1e-08
-19.9194,-36.3813
-8.59083,-6.76183
0.00443112,0.687895
0.471481,1.1e-08
0.988593,0.137815
1.1e-08,0.0936045
0.900201,1.1e-08
0.00101565,0.544809
-20.3002,-40.5003
1.34838,0.039514
1.05746,1.1e-08
1.1e-08,0.342135
-25.2406,-79.3799
-18.0011,-16.0903
-31.7736,-128.857
0.293976,0.377699
1.07752,1.1e-08
0.809623,1.1e-08
0.435787,0.018815
0.532324,0.0292626
0.150949,0.174652
-25.416,-64.386
0,1.1e-08
-39.7786,-133.769
-16.8108,-26.4845
0.333419,1.1e-08
0.40971,0.368184
1.23234,0.00768612
0.304492,0.189049
1.1e-08,0.821449
0.992846,0.0274254
1.1e-08,0.266002
1.1e-08,0.592743
-11.6088,-11.393
-11.3051,-13.9779
0.24817,0.348464
1.42849,0.291744
0.191459,0.471202
0.617053,0.0167823
0.407493,1.1e-08
-0.331672,-0.0210593
0.755899,1.1e-08
1.25365,0.00812439
0.332973,0.329662
0.52803,0.301834
-10.8598,-10.6553
-26.1108,-66.1738
-2.16013,-0.691886
0.0512553,0.476303
0.0046575,0.529413
1.66225,1.1e-08
-37.7098,-123.698
-40.0766,-120.435
-33.3361,-93.7868
1.1e-08,0.444264
0.529828,1.1e-08
-25.5134,-59.2933
0.407723,0.00397727
0.106421,0.374183
-23.0073,-67.998
1.49989,-197.987
-23.2698,-73.5735
-33.866,-104.813
0,1.1e-08
-35.3585,-141.497
-5.74609,-3.7485
0,1.1e-08
1.49265,1.1e-08
0.124963,0.255955
0.0314379,0.0752175
-11.9118,-12.1627
-6.94167,-5.65947
0.843295,0.0763248
0.35717,0.140504
0.215646,1.1e-08
-2.38025,-0.355051
-25.1241,-87.4576
0.451781,0.00482727
0.179618,0.602035
-34.9796,-149.24
-36.9524,-133.757
0.452362,1.1e-08
0.320146,1.1e-08
0.59419,0.040994
-29.9654,-59.1453
-22.1057,-41.9194
-22.0689,-44.835
0.515374,0.437443
1.33012,0.109626
0.57161,1.1e-08
0.949974,0.0191089
1.51869,0.298273
1.33358,0.141862
0.379105,1.1e-08
0.502477,0.271421
1.14002,0.34762
1.01358,0.407704
0.216949,0.398627
-24.1803,-57.2178
0.257431,0.66765
-31.7239,-152.49
-7.52336,-5.6595
0.770112,0.0111247
0.991361,1.1e-08
-25.3078,-73.5735
-22.3038,-52.5937
1.50347,1.1e-08
-23.2684,-51.8319
-0.322688,-0.0374995
1.52691,1.1e-08
1.43794,1.1e-08
-12.7902,-20.09
1.1e-08,0.665399
0.869301,0.279738
0,1.1e-08
-17.1977,-27.636
1.45972,1.1e-08
0.245795,0.0604326
0.0198014,0.0430913
0.793159,0.195122
-27.328,-79.38
0.264116,1.1e-08
-46.7801,-130.353
1.45083,0.36054
0.909368,0.0652834
0.907481,0.106862
0.2175,0.0444172
0.959271,1.1e-08
0.672572,1.1e-08
-23.847,-49.3916
0.336378,0.102659
0.715806,1.1e-08
-18.6002,-32.487
0.602313,0.463233
-13.1159,-13.6283
-38.0539,-60.8316
-0.621235,-0.0704947
0.88634,1.1e-08
0.0537876,1.1e-08
-3.19677,-1.3475
1.1e-08,0.322586
0.243892,1.1e-08
-29.4183,-85.407
1.1e-08,0.198796
0.882654,0.186313
0.0529024,0.00787313
0.0165016,0.0597622
0.898769,0.0147482
-5.08108,-2.93998
0,1.1e-08
1.03175,0.20841
-12.258,-14.5217
0.854877,1.1e-08
1.04633,0.161494
-29.2141,-81.3644
0.579604,1.1e-08
0.724139,0.133258
-35.1583,-138.962
1.1e-08,0.102643
-36.1377,-114.61
0.69132,0.170123
1.05689,0.354414
1.1e-08,0.065185
-24.2517,-47.7577
-14.1727,-16.2594
-7.02349,-7.34189
1.55151,0.336001
0.950783,0.0318371
1.1414,1.1e-08
0.990032,0.0666659
0.696932,0.354521
0.229686,0.0295414
-5.13913,-3.33199
0.732977,1.1e-08
1.54927,1.1e-08
0.646674,0.200001
1.70076,0
