1.40636,1.1e-08
0.697778,1.1e-08
-28.5434,-89.0687
0.951032,1.1e-08
-27.0525,-96.0331
-22.3658,-45.1297
-13.0952,-10.6084
0.721095,0.0462124
-44.4316,-230.451
1.34358,0.344273
0.451338,0.174013
0,1.1e-08
-29.5377,-46.3294
0.473548,1.1e-08
1.1e-08,0.00020553
-21.0554,-43.0563
0.0897502,0.310604
0.0280158,0.0118591
-10.002,-11.6764
-35.5278,-100.141
-19.4397,-36.3801
0.330391,1.1e-08
-50.4053,-192.237
0.81257,1.1e-08
-7.99943,-6.19851
0.306107,0.00910051
1.40693,0.0557751
1.28575,0.18433
1.50014,0.122186
-29.1931,-105.093
1.20444,1.1e-08
0.999467,1.1e-08
0.855425,0.20801
1.09582,1.1e-08
-38.6863,-186.087
0.612047,0.248131
1.35183,0.146655
0.180272,0.308822
1.48508,1.1e-08
0,1.1e-08
0.427252,1.1e-08
-26.7769,-81.3599
-5.69049,-4.18921
1.50014,0.0913774
0.931485,1.1e-08
1.46503,0.0280022
1.3347,0.0144433
-2.77241,-1.10249
1.50014,0.152015
1.12185,0.165661
1.43945,0.42839
1.03426,1.1e-08
1.47163,1.1e-08
-14.566,-10.6511
1.37313,1.1e-08
0.95552,0.0138895
0.829141,0.117601
-1.75397,-0.367498
-11.5811,-18.1558
-24.1617,-77.4101
-2.92115,-0.881997
1.50013,0.223108
1.10193,0.331547
0.711422,0.147473
-6.65769,-4.18957
-31.2072,-108.89
0.402484,0.212525
0.279119,0.102484
1.37385,0.349964
-39.0989,-107.589
1.50013,0.302325
-40.723,-144.208
-21.9037,-45.3592
1.43053,0.203276
0.850948,0.27386
1.31878,0.195966
0.779211,0.0463778
-45.1355,-225.043
-27.8574,-46.3296
-33.0355,-118.843
-31.3588,-95.989
0.826836,0.419726
0.660485,1.1e-08
1.50017,0.110852
1.04285,0.267896
0.233349,0.0157373
1.29674,0.389415
1.40082,0.200742
-37.2092,-128.698
-10.3937,-13.7445
1.13106,1.1e-08
-39.4595,-152.288
1.24318,1.1e-08
0.254205,0.0674246
-5.03242,-2.57249
-28.102,-98.1302
0.941232,1.1e-08
1.08996,1.1e-08
0.822891,0.0309124
1.4401,0.266683
0.980383,0.263404
-18.1064,-36.3841
1.07192,1.1e-08
-8.04402,-7.35027
1.16053,0.285951
0.905716,1.1e-08
0.54846,0.0848667
-34.9078,-155.033
-7.16866,-5.14511
1.37884,0.142271
1.44579,0.499017
1.50014,1.1e-08
1.4757,0.221735
0.53851,1.1e-08
-21.5967,-52.5508
1.42358,0.130263
1.15547,0.0771083
1.43199,1.1e-08
0.991585,1.1e-08
0.604451,1.1e-08
0.628202,0.205734
0.389526,0.138746
-38.0939,-189.802
0.673833,1.1e-08
1.50015,1.1e-08
0.833968,0.171296
1.07272,1.1e-08
1.49071,0.0538238
-25.3109,-88.9465
-23.4707,-46.3444
1.24988,0.56863
0.131983,1.1e-08
1.14474,0.0393406
1.02026,1.1e-08
1.31335,1.1e-08
-44.4645,-186.713
0.724569,0.10847
0.784843,0.321227
-39.9459,-178.754
-30.814,-107.267
-36.9907,-180.344
0.863967,0.127299
1.29979,1.1e-08
1.50019,0.182868
0.96718,0.186005
0.185808,0.159619
1.50019,0.287282
1.00312,1.1e-08
1.1e-08,0.071454
-26.8995,-66.1745
-45.3299,-218.329
1.352,1.1e-08
0,1.1e-08
1.20253,0.0228183
0.705117,0.311176
0.550594,1.1e-08
1.28985,0.117261
1.25617,0.0106386
0.298107,1.1e-08
1.41876,0.0665216
1.19504,0.0820133
0,1.1e-08
0.832587,0.301182
0.523827,1.1e-08
-33.58,-149.572
0,1.1e-08
-11.3595,-15.4349
0,1.1e-08
-37.3686,-161.062
-14.025,-11.7943
-29.8789,-85.4084
-18.56,-44.0471
-5.86265,-4.65473
-45.6002,-195.104
-17.4654,-34.9721
-22.0577,-62.6217
0.325229,1.1e-08
0.622058,0.0120852
0.351259,1.1e-08
1.02806,0.295963
1.14519,1.1e-08
1.35864,1.1e-08
-4.11397,-2.22952
0.0231301,1.1e-08
1.18932,0.246064
1.50021,1.1e-08
0.757514,0.202975
-8.8625,-8.25241
-29.1989,-95.845
1.38935,0.170037
-5.22025,-3.7485
-3.43116,-1.34751
1.30764,1.1e-08
1.05966,0.00815498
1.49243,0.095624
0.976275,0.0428309
0.616113,0.0811856
-44.7694,-200.142
-4.44955,-2.22949
1.14547,0.185527
0.273054,1.1e-08
1.50016,0.121075
-2.50053,-0.68601
1.28061,0.350974
1.37771,1.1e-08
-26.228,-79.3695
-13.6676,-18.1548
-50.3313,-225.89
-2.70876,-0.881997
0.36939,0.0427346
0.461988,0.282135
1.40792,0.416516
1.3666,0.018843
0.57371,1.1e-08
-47.7972,-231.575
-24.1952,-71.6871
1.45461,0.183524
-22.6838,-40.788
1.10208,0.145223
0.244302,0.0924713
-24.3981,-64.386
-37.8566,-155.038
-16.5289,-30.0114
-21.7362,-60.8824
0.937571,1.1e-08
1.14006,0.0626608
0.606918,0.291903
1.45639,0.366704
0.16057,0.371388
-34.3538,-111.791
-48.5039,-177.602
1.46217,0.114408
1.29743,0.146808
1.44062,1.1e-08
-39.4779,-221.869
0.846626,1.1e-08
0.0724014,0.0906292
1.39038,1.1e-08
0,1.1e-08
1.06428,0.153585
1.45949,0.152709
0.538815,0.0536316
1.32115,0.154669
-3.00319,-1.10245
1.21101,1.1e-08
-29.7009,-39.2613
1.31195,0.31205
-9.2352,-7.2796
0.498156,1.1e-08
0.294933,0.0946767
1.11961,1.1e-08
-35.4946,-174.153
0.911226,0.087631
-67.5963,-196.294
-47.5576,-110.151
-28.3578,-104.018
0.28611,1.1e-08
-15.1591,-24.2546
-8.38239,-9.26291
-14.0018,-24.2556
-11.823,-14.5775
-20.3481,-39.1236
-36.599,-121.275
-28.3606,-47.0134
-16.2653,-35.1392
1.50019,0.0765615
-18.1864,-46.2615
0.747551,1.1e-08
1.23278,0.238852
0.980152,0.0898601
1.43238,0.0925262
-41.9441,-199.455
0.889863,0.0934807
-15.0927,-9.23054
0.497055,0.294113
0.194677,0.105742
-7.69794,-5.14467
0.572272,1.1e-08
0.647621,1.1e-08
-59.7804,-191.369
0.987979,0.126798
-29.3081,-116.455
-31.3488,-91.9409
0.230917,0.222328
-11.3167,-9.95197
1.16596,0.59207
0.804411,0.376871
0.952845,0.0384237
-47.4558,-174.08
-13.8916,-7.94464
-35.1313,-101.771
-4.80573,-2.2295
1.42704,0.386032
1.03696,0.203981
1.1e-08,0.0483449
1.1e-08,0.103435
0.042588,0.0502335
0.0840827,1.1e-08
1.3367,0.237377
1.12016,0.034956
0.736045,0.237364
-45.8358,-206.746
1.33772,1.1e-08
1.43794,0.462094
1.26327,0.210761
-31.6377,-111.883
1.47556,0.413995
-44.155,-189.787
0.900449,1.1e-08
-49.4507,-109.335
1.17542,1.1e-08
0.68998,0.257205
1.18165,0.0201476
-43.6342,-109.47
1.36202,1.1e-08
-23.0645,-59.1675
-1.30814,-0.244999
1.26045,0.114214
-21.0185,-46.3403
1.44607,0.16923
0.157463,0.011485
0.472367,1.1e-08
-10.224,-9.26746
1.1e-08,0.0189032
0.961829,1.1e-08
-47.9334,-230.731
-11.3198,-13.7445
-33.6909,-169.42
1.08877,1.1e-08
0.826312,0.48087
-10.2693,-10.7344
1.50021,0.0252706
1.24947,1.1e-08
-45.8459,-180.164
1.25045,0.060538
-26.0906,-77.4248
-14.4642,-22.1235
1.49991,1.1e-08
-16.825,-33.7441
-40.7919,-205.431
1.07064,1.1e-08
1.10943,0.230683
0.270531,0.311164
1.21159,0.124179
-8.48418,-6.7449
0.062512,0.247373
1.01116,1.1e-08
1.50013,1.1e-08
0.965181,1.1e-08
0.134398,0.0833212
0.910014,1.1e-08
1.02951,0.029144
1.17641,0.0459475
-42.5383,-160.731
0.10338,0.265607
1.37861,0.375418
-12.1788,-19.1101
-12.7607,-21.0945
1.042,0.16436
0.997193,0.497597
0.971954,0.351487
0.100366,0.0664748
-0.641648,-0.0734957
0.0250388,1.1e-08
-40.7746,-215.053
1.1e-08,0.423754
-51.5109,-231.588
-15.6588,-22.1235
0.628269,1.1e-08
0.952091,0.278814
-30.9895,-47.5026
0.882759,1.1e-08
0.411888,1.1e-08
0,1.1e-08
0.330217,0.339987
1.23333,1.1e-08
-31.1802,-96.3768
1.50016,0.424001
1.04063,0.0191766
1.18935,0.303894
-36.2077,-149.574
1.50013,1.1e-08
0.397564,1.1e-08
-47.1559,-169.059
-15.498,-9.82096
-8.80347,-8.23534
-26.2644,-87.4657
1.02184,0.172722
-31.9318,-116.447
-52.7152,-193.087
0.44189,1.1e-08
-19.774,-45.7458
-9.46254,-10.0855
-29.303,-91.3796
1.22237,0.212726
0.449246,0.0859641
-23.569,-43.7691
0,1.1e-08
-26.2967,-93.8211
0.781729,0.00939668
1.14586,0.150662
0,1.1e-08
0.788434,1.1e-08
1.25637,0.139317
0.415006,0.159253
1.45826,0.738204
1.22172,0.0215526
1.33058,0.678123
-45.7999,-110.128
-11.2146,-12.1651
0.746511,1.1e-08
0.721704,0.183505
1.12997,1.1e-08
0.181446,0.201443
1.50019,1.1e-08
0.216566,1.1e-08
1.03036,0.329076
-38.6812,-182.446
-16.7226,-39.709
-10.326,-12.9362
-31.1703,-114.072
-46.72,-211.853
1.50021,0.063653
1.02717,0.141231
-31.6714,-123.718
0.747817,0.147756
1.35542,0.101536
1.1e-08,0.00204147
0.511607,0.0525486
0.344968,0.0211648
1.22478,1.1e-08
-12.4739,-10.6641
-41.2388,-169.065
-44.2136,-205.434
0.894361,0.225172
0.275915,1.1e-08
0,1.1e-08
0.999526,0.124765
1.28753,0.196609
1.12507,0.297406
0.778033,0.125598
-33.543,-138.94
-10.3521,-12.2242
1.36687,0.24859
1.30413,1.1e-08
0.961394,1.1e-08
0.865169,1.1e-08
-15.0107,-21.0945
1.15996,1.1e-08
0.470678,0.019758
0.941177,0.103361
0.998427,0.204089
1.41852,0.196414
-48.0749,-198.833
1.09123,0.0670005
1.22604,0.40872
1.46475,0.285197
1.27316,0.0440733
0.530385,0.207432
1.35384,1.1e-08
-10.8418,-11.4539
0.472131,1.1e-08
-26.0475,-46.3751
0.678782,0.102971
-6.13701,-3.7485
1.01928,1.1e-08
1.22871,0.188998
1.28906,0.173629
-36.3993,-104.719
-39.818,-160.281
0.223449,0.293419
1.1e-08,0.0322251
0.479537,0.214603
1.07058,0.0895947
-15.2316,-10.5132
0.2569,0.259243
-23.1901,-69.8249
-40.0754,-211.9
-17.7131,-31.2425
-18.6288,-35.0901
0.0812677,1.1e-08
-39.0189,-200.058
0.751116,0.0426146
-3.7016,-1.3475
0.0804065,0.0477664
1.40761,1.1e-08
0.992166,1.1e-08
0.0893328,1.1e-08
1.50019,0.321711
-28.8808,-106.512
0.10769,1.1e-08
-29.1781,-104.357
0.714918,1.1e-08
1.06036,0.0997552
0.18686,0.0318113
1.39983,0.0903837
0.996592,0.391605
0.430518,0.248534
1.50016,1.1e-08
1.1796,1.1e-08
1.43564,0.844372
-28.5038,-87.4647
0.876448,0.0225241
0.87309,0.251232
1.50015,0.237042
1.50012,0.0380395
1.1e-08,0.178039
-11.8518,-10.7198
1.23506,1.1e-08
0.249909,1.1e-08
0.571735,0.171071
0.636907,1.1e-08
1.44406,0.340554
-54.9149,-192.933
1.09826,0.193996
0.135016,1.1e-08
0.606757,0.173973
-17.726,-38.685
0.0160677,0.0855334
0.0605794,0.00890571
0.128264,0.0286211
1.45991,1.1e-08
0.583731,1.1e-08
1.28073,1.1e-08
0.133634,1.1e-08
1.1768,0.10742
-38.6653,-169.251
0.791683,1.1e-08
1.14706,1.1e-08
1.04564,0.0534872
-38.5038,-133.77
1.29738,0.0824444
0.413514,1.1e-08
-46.9847,-184.767
0.874708,0.169706
0.776335,0.0179312
-26.8968,-90.4372
1.22107,0.291086
-8.82847,-9.82861
1.25446,1.1e-08
-16.4742,-28.8159
0.11085,0.00181288
0.589916,0.317325
1.25802,0.188204
-21.2502,-54.1692
1.48717,1.1e-08
-32.1499,-85.4067
1.01486,0.101971
0.353743,0.0850767
-3.1741,-1.34747
-23.5982,-60.8825
1.3229,0.0853532
1.39689,0.32982
0.291901,0.16329
0.947147,1.1e-08
-29.0008,-111.99
0.118596,0.442208
0.431134,0.0493703
-6.91993,-5.65894
-53.7477,-228.93
-37.8956,-177.482
-47.2098,-187.657
0.166377,1.1e-08
-41.949,-106.38
-26.462,-64.386
-33.719,-95.8225
-22.8963,-66.1742
-50.3553,-211.823
0.91764,0.193376
0.154845,0.267918
1.17085,0.142767
-38.3198,-104.765
0.142059,0.227848
0.918368,0.126463
-17.9231,-30.0128
0.782981,0.0706484
1.48176,0.596484
1.196,0.270177
0.507146,0.248032
1.395,0.485093
1.42824,0.545334
-13.3553,-22.1235
-56.7385,-181.748
-41.9015,-224.749
-15.007,-20.09
-5.77783,-2.93965
-39.9668,-208.599
1.32891,1.1e-08
1.1e-08,0.384494
1.32084,0.0703128
0.564726,1.1e-08
-41.1438,-179.569
1.29953,0.0369127
-35.6853,-131.222
-16.4123,-24.2551
0.272285,0.051962
1.50015,0.118509
0.672116,0.340364
1.27167,1.1e-08
1.31238,0.0346665
-35.8295,-171.991
-28.077,-50.3617
0.138635,0.00875423
-2.14341,-0.685944
-37.9941,-106.484
-41.0721,-155.035
-10.0791,-9.89459
1.39278,0.574215
0.666267,0.146903
0.0326596,0.177207
-16.3917,-27.6368
-21.1364,-44.3562
1.32679,0.438865
0.815504,0.00410351
1.50017,1.1e-08
1.10702,1.1e-08
1.16313,1.1e-08
0.395223,0.000706815
-24.5723,-75.4896
0.600787,0.0340424
-26.669,-75.4879
0.902994,1.1e-08
1.21037,1.1e-08
1.50019,1.1e-08
1.17088,0.224427
-38.699,-172.046
-21.8279,-39.1053
0.610575,1.1e-08
-34.2952,-128.698
1.07253,0.00540033
-20.5152,-42.6404
1.45025,1.1e-08
-18.6727,-49.7254
1.15876,0.330144
-66.7804,-195.699
1.46309,1.1e-08
0.171158,1.1e-08
0.443228,0.000402555
0.157995,1.1e-08
1.50014,0.21455
-35.8558,-163.474
-31.7768,-102.281
-24.4761,-55.8119
1.27318,0.0605419
1.38023,0.0391814
1.33793,0.0645652
-41.8138,-218.31
-20.8038,-55.8135
1.01583,0.548052
0.949848,0.146775
-41.0654,-195.702
1.43123,1.1e-08
0.432397,0.199384
-38.3531,-175.029
1.26938,1.1e-08
-36.1649,-157.815
-1.9468,-0.514499
0.813562,0.0686707
-23.0749,-54.1697
0.567746,0.201312
1.31335,0.266159
1.20454,1.1e-08
1.03557,1.1e-08
0.0584941,0.0965904
-13.6637,-25.3575
1.09284,0.12835
-31.2233,-103.796
0.453715,1.1e-08
0.617922,0.478481
0.68448,0.118463
-22.8805,-41.8113
0.370214,0.239088
-5.01999,-2.93969
-4.42213,-1.91099
1.10953,0.00267498
0.827244,1.1e-08
0.507585,0.00634571
-23.4373,-52.5535
-43.485,-177.395
1.33209,0.618865
-26.5117,-44.8231
-44.4748,-186.497
1.44648,0.23401
0.609388,0.124158
-22.4146,-49.2513
1.22471,0.259567
1.26314,0.0888039
-8.19907,-7.93512
-18.6507,-32.487
-18.1804,-33.7642
-29.0145,-109.943
-30.5173,-79.3804
1.50017,0.00495381
-9.63224,-9.25624
1.33167,1.1e-08
0.848567,1.1e-08
-41.3427,-146.844
0.534233,1.1e-08
-3.44213,-1.61699
-25.0902,-46.2711
1.26194,0.428953
1.33594,0.121904
0.750899,0.0971141
1.49319,1.1e-08
1.0422,0.110339
1.35021,0.315463
-36.3599,-138.939
-43.8884,-175.796
-21.1992,-40.3395
-25.0334,-59.1675
1.10763,0.262928
0.535817,0.0218836
0.143559,0.0601514
-19.6338,-46.3634
1.21137,0.169689
1.23231,0.150296
-19.6406,-37.6834
0.635113,0.153669
0.2041,1.1e-08
1.30605,1.1e-08
1.43507,1.1e-08
0.458756,0.3841
1.33548,0.0232196
-27.1672,-91.7768
0.97794,1.1e-08
-34.8508,-141.561
-32.9133,-99.7831
1.13088,0.20676
0.791945,1.1e-08
-16.8125,-36.3827
-17.0264,-11.3832
0.583331,1.1e-08
1.39679,0.302465
-12.4328,-17.2241
0.164823,1.1e-08
-5.86641,-3.33155
-25.2398,-69.8251
-29.7801,-45.8907
1.38432,1.1e-08
-13.887,-23.177
1.33123,0.119617
1.43655,0.318259
-16.2248,-23.177
0,1.1e-08
0.383274,1.1e-08
1.18825,0.145153
-18.6765,-41.2164
-46.702,-108.393
1.1e-08,0.048677
0.844562,0.0886897
1.41283,1.1e-08
1.5002,1.1e-08
-43.8503,-234.95
-46.2159,-107.729
-51.7104,-225.482
1.3109,1.1e-08
0.0318798,0.352702
0.629612,0.0864747
-47.8957,-193.15
-41.1283,-176.594
-24.8151,-43.8632
1.05632,1.1e-08
-32.7989,-131.222
1.24499,1.1e-08
0.266981,0.0111904
0.647898,1.1e-08
0.522484,1.1e-08
-21.6964,-57.477
0.917193,1.1e-08
1.11424,0.02473
0.571303,0.141973
-33.0004,-102.356
0.279975,0.217038
-66.1508,-194.147
0.42968,0.0275669
1.33621,1.1e-08
-29.0183,-83.3725
0.229247,1.1e-08
-5.38617,-2.94052
0.34505,0.000565013
-15.1992,-26.4841
1.49673,1.1e-08
-30.1607,-99.1766
-41.1612,-163.434
1.08419,0.0358283
-43.673,-163.415
1.50021,0.0949366
1.47955,0.024137
-21.2704,-35.0598
0.110387,1.1e-08
0,1.1e-08
0.66759,1.1e-08
0.164688,0.110318
1.1e-08,0.310306
-7.45131,-5.65977
0.0648995,0.208814
-28.4584,-93.7513
0.371501,1.1e-08
-0.959299,-0.147001
1.27994,0.53048
-10.895,-9.25833
1.30037,0.071401
1.1e-08,0.342697
0.89884,0.443265
-38.7929,-186.371
-49.1033,-180.729
1.24785,0.305247
0.912196,0.0616361
-4.66741,-2.94097
-42.3366,-202.363
0.889092,1.1e-08
0.666522,0.0415347
0.421249,1.1e-08
1.09837,0.0849915
1.21704,1.1e-08
-40.7944,-182.968
-11.1324,-11.0515
-18.2434,-37.7873
0.198424,1.1e-08
1.17658,0.679345
-6.89,-4.65501
1.1e-08,0.0962877
1.27314,0.321778
-34.9188,-136.343
-45.5083,-106.959
-50.8814,-215.061
0.961928,0.227333
0.752567,0.358115
0.986414,1.1e-08
0.584095,0.00592934
1.35564,1.1e-08
0,1.1e-08
1.01359,0.0314408
1.06473,0.123011
1.46981,1.1e-08
1.24234,0.0393379
0,1.1e-08
1.50016,0.368665
1.36368,0.191279
1.17453,0.0507682
0.410444,0.111346
-19.3057,-43.1215
-22.2547,-50.96
1.20015,0.165278
-26.8667,-83.3799
1.11963,0.061408
-6.41173,-5.65967
-64.0116,-192.907
-19.5698,-33.772
-4.09587,-1.911
0.888338,0.00683943
1.1e-08,0.00431818
-36.039,-109.394
-23.9624,-62.622
0.499566,1.1e-08
0.00550506,0.0169967
0.351325,0.0395705
0.125996,0.0967621
-2.31938,-0.685989
1.50014,1.1e-08
1.44304,0.0412391
-64.6993,-192.251
1.50019,1.1e-08
-30.5029,-41.4386
-34.9293,-177.61
-39.3872,-166.251
-2.5059,-0.882025
0,1.1e-08
0.315214,1.1e-08
1.22391,0.33381
-24.9529,-44.8443
0,1.1e-08
-15.5147,-33.7042
-24.8049,-81.3709
0.523425,0.0120919
1.27866,1.1e-08
0.593911,1.1e-08
-47.232,-215.059
-56.9762,-192.926
1.31211,0.208417
-42.1685,-157.808
1.22641,1.1e-08
0.322282,0.0640418
1.33907,0.275012
0.66814,0.188977
-33.0192,-146.934
1.50017,1.1e-08
0,1.1e-08
1.23148,0.120326
-30.607,-93.7957
1.47284,0.544377
1.29148,0.285827
0.652933,0.240897
1.49312,0.493653
0,1.1e-08
-35.2837,-47.8175
-18.6311,-44.444
1.1e-08,0.464576
0.973203,1.1e-08
-7.97449,-6.79546
-13.7226,-11.016
0.634815,0.0227716
-6.80766,-6.19833
0.856285,1.1e-08
0.719783,1.1e-08
-30.7717,-105.138
1.50018,1.1e-08
1.2121,0.0551474
0.399566,1.1e-08
1.12218,1.1e-08
0.319057,0.0970277
-32.3325,-89.5536
0.445921,1.1e-08
-23.2959,-67.9872
1.50019,0.182654
0.260692,1.1e-08
-52.3809,-187.856
1.50013,0.0215182
0.0338776,1.1e-08
1.47151,0.308093
-14.9994,-23.1769
-23.7722,-73.5723
-28.0197,-77.4199
1.45565,0.0733998
-24.2382,-79.3911
1.42027,0.131411
-3.24185,-1.10252
-15.8586,-32.4872
0.526397,1.1e-08
-36.0982,-126.199
-40.4569,-104.803
1.17962,1.1e-08
1.27701,0.462646
-41.8957,-107.076
0.798415,1.1e-08
1.17509,1.1e-08
0.401625,0.0430865
0.0201645,1.1e-08
-44.0453,-169.345
1.28331,0.647596
-39.411,-138.939
1.00829,1.1e-08
-19.1033,-31.2377
-10.5533,-8.5597
0,1.1e-08
0.491413,0.0960552
0.32532,0.123135
1.11975,0.0901671
1.19988,1.1e-08
-13.8675,-20.09
0.260815,1.1e-08
-31.3677,-48.5613
-40.9295,-228.372
1.42068,1.1e-08
-46.486,-208.61
1.05165,1.1e-08
-33.372,-157.807
0,1.1e-08
1.43625,0.0359621
1.08792,1.1e-08
0.413662,0.061588
1.13899,1.1e-08
-43.9241,-215.067
0,1.1e-08
0.779854,1.1e-08
0.716255,0.0551001
0.353297,0.158781
-6.15745,-4.1894
-6.20886,-5.14529
-12.3409,-15.435
1.2195,1.1e-08
1.50012,0.0270948
1.50021,0.0810644
1.1e-08,0.0289772
1.48112,0.257768
-31.6143,-128.698
-19.8347,-52.5478
-9.34831,-7.66341
-39.24,-202.143
1.02281,0.237496
-44.3513,-232.089
0.988125,0.158257
-14.9135,-7.65786
1.50018,1.1e-08
1.26768,0.163009
-41.4295,-187.131
0.910006,0.38681
-11.2063,-12.9359
1.15179,0.261667
0.318121,0.18981
0.229128,0.356723
1.25905,0.249608
0.526142,0.0948328
0.565819,0.0113505
-51.8244,-190.757
0.255383,1.1e-08
-7.38476,-6.19853
-25.7944,-73.5735
-26.2785,-71.6869
1.38757,1.1e-08
-40.865,-232.711
0.825569,1.1e-08
-7.47563,-6.72625
1.03237,0.0712598
1.46433,1.1e-08
0.942701,0.0597876
1.02559,1.1e-08
1.39148,1.1e-08
0.697042,0.2106
-8.42627,-8.92292
-4.28233,-2.57252
0.714439,0.427184
-45.4685,-99.3055
1.49617,0.146647
-24.8216,-66.1746
-9.85352,-8.58864
1.14192,0.239226
-21.861,-47.892
1.44114,0.602585
-33.955,-152.285
1.36096,1.1e-08
-22.6322,-75.4807
-35.7274,-146.71
0.426655,0.300541
1.08717,0.294166
0.0866707,1.1e-08
-32.0706,-136.343
1.0777,0.247332
-41.949,-149.572
1.2587,1.1e-08
0.671061,0.0479411
-27.3911,-67.9875
1.41326,0.241243
0.934155,0.00992175
1.15696,0.0999745
-33.5198,-109.601
1.36175,1.1e-08
-39.0821,-194.277
-5.00853,-3.32037
-44.8286,-172.017
-60.0667,-192.854
1.0593,0.467308
-25.8401,-85.4102
-34.5421,-105.053
-31.0686,-81.3636
-34.4709,-123.716
-22.8303,-46.5989
0.899681,1.1e-08
1.28597,0.248501
0.0142619,0.488385
-14.5116,-11.889
-18.6574,-40.0008
0.229718,1.1e-08
0.000891449,0.120484
-1.40675,-0.244999
1.19731,0.349623
-31.1411,-121.275
-50.0756,-208.619
0.240499,1.1e-08
0.572755,0.0530095
0.510126,0.180012
-30.3592,-89.6495
0.304456,0.263485
0.533587,0.315311
0,1.1e-08
1.31241,0.111119
-46.2961,-223.298
0.807873,0.248547
1.1e-08,0.000337025
0.965418,0.431651
0.607951,1.1e-08
-6.94832,-6.77493
0.0857809,1.1e-08
-14.686,-11.3899
0.585939,0.0955189
0.185917,1.1e-08
0.0563037,0.0138489
1.11556,0.113343
-36.2622,-166.262
1.29538,0.134059
-34.877,-160.32
-23.6028,-57.477
1.15404,0.0199963
1.36331,1.1e-08
-38.4643,-147.007
0.847782,1.1e-08
-38.6075,-163.354
-27.993,-73.5734
1.24543,0.366185
1.43608,0.101738
-56.4398,-195.382
-16.9113,-37.6923
-22.5146,-64.386
-20.9265,-49.425
-15.2035,-28.7968
-45.6707,-160.564
-28.2062,-48.2588
-9.92559,-8.06077
-5.66801,-3.74848
-47.9227,-205.432
0.49279,0.0514299
-45.9872,-195.545
1.27545,0.00100076
-32.3713,-107.057
-45.0422,-107.738
-49.2941,-189.515
-19.017,-39.1083
-44.4663,-182.216
0.255748,0.120894
1.062,0.178939
0.3714,1.1e-08
1.42652,0.291555
1.13549,0.362166
-0.344761,-0.0244998
-9.02357,-9.25997
0.484212,0.151867
0.0357574,0.0241284
-42.7841,-197.756
1.06902,0.211432
-48.3939,-177.543
0.214469,0.0747137
1.50014,0.578387
1.50013,0.351498
1.50016,1.1e-08
-36.6323,-152.299
0.391484,0.107319
0.351252,0.283903
1.50016,0.0580743
-49.9613,-183.127
1.48849,0.385599
1.50016,1.1e-08
0.149975,0.146691
1.19424,0.414941
1.35961,0.416669
0.698593,0.0624287
1.22686,0.0975494
-64.7703,-197.446
0,1.1e-08
-21.2487,-59.1676
-17.7755,-28.8178
0.840001,0.0407587
0,1.1e-08
-11.8572,-9.94659
1.50015,0.0539813
1.48797,0.0615701
0.222221,0.147941
0.654091,0.296706
-19.4232,-40.3929
1.14529,1.1e-08
1.10347,1.1e-08
0,1.1e-08
0.19695,0.253088
-12.592,-18.1514
0.756167,1.1e-08
-14.3079,-19.11
-40.9231,-191.266
-13.9531,-27.6383
-3.7259,-1.617
1.21786,0.196082
-9.07661,-6.76698
-22.5699,-55.8083
1.50021,0.00667968
-0.680717,-0.0734988
1.33378,0.47006
0.0284382,1.1e-08
0.314241,0.0258391
0.0815921,0.376166
0.8598,0.0571644
-39.1064,-157.793
0.0788849,0.142128
-25.2793,-67.9876
-49.1611,-218.317
-28.5877,-39.9397
1.1e-08,0.202533
0.209466,0.0130105
0.576502,0.239221
0.37939,0.0611715
1.08648,0.117536
-16.5046,-26.4849
0.808625,0.189654
-6.36399,-4.65509
-27.8347,-85.4037
-47.0134,-188.066
0.457856,0.12597
-29.6065,-101.091
1.42084,1.1e-08
0.790567,0.222062
1.12338,1.1e-08
0.0345091,0.265826
-12.0333,-9.74551
-28.3247,-79.3814
-4.01934,-1.61699
-9.2837,-11.3391
-16.4642,-31.2159
0.432304,0.0956031
-1.62208,-0.367495
0.738833,0.00711851
-19.8713,-45.583
1.16557,0.165939
-12.1671,-16.3168
0,1.1e-08
1.15657,0.418207
-5.42566,-3.33845
0.0146008,0.0669474
1.09128,1.1e-08
-10.6801,-9.9498
-0.327826,-0.0244998
0.963217,0.067399
-1.0351,-0.146999
1.37038,0.591437
-6.68196,-5.14687
1.49993,0.448495
-7.46953,-7.34521
-47.1302,-107.448
0.164344,0.035981
1.4678,0.118915
1.19969,1.1e-08
1.30178,1.1e-08
-42.4059,-180.848
-48.4203,-224.941
-33.4435,-47.8211
0.459411,0.0338893
0.994681,0.0306614
-34.937,-144.214
0.351034,1.1e-08
-13.4844,-17.2246
0.550498,0.118349
-42.1228,-185.127
-38.9458,-149.572
1.27218,1.1e-08
-11.472,-17.2183
0,1.1e-08
-13.557,-11.5332
1.50015,0.130418
1.21959,0.0540155
1.50014,0.0818631
0.0682308,1.1e-08
-37.3042,-103.078
0.470963,0.088396
1.05933,0.0537451
1.33817,0.384129
1.50012,0.151473
-42.8567,-172.626
-48.6685,-221.507
-30.1595,-77.42
0.858495,0.036243
-41.6182,-172
0.178572,0.0505978
0.938747,0.0375086
1.20683,0.101482
1.23233,0.499575
-17.4864,-40.7958
1.18452,1.1e-08
-33.7853,-121.275
-11.1566,-16.3165
1.04252,1.1e-08
1.15284,0.128749
0.751049,0.105464
0.220616,0.0712791
1.34978,0.516785
1.24242,0.0575428
-45.5931,-221.855
1.1e-08,0.0114054
0,1.1e-08
1.45017,0.00244797
-36.2206,-168.503
-15.1403,-27.6342
0.779704,0.275455
1.15457,1.1e-08
0.235017,0.186356
0.635283,1.1e-08
0.549386,0.264968
0.830911,1.1e-08
-9.64837,-10.8957
1.1e-08,0.248569
0.96364,1.1e-08
-30.2714,-44.6197
-20.1019,-41.3465
1.10174,0.162456
0.748735,1.1e-08
1.41289,0.0191904
1.18683,1.1e-08
1.3785,0.452393
-17.2025,-32.4868
0.486764,0.0360094
-15.2977,-31.2616
0.184006,0.0725652
1.37899,0.105506
1.18594,0.378787
-37.7476,-144.206
-35.8446,-118.85
0,1.1e-08
1.26044,0.277815
0.983883,1.1e-08
-8.01007,-5.65946
0.0408578,0.418822
0.711389,0.366175
0.690862,0.00236699
-9.24222,-8.82671
0.100288,0.118325
-13.9765,-26.4841
-46.7196,-163.413
0.666616,0.0898868
1.48272,0.335277
1.5002,0.245685
-52.2301,-221.621
0.900283,0.148816
1.0302,0.0833391
1.33453,0.17617
-25.8051,-98.0467
1.40063,1.1e-08
-2.09854,-0.514499
-34.5636,-89.5482
-26.779,-46.3275
1.25692,1.1e-08
1.15297,1.1e-08
-24.8292,-83.3656
-15.2476,-30.0139
-29.7657,-47.4824
-41.239,-189.985
0.931066,0.322977
1.08804,0.0472491
1.12752,0.148046
1.28131,0.0299087
-28.7881,-75.4828
-17.5792,-27.6357
0.551959,1.1e-08
0.942243,0.211328
0.225739,0.037354
0.289697,1.1e-08
0.943516,0.0200671
1.48002,1.1e-08
-28.8491,-81.3671
0.480111,1.1e-08
0.827505,0.0254521
1.24814,0.220097
-32.8102,-133.77
-29.4315,-44.5224
-39.247,-196.22
0.363148,0.191304
0.0593433,0.163656
0.638466,0.459712
1.24128,1.1e-08
1.4645,0.0799092
0.590763,1.1e-08
-33.8906,-114.072
1.50017,1.1e-08
-48.9631,-202.271
-25.5895,-60.8825
1.43813,1.1e-08
1.50015,0.265597
0.112157,0.204737
1.25178,0.185138
1.38603,0.397711
1.3373,0.205374
-3.78817,-1.911
0.700444,1.1e-08
-20.9152,-36.3835
-19.231,-41.007
1.31659,0.413398
1.40438,0.63851
0.806185,0.131307
1.3883,0.116731
1.30909,0.506467
-7.74005,-7.55847
1.37245,0.0763854
0.794236,1.1e-08
0.935356,1.1e-08
1.50017,0.48544
-19.853,-35.0553
-34.7015,-116.448
-9.53383,-12.1845
1.05316,1.1e-08
1.3688,0.145222
0.998883,0.0432971
-46.7604,-189.841
-49.7949,-185.808
-42.5399,-152.293
1.2773,1.1e-08
1.29628,0.22835
-34.3867,-107.26
0.118564,0.166442
1.36196,0.823305
-30.4654,-118.863
1.49983,-280.172
-30.5181,-126.199
-42.7052,-166.26
-8.61388,-7.30154
-43.287,-211.749
-13.855,-21.0945
0.898508,0.0366274
0.109174,0.0153569
1.39024,0.0446748
1.42065,0.161006
-21.1557,-37.7493
-14.8724,-25.3574
1.30527,1.1e-08
0,1.1e-08
0.970587,0.0653129
-13.8147,-10.5695
-32.2959,-144.197
1.1e-08,0.28353
1.48892,0.192391
-42.609,-221.196
-45.48,-202.256
1.1479,0.00358179
1.26184,0.400449
1.3791,0.222497
-40.397,-107.059
-31.2652,-83.3734
-30.903,-87.465
1.33643,0.0562012
0.608483,0.0504965
1.1e-08,0.161898
1.12422,1.1e-08
1.28134,1.1e-08
0.811549,0.0691668
1.41194,0.0172443
0.190525,1.1e-08
1.30494,1.1e-08
0,1.1e-08
0.60966,1.1e-08
-32.7131,-104.459
1.1e-08,0.0633538
-38.5757,-225.151
-16.1447,-25.3575
0.590864,1.1e-08
0.640752,0.0248602
-33.1949,-126.199
-30.543,-98.1791
1.1e-08,0.229731
-31.842,-97.1013
-7.78703,-8.62305
1.50019,0.540302
0,1.1e-08
-20.4593,-50.9599
1.1e-08,0.0118288
0.552993,0.0113632
1.36772,0.0207163
-25.9895,-62.622
0.756785,0.0528412
0.363316,0.103145
0.732852,0.280543
1.25958,0.108126
-35.5252,-133.77
1.13379,0.0938399
-57.8016,-198.072
1.35652,0.0469307
1.50014,0.291114
0.287906,0.0461639
1.1e-08,0.0141099
1.49833,1.1e-08
1.36499,0.289491
-32.9399,-93.7855
-4.65363,-2.57245
1.35951,0.211307
-27.3622,-69.8249
1.3146,0.351425
-22.6777,-40.2863
-51.1097,-109.324
-7.86211,-8.51346
1.50015,0.192021
1.38533,0.530409
-10.8529,-14.5775
1.39544,0.268484
1.50013,1.1e-08
-37.9267,-141.561
0.866069,0.348153
0.0593537,1.1e-08
1.19901,0.0752543
1.1e-08,0.13996
0.259329,0.153866
-13.206,-19.1099
0.917743,0.0123686
1.20512,0.227203
-20.8007,-41.7674
1.32759,1.1e-08
1.18586,0.194544
-37.874,-136.342
1.41231,0.355965
0.713211,1.1e-08
-43.1164,-208.645
0.349577,1.1e-08
-45.1759,-178.544
0.892096,0.0386479
0.987993,0.0893913
0.392978,0.314071
-33.6464,-91.5279
-23.6206,-44.7376
-14.0207,-28.7957
1.5002,0.030319
1.50013,1.1e-08
0.0525096,1.1e-08
0.52217,0.147433
0.776484,0.16786
1.34872,0.077239
-12.8277,-20.09
1.48597,0.153664
1.1e-08,0.224868
0.202981,1.1e-08
1.50417,0
