1.38643,0.274973
0.983107,1.1e-08
-35.2567,-135.749
0.927441,0.046982
-33.1972,-144.319
-29.8206,-79.7746
-22.1283,-29.9284
0.233728,0.407106
-50.9647,-302.562
0.516525,0.146311
0.48312,1.1e-08
-6.57163,-5.14501
-39.2234,-81.3644
1.61846,1.1e-08
1.80529,0.028687
-28.1915,-77.0072
1.1e-08,0.3238
1.60531,1.1e-08
-16.6679,-31.7155
-43.4257,-149.344
-26.64,-67.9842
0.46055,0.0925027
-58.4717,-258.519
0.124793,1.1e-08
-15.2886,-22.1235
0.359437,0.143182
1.1e-08,0.362464
1.66946,1.1e-08
0.571446,0.0276581
-35.6182,-155.432
1.47881,0.0985807
0.613941,0.0906462
0.602089,0.127058
-7.45265,-3.75161
-45.027,-251.385
0.415065,1.1e-08
1.11885,0.0997869
0.471424,0.0231624
1.71541,0.14301
-3.82187,-1.3475
1.70824,0.0474099
-33.3862,-126.194
-11.9985,-18.1539
1.80529,0.0298564
1.14402,0.156055
1.64117,1.1e-08
0.129248,1.1e-08
-8.89889,-10.6575
-2.26682,-0.514498
0.490921,0.0751614
0.0608651,0.0553867
0,1.1e-08
1.51718,1.1e-08
-24.6123,-30.0016
1.43507,0.120954
1.02927,0.161787
0.103451,0.0532141
-8.79599,-7.96249
-17.6681,-41.9215
-30.2759,-121.263
-10.2606,-9.94699
0.715963,0.336399
0.554961,1.1e-08
1.65825,1.1e-08
-14.0738,-18.1547
-37.8457,-159.987
0.793427,0.201318
0.835996,1.1e-08
1.18706,1.1e-08
-47.5158,-158.414
0.631257,0.00825959
-48.2696,-202.273
-29.3264,-80.0978
0.659605,0.185814
0.0792076,1.1e-08
0.0552373,1.1e-08
1.1e-08,0.0821038
-51.8221,-296.358
-36.9921,-81.3646
-39.7766,-172.007
-38.486,-144.265
0,1.1e-08
0.404935,0.137514
1.26033,0.00350859
0,1.1e-08
0.53565,1.1e-08
0.271813,0.387643
0.0306433,0.0377629
-44.5077,-183.823
-16.6882,-35.0595
1.1e-08,0.0468497
-46.5699,-211.823
-5.90639,-3.10792
0.506544,1.1e-08
-12.2482,-14.5775
-34.4146,-146.887
1.1e-08,0.0051567
0.852922,0.193941
1.11939,0.200466
0.813595,0.126393
0.778639,0.0865715
-24.8095,-67.9897
1.1e-08,0.0568829
-14.7413,-24.2556
-6.87482,-5.83304
1.80529,0.0854661
1.75497,0.12765
-41.1392,-215.058
-14.3379,-20.0902
0.150824,0.0142816
0.0669301,0.152777
1.80529,0.0513156
1.68764,1.1e-08
1.21441,0.0269624
-28.2413,-89.5452
1.13003,1.1e-08
0.613624,0.052158
0.205157,0.14361
1.00416,0.108939
0.0190844,0.0627388
0.718797,0.102529
0.149278,0.397328
-44.2358,-255.696
0.377657,0.232077
0.337496,0.056771
1.1e-08,0.0253682
1.31652,1.1e-08
1.22496,0.212058
-31.2601,-135.598
-31.1686,-81.3844
0.725038,1.1e-08
0,1.1e-08
-2.60974,-0.685994
0,1.1e-08
0.218128,0.227297
-51.6946,-252.108
1.59062,0.0360419
1.64318,0.0116766
-46.5983,-242.84
-37.4386,-158.021
-43.1072,-244.708
0.448274,0.356259
1.61954,0.0143725
1.27157,1.1e-08
0.546293,0.0776188
1.80529,0.102674
0.495388,0.244802
-8.47744,-3.58962
0.5477,0.338507
-34.2728,-107.089
-52.1459,-288.645
0.280698,1.1e-08
0,1.1e-08
-2.50345,-0.881994
0.513219,0.0718
0.860926,0.155402
0,1.1e-08
-1.45683,-0.244997
0.560081,0.0985938
1.14794,1.1e-08
1.1e-08,0.206923
0.871144,0.287706
1.80529,0.102746
0.353954,0.651763
-39.6826,-208.617
-6.46988,-4.23887
-17.8462,-37.7299
-4.54875,-2.81954
-43.922,-222.15
-23.4254,-31.952
-37.0788,-131.224
-24.7449,-78.3161
-12.0167,-19.1094
-52.84,-261.842
-24.0515,-66.0533
-28.2664,-102.557
0.290924,0.31766
1.77456,0.0302347
1.80529,0.276699
1.1e-08,0.0146556
0.864738,1.1e-08
0.756713,0.117162
-10.4254,-13.7445
0.408843,0.0647571
0.94222,0.150645
1.1e-08,0.183574
1.10475,1.1e-08
-15.8433,-25.9082
-35.8335,-144.088
0.895015,1.1e-08
-11.3462,-17.2235
-10.287,-11.3925
-3.9553,-2.23
1.80529,0.0566459
1.33003,1.1e-08
1.69048,1.1e-08
0.278446,0.111314
-51.8197,-267.677
-11.2899,-13.7445
0.762364,1.1e-08
1.80529,1.1e-08
1.1e-08,0.00804142
-9.69642,-9.26105
0.190682,0.0427137
1.40703,0.217098
-32.7824,-123.712
-20.8709,-41.92
-57.7339,-297.327
-9.47162,-9.94699
-0.939621,-0.146994
0.416685,0.273059
1.10263,1.1e-08
1.1e-08,0.0225623
1.80529,0.16338
-54.7758,-303.847
-30.5593,-114.072
1.34208,0.0578925
-30.1322,-74.1241
1.80529,1.1e-08
0.882286,0.00820704
-31.1743,-104.811
-44.6161,-215.063
-23.2739,-59.166
-27.943,-100.327
1.00094,0.242603
0.0587736,0.781743
1.80529,0
1.40687,0.167805
1.67884,0.0727336
-41.5901,-163.501
-56.4868,-241.584
1.80529,1.1e-08
-3.59613,-1.89766
1.54773,1.1e-08
-45.3665,-292.714
0.0280056,0.207255
1.36703,0.130759
1.1e-08,0.194422
1.2403,0.127459
0.902316,0.0417209
1.75162,0.0099288
1.36098,0.008295
0.2701,0.00399932
-9.67173,-10.6573
0.500211,1.1e-08
-39.3101,-72.1691
0.47115,1.1e-08
-16.9466,-24.1162
1.80529,0.136494
-0.352434,-0.0244965
0.0792952,0.128834
-41.4558,-237.477
0.916807,0.236059
-78.3336,-263.223
-57.6895,-161.519
-34.5884,-154.076
0.523343,1.1e-08
-22.0481,-50.9594
-14.5772,-27.6394
-20.3597,-50.9608
-18.7816,-36.3825
-27.6179,-71.7165
-43.9955,-174.93
-37.5514,-82.2656
-22.3942,-66.2848
1.79408,0.13624
-24.1425,-81.2741
1.01679,0.107064
0.656164,0.113511
0.0660178,0.515922
0.142914,0.0704912
-48.5492,-266.881
0.183216,0.300635
-25.1801,-27.7355
1.80529,0.34614
0.336944,0.270006
-15.4179,-20.0893
1.37249,1.1e-08
0.692805,0.355792
-69.2836,-257.521
-2.1236,-0.514519
-35.3475,-169.131
-38.6393,-139.293
1.5649,1.1e-08
-19.4119,-28.8207
1.39906,1.1e-08
0.617091,0.507932
0.0367024,1.1e-08
-55.4356,-237.391
-23.2023,-25.6956
-42.8534,-151.332
-12.222,-13.7445
1.80529,0.147208
-4.02801,-1.61698
1.71481,1.1e-08
1.80529,0.0492799
1.80529,1.1e-08
-4.41049,-1.91015
0.906752,0.301895
0,1.1e-08
0.00262434,0.0384936
-53.1765,-275.404
0.519874,1.1e-08
0.147523,1.1e-08
1.75039,0.179638
-38.2979,-163.613
0.962789,1.1e-08
-51.277,-255.678
0.844651,0.0679339
-59.9822,-160.528
1.3643,0.319762
0.240554,0.456048
-5.14294,-3.3292
-52.9353,-160.691
0.0784206,0.0231218
-29.7489,-98.1225
-7.80996,-7.34999
1.70849,1.1e-08
-27.909,-81.3791
0.810603,1.1e-08
1.06518,1.1e-08
1.38406,1.1e-08
-17.8012,-27.6475
1.39518,1.1e-08
1.1e-08,0.164703
-54.9804,-302.876
-18.185,-35.0595
-39.4434,-231.946
-8.83414,-3.84504
0.313189,1.1e-08
-17.3426,-30.1437
1.04858,0.00677667
1.29117,1.1e-08
-53.4242,-244.487
0.65549,1.1e-08
-32.6944,-121.281
-21.3504,-47.8485
0.566997,0.297528
-23.2927,-64.3626
-47.1141,-273.785
1.18096,1.1e-08
0.350377,0.439567
1.15576,0.110692
0.487273,1.1e-08
-15.8647,-23.1441
1.78736,1.1e-08
0.238315,0.0904106
0.631016,0.414451
0.260989,1.1e-08
1.00092,0.317597
1.1e-08,0.0865347
1.80529,0.162743
1.34255,0.0432879
-50.0024,-221.76
0.369606,0.038206
1.80166,1.1e-08
-18.419,-43.3652
-18.9792,-46.3295
1.24241,0.0208014
0.216402,0.350496
0.874234,0.443646
0.689433,1.1e-08
-6.97114,-6.19845
0.153559,0.217482
-46.9499,-284.877
1.08593,0.808949
-59.0349,-303.862
-23.1242,-47.8485
0.239616,0.0375232
0.760227,0.0354129
-41.002,-82.92
0.0859652,0.306587
0.448674,1.1e-08
0.885273,0.0731844
0.895248,0.190093
1.12489,0.363531
-38.1104,-144.751
0,1.1e-08
-8.30246,-4.25989
0.906811,0.0951714
-42.7895,-208.62
1.80529,0.0767643
0.277176,0.47585
-55.2255,-231.523
-25.8481,-28.6527
-15.6798,-25.8185
-32.5146,-133.771
0.198312,0.00191922
-38.5152,-169.122
-61.1524,-259.506
1.44413,0.0553421
-26.478,-80.6092
-16.2177,-29.053
-36.1165,-138.6
0.827326,0.0762417
0.112803,0.388208
-31.5619,-77.9621
0.673101,0.0344709
-32.3379,-141.604
1.26156,0.090316
1.8052,0.195172
0.955316,0.0259156
0.438125,0.0320264
1.43557,0.258463
0.274639,0.0332702
1.77036,0.20494
0.305224,0.0621262
0.806366,0.252938
-55.5616,-161.491
-18.4571,-32.5098
0.40897,0.179537
0,1.1e-08
1.80529,0.185377
1.52819,0.308074
0.000557043,0.00427683
1.74667,1.1e-08
1.10467,0.480524
-45.0733,-247.149
-22.6881,-72.5136
-16.774,-33.7613
-37.6625,-166.257
-53.8536,-281.192
1.10063,1.1e-08
-1.85698,-0.36749
-38.0039,-177.862
1.02492,0.0348399
0.0708148,0.444647
0.706176,1.1e-08
0.329932,1.1e-08
0.395963,0.315641
0.181845,1.1e-08
-21.0793,-30.0237
-48.2885,-231.53
-51.0679,-273.789
1.2562,1.1e-08
0.362118,0.0856263
-7.12522,-5.145
0.153857,1.1e-08
1.80529,0.0638504
0.81853,0.167896
0.314501,0.381475
-39.8687,-196.025
-17.0291,-32.6108
1.55619,0.0220156
0.202601,0.0019665
0.501343,0.108337
1.09265,1.1e-08
-22.3404,-46.3295
0.778316,1.1e-08
1.80529,0.275019
1.1e-08,0.464939
0.256425,0.338559
0.334085,1.1e-08
-55.6485,-266.16
1.78266,0.0941755
0.972568,1.1e-08
-2.70078,-1.10227
0.12513,0.06406
0.549364,0.191076
0.932015,1.1e-08
-18.0816,-31.3394
1.47628,0.0140878
-34.6005,-81.4256
0.582312,0.0741351
-13.3752,-17.2235
0.490759,0.469858
-6.63195,-3.25996
0.0894207,0.0949677
-44.3133,-154.923
-46.8024,-221.23
0,1.1e-08
1.21446,1.1e-08
1.80529,0.16527
-3.4431,-1.61686
-25.7299,-29.7571
0.669771,0.0793691
-29.3694,-111.72
-46.1901,-281.247
-24.7989,-60.8896
-25.6569,-66.217
1.80529,0.123069
-45.1623,-267.583
0.480503,0.0181312
-11.132,-11.3925
0.555683,0.262948
0.275901,0.159445
1.08516,0.132006
0.0666624,0.623925
1.80529,1.1e-08
-35.0885,-157.102
1.00045,1.1e-08
-35.5819,-154.446
1.69979,1.1e-08
0.139217,0.499989
0,1.1e-08
0.77995,1.1e-08
0.835397,1.1e-08
1.30798,0.207416
0.43256,0.127289
0.000364851,0.709446
0.198761,0.112737
-35.2897,-133.77
1.29419,0.277185
0,1.1e-08
1.16223,0.324383
1.47553,1.1e-08
-2.91272,-1.10268
-20.0272,-30.1191
1.80529,0.267404
0.709555,0.00436347
1.76441,1.1e-08
0.821719,0.0145115
0.283197,0.250836
-63.7044,-259.327
-0.641497,-0.0734972
0.59488,0.19994
0.308177,0.435432
-24.0516,-71.1178
0.759215,0.158899
0.610063,1.1e-08
0.428347,0.0871784
1.34458,1.1e-08
-4.71093,-1.91127
0.126031,0.0988699
0.125778,0.0288643
0.807068,1.1e-08
-45.2726,-231.749
1.80529,1.1e-08
1.06368,1.1e-08
1.14782,1.1e-08
-45.9108,-189.875
1.1e-08,0.268363
-2.70688,-0.882008
-54.688,-249.846
0.939642,0.337059
0.760429,0.381944
-33.2212,-137.445
-5.92448,-3.32877
-15.1249,-28.6069
0.588986,0.528364
-23.3411,-57.4827
1.16944,0.0281093
0.949214,0.266333
0.575179,0.0593414
-27.6867,-91.6542
1.11838,0.0898728
-39.9025,-131.222
0.463894,0.26489
0.136686,0.250191
-9.50163,-11.3924
-30.3398,-100.328
0.516708,0.015412
0.0918163,0.167439
1.61937,0.0752042
1.80529,1.1e-08
-35.1027,-163.742
0.836121,0.0296879
1.67801,1.1e-08
-13.5011,-21.0934
-61.6559,-300.817
-44.2087,-241.362
-54.8866,-253.206
0.510929,0.18817
-50.9019,-157.021
-33.8172,-104.811
-41.3862,-144.054
-29.1665,-107.089
-58.0477,-281.158
0.562532,1.1e-08
0.862456,1.1e-08
0.319228,0.0204492
-46.652,-154.98
0.190316,0.200079
1.04365,0.077158
-25.2446,-59.1679
1.21427,1.1e-08
0.577206,1.1e-08
1.05294,0.238957
0.741978,0.119815
0.549812,0.0384675
1.15225,0.0213857
-19.7076,-47.8485
-65.7628,-246.421
-48.1068,-296.02
-22.5193,-44.835
-13.5132,-15.4341
-46.1122,-277.441
0.0528846,0.0827474
0.853296,0.0263003
1.1e-08,0.25445
0.321576,0.113525
-47.9438,-243.794
-4.4785,-2.3099
-42.6162,-186.837
-23.8805,-50.9601
-0.336027,-0.0244981
1.13761,0.0420869
1.80529,1.1e-08
1.80529,0.149826
0.369102,0.384478
-41.8995,-234.952
-37.1661,-86.7087
0.0167087,1.1e-08
-8.22371,-9.26077
-46.1737,-157.066
-48.4092,-215.06
-17.2776,-28.7204
0.169321,1.1e-08
0.697128,0.27349
1.80529,0
-23.3702,-55.8122
-28.1813,-78.7391
0.264213,0.672125
1.37998,0.0650157
0,1.1e-08
0.378593,0.172189
1.1e-08,0.524955
0.401929,0.107299
-30.8696,-118.856
0.636704,0.0227758
-33.5093,-118.854
0.264325,1.1e-08
0.957998,0.0820059
0.0530691,1.1e-08
0.081958,0.347114
-45.2569,-235.016
-29.6348,-71.6916
0.0954652,0.261274
-41.019,-183.823
1.44066,0.0308696
-27.5293,-76.4811
-1.06976,-0.147001
-24.5898,-85.8504
0.472429,0.14375
-77.391,-262.531
0.686812,1.1e-08
1.03744,0.00927691
0.353335,1.1e-08
0.791728,0.0289905
1.19146,1.1e-08
-42.089,-224.98
-38.8376,-151.961
-31.786,-93.7872
0.527777,0.071679
0,1.1e-08
0.000253651,0.444145
-48.0995,-288.624
-27.0113,-93.7893
1.68323,1.1e-08
0.751639,0.0165204
-47.6301,-262.543
0.367604,0.331811
-1.74264,-0.367514
-44.7975,-238.501
1.28174,0.0508501
-42.5642,-218.331
-8.40689,-8.59949
0.999735,1.1e-08
-30.0703,-91.6547
-0.346802,-0.0244963
0.242901,0.1072
0.229516,0.308191
0.404632,0.0379269
1.00886,0.394047
-19.7284,-52.5525
0.420902,1.1e-08
-38.084,-153.806
0.241581,0.149411
1.22317,0.0773094
0,1.1e-08
-30.6378,-75.3361
1.09748,0.0442519
-11.7023,-15.4342
-11.8221,-12.936
0.196638,0.0779376
0.188184,0.249012
1.42493,1.1e-08
-30.654,-89.5488
-50.7562,-241.278
1.1e-08,0.0505371
-35.3541,-79.3641
-51.5938,-251.891
1.77342,1.1e-08
1.18221,0.0292089
-29.5306,-85.2171
1.1e-08,0.108465
0.551336,0.129095
-14.7452,-25.3075
-25.9692,-62.622
-25.1752,-64.3906
-35.1848,-161.266
-38.1541,-123.725
1.05254,0.0687985
-16.7669,-27.6276
-0.321389,-0.0245113
0.927065,0.119619
-48.9322,-205.393
0,1.1e-08
-9.66714,-12.152
-33.326,-81.2862
1.02509,0.284193
0.997911,1.1e-08
1.03089,1.1e-08
1.80529,1.1e-08
-9.11896,-4.01916
0.160789,0.118243
-43.2196,-196.024
-51.2435,-239.38
-28.6396,-73.3561
-32.2938,-98.1225
1.64874,1.1e-08
0.105929,1.1e-08
0.985104,0.0386401
-26.0681,-81.4098
0.328363,0.120486
1.80529,1.1e-08
-26.7838,-69.7611
0.109897,0.0182204
1.07608,0.084815
-4.78911,-2.35611
1.21824,1.1e-08
1.1e-08,0.30728
0,1.1e-08
-33.482,-139.09
-9.963,-4.1895
-41.3637,-199.136
-40.2253,-148.906
1.58838,0.202597
0.149768,0.158062
-23.033,-67.9878
-28.3773,-31.222
0.188998,1.1e-08
0.30161,0.0768164
-19.151,-40.4994
0.605317,1.1e-08
-13.2227,-16.3159
-31.97,-111.72
-39.427,-80.7826
0.328284,0.239578
-20.3407,-49.392
1.27307,1.1e-08
1.53635,1.1e-08
-23.7786,-49.392
1.59364,1.1e-08
1.67945,0.0177252
0.356597,1.1e-08
-25.1228,-74.5555
-56.6483,-159.393
0.506432,0.379114
1.07681,0.0257499
0.375488,1.1e-08
0.617551,0.253955
-50.2054,-307.711
-56.0665,-158.589
-59.3749,-296.867
1.1e-08,0.00174004
0.871152,0.0103902
-2.42781,-0.686002
-55.5589,-259.58
-48.0409,-240.331
-32.9513,-78.1026
-9.43177,-4.45164
-39.1659,-186.837
-4.99332,-2.8722
0.771707,0.0247463
0.991885,0.160654
1.80529,1.1e-08
-28.0751,-95.942
1.80529,0.19365
1.09099,1.1e-08
0.809985,0.0847895
-40.2522,-152.046
0.175617,1.1e-08
-76.6685,-260.731
0.22417,1.1e-08
-0.683803,-0.0735043
-36.0973,-128.697
1.35822,0.0119113
-12.5699,-15.4363
1.12752,0.385398
-21.8064,-54.169
1.55203,0.139519
-36.8839,-148.189
-48.3193,-224.933
0.731134,1.1e-08
-51.2685,-224.91
0.0372267,0.591639
0.728587,0.149565
-29.3097,-66.1749
0.353343,0.195982
-5.81361,-3.52254
0.899653,0.43123
-3.13637,-1.10276
0.0243714,0.0996802
-14.552,-21.095
1.12041,1.1e-08
-34.9991,-141.518
0.405336,1.1e-08
-7.31518,-6.76201
0.718634,0.24044
-18.9819,-27.6313
0.0620625,0.199242
0.250358,0.52574
0.108615,0.196403
-45.1005,-251.718
-57.2245,-245.145
0.55346,1.1e-08
1.02811,1.1e-08
-10.8678,-15.4373
-48.9506,-270.242
0.013627,0.199767
1.16872,0.149857
1.7318,1.1e-08
0.892472,0.0934737
1.59057,1.1e-08
-47.4938,-247.769
-18.8094,-30.6868
-24.8738,-69.9036
1.50027,0.0193006
0.374425,0.466537
-14.1624,-19.11
0.663571,0.230248
0,1.1e-08
-41.5698,-192.938
-55.295,-157.646
-58.5945,-284.886
0.18588,0.377264
0.278896,0.0999598
0.100066,1.1e-08
1.74983,0.0123537
-2.91812,-0.881993
-4.29561,-2.22902
0.968338,1.1e-08
-8.88433,-4.1393
0.684234,0.0747981
0.334723,0.0351581
1.783,1.1e-08
0.219817,0.0376483
1.1e-08,0.419747
0.7599,0.229864
1.7116,0.00715838
-25.9618,-77.1024
-29.2119,-87.465
1.46273,0.000639136
-33.417,-128.706
0.312892,0.153691
-12.4962,-21.0948
-74.2537,-259.297
-27.1072,-64.4014
-10.9165,-12.936
0.226868,1.1e-08
0.448233,0.309989
-43.711,-160.6
-30.7116,-102.557
-3.86137,-1.92721
1.17979,0.233982
0.443116,0.0221954
0.496572,0.335319
-8.9384,-9.26096
1.1e-08,0.288708
0.230572,1.1e-08
-74.9928,-258.532
0.798798,0.00126848
-40.3806,-74.9276
-40.7443,-241.512
-46.1776,-228.235
-8.74308,-9.94709
-6.00277,-4.6839
1.05135,0.342922
0.695442,1.1e-08
-33.2709,-79.3925
-1.36024,-0.245005
-21.4725,-64.3071
-30.9244,-126.208
0.932338,0.023557
-1.26311,-0.244986
0.787383,1.1e-08
-54.3886,-284.884
-66.0938,-259.319
0.162968,0.342055
-49.6366,-218.324
1.80529,0.311221
1.80529,1.1e-08
0.167408,0.634315
0.382283,1.1e-08
-39.0746,-205.5
0.615321,1.1e-08
-6.0396,-5.1449
0.415706,0.375074
-37.6436,-141.573
1.80529,0.162296
0.650438,0.276117
0.21701,1.1e-08
1.80529,1.1e-08
1.11242,0.0589921
-46.6672,-83.3325
-24.9456,-78.8635
0.765825,1.1e-08
0.832277,0.235489
-14.9059,-23.2412
-22.9348,-30.6254
1.80529,0.107542
-12.9823,-22.1232
0.417241,1.1e-08
0.580778,0.157113
-37.4592,-155.435
0.20154,0.0293614
-6.28112,-3.31698
1.80529,1.1e-08
1.53689,1.1e-08
0.686624,0.127802
-39.9436,-136.35
0.243658,0.0403194
-29.588,-109.392
0,1.1e-08
0.22437,0.275513
-60.8998,-253.437
0.0740002,0.391113
1.45704,1.1e-08
1.00482,0.210154
-21.9739,-49.3919
-29.9447,-116.447
-35.1131,-121.275
0,1.1e-08
-30.2914,-123.739
0,1.1e-08
-10.4856,-10.6576
-22.0744,-62.6223
0.512278,0.40967
-43.2499,-180.834
-49.2555,-155.026
1.29156,1.1e-08
0.38566,1.1e-08
-50.9068,-157.788
0.135343,1.1e-08
1.80529,0.0862928
1.48363,0.0716989
1.44839,0.000987482
-51.5781,-231.858
0.868158,0.245058
-46.8508,-196.024
0.889795,0.136229
-26.7559,-60.8828
-18.6988,-26.4127
-3.56713,-1.3475
0.601675,0.344473
0.437523,1.1e-08
0.790219,1.1e-08
0.455633,0.170604
-20.7992,-44.835
0.346653,1.1e-08
-41.5169,-84.321
-46.9455,-300.176
1.1e-08,0.107516
-53.6383,-277.454
1.23989,1.1e-08
-39.2746,-218.323
-3.09621,-1.34744
0,1.1e-08
0.0612571,1.1e-08
0.643717,0.103001
0.312785,1.1e-08
-50.5779,-284.893
1.7291,0.111666
0,1.1e-08
1.39227,0.0494911
0.58506,0.239934
-12.9952,-18.1543
-12.4026,-20.0906
-19.3974,-37.73
-7.06606,-3.29022
1.80529,0.218126
0.0330829,0.548399
1.26645,0.0563022
1.49217,1.1e-08
-37.8113,-183.823
-25.933,-89.5413
-16.8385,-24.8074
-45.369,-269.988
1.75066,0.0592596
-50.8262,-304.441
1.1e-08,0.222812
-24.8679,-25.1748
0.447861,1.1e-08
0.301119,0.00777221
-48.1652,-252.595
-1.5159,-0.367493
-18.216,-33.7609
1.1e-08,0.0802961
0.65509,1.1e-08
1.61685,1.1e-08
0,1.1e-08
1.1e-08,0.229751
0.0412802,1.1e-08
-60.18,-256.814
0.426121,1.1e-08
-14.0954,-22.1236
-32.4933,-116.448
-33.1969,-114.072
0.317807,0.296018
-46.8276,-305.155
0,1.1e-08
-13.9687,-23.1086
1.3966,0.102299
0.70856,0.0566039
0,1.1e-08
-9.25475,-4.04772
0.070971,0.0127265
1.1e-08,0.163166
-14.902,-27.066
-10.375,-14.5776
1.74043,1.1e-08
-55.1767,-148.413
0.916651,0.00529093
-31.6212,-107.09
-17.4379,-26.4644
1.1e-08,0.0711991
-29.0264,-83.4987
1.06035,1.1e-08
-40.0693,-211.819
1.1e-08,0.0834048
-28.4274,-118.845
-42.2817,-205.234
1.80529,0.0344081
0.778587,0.264121
1.80529,0
-38.1771,-192.938
0.24613,1.1e-08
-49.5801,-208.617
1.69337,1.1e-08
1.1e-08,0.343282
-34.7989,-109.392
0.0280921,0.0108484
0.633295,1.1e-08
0.123102,0.130899
-40.6521,-160.851
0.789185,0.446606
-45.3342,-260.887
-11.2495,-16.2903
-52.4304,-234.982
-69.6777,-259.235
0.94223,1.1e-08
-32.0627,-131.226
-42.0513,-155.332
-38.7465,-126.198
-41.3668,-177.859
-30.3308,-81.7288
0,1.1e-08
0.822442,1.1e-08
1.09613,0.177191
-24.2655,-32.0708
-25.1986,-72.8975
0.727519,0.0637235
0.375469,0.0797766
-8.47941,-7.34999
1.1e-08,0.124868
-37.4299,-174.93
-57.7839,-277.464
1.55189,0.0162422
1.80529,1.1e-08
1.05582,1.1e-08
-37.5024,-136.469
0.496631,0.0281314
0.526331,1.1e-08
-5.34463,-3.01594
-3.35998,-1.1024
-53.1055,-294.347
0.000183978,1.1e-08
1.50571,1.1e-08
0.673622,0.0254057
-1.62641,-0.367473
-12.9751,-23.2017
1.14947,1.1e-08
-24.5191,-31.2326
0.546142,1.1e-08
-4.6634,-3.05576
1.75835,0.359194
1.31652,0.167739
-42.5117,-228.248
0.433911,0.2313
-40.9916,-221.276
-30.5473,-95.942
0.304719,0.216963
0.250808,0.00811518
-45.5225,-205.586
0.786658,0.159575
-45.3207,-224.839
-35.2669,-116.448
1.38132,0.494866
1.17994,1.1e-08
-65.4094,-262.164
-23.0529,-69.7733
-28.7651,-104.811
-27.571,-85.451
-21.5337,-57.4554
-53.6895,-221.563
-37.3411,-83.9109
-17.8952,-25.532
-12.3336,-17.2235
-55.3552,-273.787
1.24115,1.1e-08
-53.3453,-262.361
0.589942,0.0109219
-39.3299,-157.764
-54.6477,-158.604
-57.2445,-255.36
-25.807,-71.6958
-51.7552,-246.876
1.32864,0.107751
0.0116958,0.408092
0.120877,0.663354
0.741351,1.1e-08
1.43908,1.1e-08
-7.3613,-5.65949
-15.7021,-27.6342
1.05996,0.159394
0.055245,0.261446
-49.5755,-264.917
0.947734,1.1e-08
-56.25,-241.411
0.743064,1.1e-08
1.52277,0.165859
1.80529,1.1e-08
0.228897,1.1e-08
-43.2309,-211.835
0.0274756,0.165722
0.13193,0.461472
1.3131,0.063703
-58.156,-247.937
1.47509,0.20425
1.80529,0.0142394
0.836165,1.1e-08
1.29167,0.130249
0.0751121,1.1e-08
1.80529,1.1e-08
0.845075,1.1e-08
-75.0713,-264.558
-6.531,-4.65565
-27.4044,-98.1226
-25.1949,-57.4852
-5.03423,-2.79757
-5.67194,-2.70473
-20.3331,-28.8113
0.817785,1.1e-08
1.6701,1.1e-08
1.26385,0.181583
0.740237,0.0304802
-26.1586,-73.3631
1.72251,0.0250295
-7.0376,-3.75798
1.6815,0.111518
0.00194684,0.230912
-19.2179,-41.9148
1.80529,1.1e-08
-21.6522,-43.365
-47.4707,-257.396
-19.8808,-55.8143
-10.4964,-12.152
0.374971,1.1e-08
-16.992,-23.1866
-29.3062,-93.7825
0.467913,1.1e-08
-7.57487,-6.19849
0.981325,0.0392169
1.23955,0.266737
1.62216,0.0642307
0.706693,1.1e-08
-3.32788,-1.3475
-46.0287,-218.306
0.580715,1.1e-08
-32.1108,-109.393
-56.5564,-288.631
-37.8543,-72.9909
1.22768,0.164227
0.451129,0.000984081
0.999715,1.1e-08
0.947983,0.0947645
0.733516,0.197697
-23.6879,-54.1701
1.49579,1.1e-08
-13.0604,-19.1102
-34.54,-131.218
-54.5458,-253.666
-1.98259,-0.514412
-36.1116,-150.502
0.138338,0.0175633
0.495916,1.1e-08
0.0336645,1.1e-08
0.799028,1.1e-08
-20.3787,-28.4587
-35.4072,-123.727
-11.3645,-12.152
-15.4638,-31.1525
-23.0458,-60.8521
1.36002,0.223224
-8.08428,-7.96247
1.80529,0.00593723
-26.4942,-80.3859
0.378914,0.267765
-18.9309,-39.1017
-5.60896,-4.11559
0.551437,1.1e-08
-12.2041,-16.3321
1.24777,1.1e-08
-7.89539,-3.74703
-18.3145,-28.8171
-6.76302,-5.6595
1.80529,0
-7.97519,-6.76199
0.806419,0.341166
-13.3563,-20.0938
1.80529,0.229958
-13.6809,-24.2462
-57.1833,-158.256
0.171498,0.00933766
0.657968,1.1e-08
0.277948,0.0509303
1.23951e-08,0.897451
-49.4022,-245.272
-55.5957,-296.241
-44.2301,-83.3371
0.750243,0.0613672
0.843775,1.1e-08
-41.405,-202.28
0.362393,1.1e-08
-20.7822,-40.5002
1.36196,0.17811
-49.0257,-250.263
-46.027,-208.617
0.786767,0.302405
-17.6663,-40.4905
1.31453,0.0118217
-22.6886,-31.567
0.55033,0.00646835
0.623883,0.182765
0.997422,0.0674685
1.59916,0.138559
-45.5081,-152.929
0.852265,0.109837
-8.29945,-3.6932
1.15869,1.1e-08
-5.91804,-2.57532
-50.0599,-235.691
-55.9335,-292.297
-37.7992,-121.275
0.0165235,0.125333
-48.6724,-234.962
1.80529,0.0249465
1.01228,0.0104474
0.160623,0.0762205
-5.54425,-2.63403
-23.6138,-73.977
-5.54082,-3.33585
-40.6101,-174.93
-17.3504,-39.1013
-8.16863,-4.05151
1.1e-08,0.00308498
0.403113,1.1e-08
0.877879,1.1e-08
0.309422,1.1e-08
0.710534,0.588504
-52.3976,-292.698
0.751263,1.1e-08
-5.25015,-2.39624
0.227056,0.0683556
-42.4082,-230.871
-21.5797,-55.8084
0.795228,0.03316
0.976371,0.117301
0.104574,1.1e-08
-0.726618,-0.0734908
1.2374,0.0614373
0,1.1e-08
-16.2994,-30.4157
0.0968322,1.1e-08
-1.00554,-0.146998
-40.0657,-79.1401
-27.0254,-74.7276
-6.62342,-3.78158
1.06986,1.1e-08
0.890096,1.1e-08
1.43591,1.1e-08
-2.25316,-0.686005
-23.9473,-62.6217
0.504251,0.299829
-21.4092,-60.9164
1.11733,0.0136
0,1.1e-08
0.137631,1.1e-08
-44.7388,-202.27
-43.1629,-172.015
0.0026564,0.384439
0.00586656,1.1e-08
1.2066,0.111715
-15.6657,-21.0944
0.606872,1.1e-08
1.72866,0.094299
1.80529,1.1e-08
-16.3452,-26.8946
0.340597,0.555306
-20.0471,-54.1689
-54.8486,-224.908
0,1.1e-08
1.73809,1.1e-08
0.408853,0.00998798
-60.0303,-292.429
0.412657,0.206648
0.278118,1.1e-08
0.932335,0.192114
-31.5967,-146.784
0,1.1e-08
-9.12288,-8.5995
-42.7063,-136.343
-35.5661,-81.3619
0.319032,0.191058
1.1e-08,0.483989
-30.879,-128.689
-21.4665,-59.1695
-39.3965,-82.8892
-47.8899,-255.908
1.76195,1.1e-08
0.954933,0.0411941
0.248957,0.219185
0.182126,0.158214
-36.1787,-118.847
-25.0695,-55.8105
1.80529,1.1e-08
1.54002,0.0736379
1.79308,0.143335
0.300909,1.1e-08
1.41201,0.0198283
0.187147,1.1e-08
-35.9733,-126.203
0.164065,0.0484973
0.12552,0.318393
1.38839,0.353276
-39.1182,-189.875
-38.9568,-78.9958
-45.4747,-263.136
1.70698,1.1e-08
0.27305,1.1e-08
0.439207,1.1e-08
0,1.1e-08
0,1.1e-08
0.223192,0.182984
-40.9528,-166.257
0.737704,0.301763
-56.6169,-270.136
-32.905,-100.327
0.30948,1.1e-08
1.39912,1.1e-08
0.917877,1.1e-08
1.1e-08,0.0338308
0.0848844,0.228866
1.80529,1.1e-08
-10.0779,-12.936
1.58959,0.00467807
-28.6706,-67.9889
-25.836,-74.3112
0.375736,0.0326872
0.197621,0.0834681
1.68796,0.0531668
1.66583,0.0323256
0.304144,0.593043
-13.9191,-24.6387
0.0917118,0.00944276
0.627485,1.1e-08
0.528736,0.240468
0.0254957,1.1e-08
-27.3473,-66.1686
-41.8604,-169.122
-15.6786,-32.5417
0.462015,0.102253
0.0772132,1.1e-08
1.01761,0.0651409
-54.3025,-255.74
-57.8936,-251.065
-50.2098,-211.828
0.654733,0.147886
-1.84607,-0.514602
-41.7812,-158.012
1.33304,0.268688
0.46832,0.0604088
-36.6805,-172.031
1.49978,-359.44
-36.5584,-180.834
-50.0712,-228.245
-15.79,-24.1563
-49.894,-281.072
-20.6124,-46.3295
1.51821,0.0754779
0.572889,0.38777
1.1e-08,0.137697
-0.762,-0.0735037
-28.8591,-69.8515
-21.4814,-52.5524
0.0377352,0.0245512
-4.56438,-2.15765
1.80529,0.0843579
-23.3434,-29.8615
-38.2724,-202.261
0.191687,0.433046
1.80529,0
-48.9668,-291.94
-52.5864,-270.119
0.793216,1.1e-08
0,1.1e-08
1.45151,0.162021
-49.09,-157.768
-38.8981,-128.698
-38.2648,-133.77
0.256432,0.265247
0.0489372,0.320767
1.1e-08,0.667269
-8.29133,-3.80584
1.35418,1.1e-08
0.135503,0.182563
0.0369009,0.491114
0.470067,0.202287
0,1.1e-08
-3.729,-1.61706
1.0294,0.503023
-39.8237,-154.606
0.69727,0.182682
-44.2855,-296.482
-23.3291,-52.5525
0.887608,0.0417946
0.83245,0.558097
-39.7675,-180.834
-37.409,-146.947
1.51714,0.00967031
-38.9866,-145.606
-14.0073,-26.5577
0.513284,0.0459731
1.0797,0.0945755
-26.8502,-87.4649
0.609014,0.0290707
1.80529,1.1e-08
0.0566801,0.106564
-33.316,-102.557
0.607156,0.105655
1.79212,1.1e-08
1.13483,0.041514
0.24655,1.1e-08
-42.3563,-189.875
-6.25326,-3.62282
-66.9861,-265.285
0.0292772,1.1e-08
1.75589,1.1e-08
1.56627,1.1e-08
1.28529,0.236781
0.965872,0.198527
0.916893,1.1e-08
-40.5172,-141.56
-11.3001,-14.5774
0.0756661,0.0190602
-34.6639,-111.72
1.1e-08,0.489255
-30.6459,-73.2813
-61.9896,-160.514
-13.8962,-26.3293
1.18236,0.0749092
0.361569,0.109357
-17.233,-36.3825
0.207273,1.1e-08
1.80529,1.1e-08
-45.0171,-199.136
1.77449,0.0688333
0.776777,1.1e-08
0.428376,0.071087
0.651475,0.318114
1.80529,0.0780817
-19.9768,-43.3649
1.30537,1.1e-08
1.78669,0.0240107
-27.9197,-75.2521
0.883441,1.1e-08
0.388345,1.1e-08
-45.0905,-192.937
0.902735,1.1e-08
0.265564,0.195491
-49.7481,-277.494
1.29311,0.0371027
-52.7078,-242.602
1.1e-08,0.274092
-4.12864,-1.90679
0.323618,0.344913
-41.4754,-138.783
-31.4939,-79.2495
-19.8517,-57.4538
0.147895,0.284927
0.00770263,0.271007
1.19414,0.0563354
1.72072,0.023562
1.80529,1.1e-08
1.42102,0.0598995
-19.2349,-44.835
0.807608,1.1e-08
1.09148,0.280043
1.80246,0.253241
1.76029,0
