1.71768,0.0486224
1.1e-08,0.23771
-46.6693,-237.597
0.331992,1.1e-08
-43.6432,-248.896
-42.4938,-161.162
-37.4846,-85.2633
1.38147,0.0173373
-62.0709,-447.643
1.71768,0.130416
0.914929,1.1e-08
-17.7401,-36.3825
-55.6889,-163.415
0.574306,1.1e-08
0.335091,1.1e-08
-40.3228,-157.215
1.62386,1.1e-08
0.835601,0.0411211
-27.9999,-88.2729
-56.852,-255.481
-38.8806,-144.202
0.684818,0.0787323
-72.1847,-393.689
-6.68677,-5.11102
-27.6801,-71.687
1.36688,0.151658
1.06431,0.150998
-5.25606,-4.00321
1.20404,0.292227
-46.5409,-263.5
0.538209,0.0783968
0.621038,0.0133763
0,1.1e-08
-22.3624,-32.4963
-55.8061,-384.881
1.40641,1.1e-08
0.294745,1.1e-08
0.868118,0.34784
0.519756,0.1094
-16.9004,-24.255
-3.94477,-1.62155
-44.622,-224.902
-22.7221,-64.3848
0.795877,0.227343
1.1e-08,0.621555
1.25932,1.1e-08
0,1.1e-08
-19.3139,-49.3919
-15.2417,-20.09
-0.671071,-0.0734996
0,1.1e-08
-10.5889,-12.152
0.954663,0.0102081
-41.691,-85.3884
1.44004,1.1e-08
0.746474,0.0301978
1.35217,0.256634
-20.7674,-43.365
-28.0159,-104.814
-40.67,-218.303
-22.7378,-47.8485
1.27418,1.1e-08
0.0633574,1.1e-08
-4.31798,-2.51038
-26.6811,-64.3863
-49.1311,-269.344
0.275011,0.124778
0.0834687,1.1e-08
1.04595,0.038637
-61.8246,-267.308
0.804657,0.0220161
-61.0989,-323.474
-41.945,-161.644
-5.56639,-3.75147
1.13431,0.0311264
-7.58224,-7.34999
0.368773,0.0319813
-63.1892,-440.084
-52.5211,-163.415
-51.2367,-284.877
-50.6024,-248.825
-11.1132,-12.936
1.1693,0.159837
0.0686464,1.1e-08
-11.0874,-13.7445
1.71768,0.0106056
1.35289,0.0563849
0.644292,0.00131916
-56.915,-300.027
-27.3888,-93.786
0.143884,1.1e-08
-58.6575,-335.522
-19.3266,-30.5826
1.71768,1.1e-08
-24.5149,-57.477
-45.146,-252.265
1.51115,0.0274757
0.937365,0.0713687
1.50517,0.103582
1.27006,0.0213528
0.3585,0.278603
-36.2046,-144.21
1.71768,1.1e-08
-26.1267,-75.4856
-20.7395,-38.9274
1.71768,1.1e-08
-9.41408,-4.59855
-51.7324,-339.591
-26.5257,-67.9879
-9.27324,-8.59949
0.437494,0.0814119
1.53032,0.0298104
1.29569,1.1e-08
1.63233,0.0422899
-39.5371,-174.927
0.745195,0.333597
0.612005,0.186604
1.71768,0.0539195
0.72198,0.00650552
1.3315,1.1e-08
1.09538,1.1e-08
0.80398,0.0483916
-54.6771,-390.205
0.269016,0.372929
-1.07961,-0.147
0.870223,0.139311
1.31349,0.205147
1.65472,0.15843
-41.3737,-237.397
-44.2549,-163.443
1.3238,0.00778356
-10.2087,-13.7445
-15.3685,-21.0945
-8.5358,-8.59949
0.00150495,1.1e-08
-63.9859,-385.77
0.545924,1.1e-08
0.575431,0.0592664
-57.9073,-374.277
-48.7006,-266.794
-53.5052,-376.617
0.871888,0.0309154
1.06913,1.1e-08
1.1e-08,0.0269122
1.71768,0.170127
1.71768,0.0254751
1.70152,0.0135161
-24.6415,-32.1894
1.1e-08,0.0576545
-46.8074,-199.136
-63.7331,-430.674
1.36578,0.209471
-10.2265,-12.936
-13.0865,-22.1235
1.41602,0.111137
0.924199,0.17305
1.63827,1.1e-08
-13.9707,-18.1545
0.833467,0.20577
0.634128,0.111143
0.505871,1.1e-08
0.709291,0.0152549
-9.98893,-4.63522
1.71768,1.1e-08
-50.0571,-331.484
-18.6901,-33.9038
-28.8734,-98.1223
-15.5841,-29.6708
-55.0629,-348.489
-39.4061,-88.7112
-49.3187,-231.601
-35.2594,-159.064
-22.4785,-66.1735
-65.1478,-397.787
-35.2478,-141.382
-38.8212,-192.937
1.18731,1.1e-08
1.54559,1.1e-08
-6.8783,-4.63005
0.895903,0.00520705
1.71768,0.294668
1.1e-08,0.380772
-21.1549,-55.8111
1.62224,1.1e-08
0.429188,0.0472966
1.54675,1.1e-08
1.01358,1.1e-08
-27.7115,-78.4142
-47.1124,-248.591
1.1e-08,0.153047
-21.7603,-62.622
-21.9418,-50.96
-14.2493,-27.6379
0.493195,1.1e-08
0.46684,0.12998
0.707062,0.138486
0.582517,1.1e-08
-63.8053,-404.977
-22.9186,-55.8109
1.42055,0.0798005
1.1e-08,0.373007
1.55618,1.1e-08
-21.9294,-46.3296
1.177,0.00953337
1.47244,1.1e-08
-43.9249,-221.585
-33.1165,-104.812
-70.3183,-441.26
-20.9685,-47.8485
-11.3833,-17.2234
0.455843,0.036985
0.738592,1.1e-08
0.509423,0.0160767
0.146839,0.0191037
-66.6396,-449.2
-41.3783,-208.618
1.62867,0.239333
-42.7944,-153.286
-1.91455,-0.514482
1.71768,0.261133
-42.6938,-196.024
-56.1072,-339.597
-34.7405,-131.22
-38.4946,-189.875
0.749399,1.1e-08
1.71768,1.1e-08
0.255516,0.306234
0.49163,0.0480795
1.08699,0.199817
-53.8918,-273.9
-70.0578,-372.846
1.43276,0.143304
-13.693,-26.4295
-4.9715,-2.5508
-55.377,-435.641
0.792211,1.1e-08
0.753552,0.0171852
1.71768,0.122508
-3.04465,-1.34729
0.343461,1.1e-08
0.410743,1.1e-08
-6.90799,-4.98669
1.03332,0.308361
-21.0082,-49.3916
0.720775,0.240475
-55.6456,-150.603
1.1e-08,0.0345416
-30.0559,-75.2295
0.613045,1.1e-08
-13.2448,-15.435
-3.65477,-1.61744
-51.5898,-367.618
1.47733,0.300681
-96.5869,-399.494
-74.9137,-271.335
-45.1806,-261.665
0.604134,0.0648761
-33.7593,-118.849
-25.1083,-81.3704
-31.1682,-118.851
-30.6113,-95.942
-39.9766,-149.615
-56.5696,-288.634
-53.1758,-164.685
-32.8134,-141.723
-3.27916,-1.34758
-34.2679,-163.286
0.330104,0.226846
1.25895,0.134591
0.657007,0.0257552
1.71768,0.0938966
-59.778,-403.997
0.594999,0.0116444
-42.3287,-81.685
0.72211,0.0763918
0.564797,0.287721
-28.5419,-67.9862
0.000375869,0.552223
0.0890985,0.0101386
-85.439,-392.471
-14.169,-20.0902
-45.6145,-281.171
-51.0331,-242.283
0.0893471,0.0300883
-33.1736,-83.3885
0.973168,0.195616
0.030179,1.1e-08
0.675848,0.0447715
-69.0011,-367.51
-39.0304,-78.3631
-55.9811,-258.075
-24.8295,-55.811
-5.22957,-2.94
-16.5176,-25.3574
0.880192,1.1e-08
1.10421,0.0745464
1.1e-08,0.0840633
-16.9439,-26.4811
0.67012,0.024467
1.68366,0.139667
1.71768,0.0512934
-65.6558,-414.614
1.40355,1.1e-08
0,1.1e-08
-10.9959,-5.14509
-49.6204,-274.045
1.31192,0.0163036
-63.3845,-390.184
1.07322,0.257107
-77.8857,-270.047
-7.69336,-4.52946
1.28887,1.1e-08
-16.0468,-31.2285
-68.7471,-270.259
1.71768,0.0812292
-41.1124,-186.837
-18.8631,-41.9195
0.63541,0.359894
-39.6228,-163.436
0.517376,1.1e-08
1.1e-08,0.53271
1.0146,1.1e-08
-30.6823,-81.3845
-7.37821,-4.07922
0.73282,0.165756
-66.9602,-448.013
-29.8559,-93.786
-49.2226,-360.732
-26.4972,-32.8606
0.434424,0.37438
-29.3672,-85.6305
-6.93405,-4.17926
1.12083,1.1e-08
-66.3074,-376.327
1.71768,0.0711106
-43.9208,-218.328
-33.0569,-114.072
0.602328,0.0974469
-34.2878,-138.905
-57.8618,-412.479
1.71768,0.233371
0,1.1e-08
0,1.1e-08
1.71768,1.1e-08
-28.4117,-73.5138
1.37041,1.1e-08
1.71768,0.0903156
1.59165,0.0749604
-3.99929,-2.02463
1.60272,1.1e-08
-2.84954,-1.10249
0.425946,0.285339
0.0971692,0.0726605
-62.6915,-348
1.1231,1.1e-08
-7.74045,-4.23818
-29.0273,-107.09
-29.5506,-111.72
1.25572,1.1e-08
0.672509,0.128256
0.233659,0.0519957
1.67151,0.124433
-17.7313,-39.1019
0,1.1e-08
-57.4478,-426.069
0.326542,0.0415309
-71.8258,-449.218
-35.8155,-114.072
1.3066,0.267145
0.161963,1.1e-08
-58.0232,-165.621
1.58169,1.1e-08
0.929447,1.1e-08
0.0457899,0.187862
1.7105,1.1e-08
-5.34027,-2.57355
-49.8917,-249.477
0.601825,0.332728
-24.2563,-33.9677
0.679808,0.316362
-53.9786,-331.488
0.565017,0.00279614
1.71452,0.430851
-68.9438,-360.202
-43.4434,-83.1576
-27.3688,-78.2007
-43.14,-234.981
0,1.1e-08
-49.707,-281.16
-75.4956,-394.91
1.71768,1.1e-08
-37.875,-162.368
-27.7014,-83.7887
-47.6995,-241.366
0,1.1e-08
1.71477,1.1e-08
-45.1498,-158.581
1.71768,1.1e-08
-42.6079,-245.327
0,1.1e-08
0.700008,0.0736789
0.305726,0.183984
0.990871,0.28744
0.73092,0.0703773
1.71768,1.1e-08
1.68753,0.0799471
1.03354,0.0843513
1.01292,0.0114691
-72.1565,-271.3
-30.7694,-89.5868
1.34689,0.0546548
-10.9797,-14.5775
0.244624,0.184099
0.169677,0.00957118
0.982273,0.0668317
0.744519,0.113386
0.266967,0.15992
-55.9398,-379.636
-32.8293,-150.773
-27.7356,-91.655
-48.6992,-277.462
-65.9807,-421.56
0,1.1e-08
-14.6855,-19.1099
-48.7691,-292.397
-7.31748,-4.18911
1.69705,0.0697761
0.86146,1.1e-08
1.71768,0.146144
0.854486,0.401351
1.71768,0.116214
-35.7085,-85.4259
-60.273,-360.212
-62.7203,-412.484
1.25231,1.1e-08
1.71768,0.0568662
-19.2681,-36.3825
1.71768,0.0179886
0.0904229,1.1e-08
1.71768,0.00477994
0.646061,0.221036
-50.6225,-315.56
-28.38,-89.759
0.664048,1.1e-08
-2.52299,-0.685996
-0.945348,-0.146998
0.367998,0.160448
-34.8008,-111.72
0.901826,1.1e-08
1.71768,0.0346005
1.50833,0.127947
0.399157,0.0463614
1.71768,0.00258619
-68.5236,-403.107
0.781192,0.182822
0.594922,0.239211
-12.8036,-23.1758
0.167395,0.0589715
1.51047,1.1e-08
1.21354,0.0735319
-30.3891,-87.6357
1.46766,0.25914
-49.1405,-163.503
0.277962,1.1e-08
-25.6802,-62.622
-1.59959,-0.367503
-20.7265,-30.9651
1.71768,0.111324
-57.7671,-262.762
-58.676,-347.334
-9.58223,-9.94699
0.944537,1.1e-08
0.29329,1.1e-08
-14.0543,-25.3569
-43.577,-84.9627
-2.16348,-0.685979
-39.8742,-205.432
-56.585,-421.626
-36.8446,-133.781
-37.6046,-141.624
-6.26006,-3.64639
-55.6062,-404.868
0.544299,1.1e-08
-23.7637,-50.96
0.582257,0.0730704
0.00263476,0.0587865
0.0305147,1.1e-08
0.657827,0.413037
0.233153,0.135096
-45.6417,-265.597
0,1.1e-08
-46.4686,-262.088
-7.78163,-7.96219
1.66079,0.0253305
0.068898,0.13289
0.581456,0.404307
1.03402,1.1e-08
0.199962,1.1e-08
0.853962,0.300098
0.847076,1.1e-08
0.624972,0.0727894
-46.8258,-234.979
0.0181067,0.0258053
-10.3742,-11.3925
-3.36638,-1.61874
0.371132,1.1e-08
-13.877,-23.1779
-33.9254,-85.589
0.0306583,0.226856
0.972851,0.0104632
0.211014,1.1e-08
0.215435,0.220665
0.0358296,0.105704
-78.6466,-394.688
-11.3322,-16.3169
0.981599,1.1e-08
-2.75566,-0.882006
-34.805,-148.745
1.71217,0.249922
0.000337751,0.285888
1.41853,1.1e-08
0.229443,1.1e-08
-18.1753,-26.4857
0.428607,0.0163095
0.194664,1.1e-08
1.71768,1.1e-08
-56.505,-360.485
1.29222,1.1e-08
1.71768,1.1e-08
0,1.1e-08
-58.5026,-307.744
0.73653,1.1e-08
-14.1988,-22.1235
-67.7836,-382.972
0.744394,1.1e-08
1.71768,1.1e-08
-43.9726,-239.848
-18.5178,-31.227
-25.8288,-83.021
0.00476115,0.0290856
-35.0149,-128.707
0.308501,0.0933641
1.61266,1.1e-08
1.46694,0.0858871
-38.6287,-177.87
0.973028,0.438904
-53.0818,-231.598
0.552222,0.348728
-7.24823,-5.22484
-20.2584,-50.9598
-41.8005,-189.875
1.6362,0.0720548
0.0552589,0.0172995
0.0450569,0.0284336
0.785773,0.0947219
-45.476,-274.214
0,1.1e-08
0.119236,0.0060693
-24.6892,-69.8229
-75.0999,-445.516
-54.941,-372.448
-67.9371,-387.13
0.526805,0.0455069
-66.1218,-265.602
-46.3209,-196.024
-54.4203,-248.539
-39.8259,-199.136
-71.1249,-421.517
1.1e-08,0.0804794
0.108784,0.0618587
-3.96248,-1.56865
-60.8169,-262.836
0.246918,0.0061486
1.60864,1.1e-08
-37.6912,-131.223
1.42554,1.1e-08
1.71768,1.1e-08
1.1e-08,0.418713
0,1.1e-08
-0.343332,-0.0244989
1.21777,0.164115
-30.5066,-114.072
-81.104,-378.855
-58.6558,-439.671
-35.2901,-109.392
-26.6635,-59.1658
-56.5593,-416.964
1.11781,0.0016569
0.43683,0.130287
0.0764219,0.273744
0,1.1e-08
-59.5038,-375.465
-15.5603,-28.1543
-54.3987,-303.873
-36.5765,-118.85
-11.3869,-15.4342
0.481988,0.0896755
0.216417,0.0891526
-7.87498,-4.77303
1.29365,0.177476
-52.2185,-364.477
-52.6175,-170.99
1.71768,0.426842
-18.5602,-46.329
-60.0789,-265.547
-60.8824,-339.593
-29.5151,-83.2152
0.434203,0.0333896
0.495684,0.104799
1.1e-08,0.0447933
-35.2336,-126.201
-40.1577,-159.681
0,1.1e-08
0.385951,1.1e-08
-8.73074,-9.26097
1.71768,0.0496142
1.71768,0.0716115
0.696988,1.1e-08
-41.5751,-215.07
0.364136,0.0762938
-45.1378,-215.067
1.59074,1.1e-08
0.5888,1.1e-08
-7.2579,-5.67143
1.71768,0.360747
-56.4054,-364.557
-42.9066,-149.579
1.66636,1.1e-08
-52.4496,-300.027
0,1.1e-08
-39.4532,-156.501
-13.4198,-17.2235
-34.6489,-169.754
0.519281,1.1e-08
-95.4291,-398.637
0.439635,1.1e-08
0.288739,0.273812
1.71768,0.1225
0.433246,1.1e-08
0,1.1e-08
-52.6855,-352.03
-50.8411,-258.907
-44.2128,-180.836
1.06678,1.1e-08
0.164663,0.34511
1.71768,0
-58.7852,-430.648
-37.564,-180.839
1.19145,0.0457733
0.455334,1.1e-08
-58.7899,-398.665
0.580111,0.0298278
-13.6299,-19.1102
-55.7529,-368.893
0.913772,0.0381543
-53.4429,-343.701
-19.3891,-44.835
1.01635,0.0617309
-41.9624,-177.87
-12.2926,-15.4347
1.1e-08,0.109576
0.198956,0.0424083
0.0788615,0.0730631
1.63546,1.1e-08
-30.0384,-121.275
0.698246,0.0221942
-49.7472,-261.314
1.15077,0.00616208
1.41249,1.1e-08
-12.0127,-13.7445
-43.8251,-154.819
0,1.1e-08
-23.0623,-59.1659
-24.4021,-54.1695
1.35889,1.1e-08
1.71768,0.0861252
0.440444,0.0901854
-42.9224,-174.932
-63.1171,-372.37
1.30448,1.1e-08
-50.3862,-160.575
-63.696,-385.551
-0.711442,-0.0734996
0.11068,1.1e-08
-41.6278,-168.85
0,1.1e-08
-1.01362,-0.146999
-25.8737,-77.3315
-38.4107,-136.343
-37.0663,-138.946
-45.6744,-271.006
-51.1366,-221.603
0.0700859,0.000560548
-28.8958,-81.3498
-10.5585,-15.4362
0.261976,0.08811
-61.8344,-327.417
1.1e-08,0.0742593
-20.2497,-52.5525
-47.3267,-163.303
0,1.1e-08
1.15811,1.1e-08
1.71768,0.300141
-6.53927,-4.22378
-26.6019,-33.2494
1.19042,1.1e-08
-54.8812,-315.56
-63.7473,-369.963
-41.2882,-151.975
-44.6365,-186.837
1.52366,0.222856
0.51164,0.319404
1.11401,0.0647186
-37.0064,-163.48
0.791335,1.1e-08
0.412136,0.13439
-38.9273,-146.784
1.48492,0.0878617
-4.8991,-2.21492
-16.4123,-28.0498
0.0461641,0.0683542
1.46462,1.1e-08
-9.46644,-9.26099
-44.2171,-242.015
-28.782,-33.761
-52.4356,-319.505
-52.6558,-254.907
0.212296,1.1e-08
0.0892164,0.157036
-33.6077,-144.207
-47.6738,-87.4389
1.71768,1.1e-08
1.1e-08,0.178148
-30.572,-102.558
1.1e-08,0.193706
-25.7285,-60.8804
-43.4113,-205.433
-55.8267,-162.59
0.347254,1.1e-08
-31.312,-116.448
1.27127,0.0579717
0.879148,1.1e-08
-36.62,-116.449
0.133117,0.0571053
0.63906,1.1e-08
1.66411,0.278782
-36.0816,-153.723
-73.557,-268.584
0.612642,1.1e-08
1.46585,1.1e-08
-5.13897,-3.33051
1.71768,1.1e-08
-61.0091,-453.895
-72.8124,-267.542
-72.4047,-440.712
0.509362,0.229258
1.65794,1.1e-08
-14.2006,-21.0945
-68.5865,-395
-59.7925,-371.175
-46.783,-158.801
-27.5065,-34.5685
-49.9899,-303.873
-16.3039,-29.8176
-4.24043,-2.24265
0.92933,0.00903733
0.131244,1.1e-08
-38.9191,-183.823
0.882679,0.0173588
0.274037,0.012055
0.684147,1.1e-08
-52.5804,-259.01
-8.86043,-10.6575
-94.5487,-396.414
1.18589,0.251806
-12.202,-16.3172
-48.1316,-228.24
1.40894,0.188045
-24.7822,-59.17
0,1.1e-08
-33.0386,-123.724
1.34054,0.00154383
-48.3132,-254.002
-60.488,-351.971
0.93716,1.1e-08
-64.1809,-351.942
1.60336,0.023621
-3.77225,-1.34754
-42.9764,-141.562
0.813781,0.148792
-17.4415,-31.906
1.1e-08,0.0291853
-15.0098,-23.1783
0.0627766,0.239924
-26.6232,-69.826
1.71768,0.135578
-46.1183,-245.213
0.196856,0.169403
-18.1202,-40.4985
0.604897,1.1e-08
-32.7296,-81.3563
0.0968401,0.114198
0.849576,0.097592
-5.60754,-4.22916
-55.8232,-385.299
-71.0304,-377.144
0.58149,1.1e-08
-8.25867,-7.34999
-21.4085,-59.1721
-60.1944,-408.128
1.71695,1.1e-08
0.246791,0.0294793
1.32079,1.1e-08
0.403,1.1e-08
0.169416,0.194697
-58.8826,-380.422
-31.8603,-86.5577
-36.1455,-146.992
1.71768,1.1e-08
1.71768,1.1e-08
-26.5254,-66.1745
0.159016,1.1e-08
1.62481,1.1e-08
-52.8763,-311.64
-71.9323,-266.304
-71.7068,-426.08
1.50876,1.1e-08
0.667284,1.1e-08
0.147799,0.152852
0.358265,0.0567256
-15.3891,-22.1235
-15.5266,-27.6342
1.71768,1.1e-08
-25.9616,-33.6189
0.132315,0.115242
1.62835,0.198441
0.77481,1.1e-08
1.71768,0.0271034
1.71768,1.1e-08
0.853378,1.1e-08
1.49529,0.0226984
-37.2771,-157.361
-41.0392,-172.015
1.14529,1.1e-08
-44.5526,-228.253
1.1e-08,0.0105181
-22.8397,-69.8256
-91.6652,-394.651
-39.9208,-138.962
-22.5115,-54.1695
0.959605,1.1e-08
0.696502,0.360516
-56.7535,-270.14
-42.1853,-192.938
-14.7526,-26.5523
0.100732,1.1e-08
-6.09395,-4.35586
0.764488,0.0529763
-20.1907,-46.3294
1.38597,0.282116
-9.13853,-7.96242
-92.4916,-393.702
0.760824,0.430166
-57.1725,-154.35
-50.6299,-372.637
-57.7214,-356.098
-19.3463,-47.8487
-16.7309,-35.1462
1.33234,0.107999
0.618466,0.280343
-47.4116,-160.616
-12.8943,-18.1546
-31.6006,-138.823
-41.3275,-224.921
1.22617,1.1e-08
-11.8967,-18.1544
0.467648,0.000259815
-66.5548,-426.077
-81.5938,-394.679
1.71768,0.15066
-62.3325,-343.691
0.990503,1.1e-08
1.3104,1.1e-08
1.07976,0.0269299
0.14757,0.114788
-49.3688,-327.552
-8.92544,-4.66122
-16.2802,-36.3822
1.1e-08,0.131051
-49.6059,-245.285
1.5446,0.179263
1.20284,0.0894444
0.782034,1.1e-08
-5.57413,-3.33368
0.197233,0.295698
-66.0191,-166.199
-35.6801,-159.868
-8.14642,-4.64354
1.1e-08,0.216247
-26.6892,-73.6899
-38.5955,-86.4523
1.08591,0.0246774
-23.4792,-71.6864
1.71768,0.187097
0,1.1e-08
-48.8279,-263.431
0.315939,1.1e-08
-19.6323,-31.1727
0.185635,0.231477
0.385593,0.0347563
0.282259,0.209025
-52.8825,-238.395
0.939709,1.1e-08
-40.2846,-202.271
-10.4412,-10.6575
0.769184,1.1e-08
-75.382,-387.417
0.196616,0.0618407
0.97097,0.0556364
0.0985348,1.1e-08
-33.8305,-116.448
-40.438,-211.825
-47.1719,-218.319
0.431935,1.1e-08
-40.582,-221.621
1.03426,1.1e-08
-22.8,-49.3922
-32.6412,-136.343
0.0349217,1.1e-08
-55.4079,-296.205
-64.2131,-262.897
1.58602,0.0299405
1.59529,0.0219879
-66.2258,-266.489
0.414584,0.216645
0.00508733,0.149372
0.883481,0.253574
0.468998,0.214457
-64.3837,-360.622
1.05876,0.0726441
-59.4986,-315.56
1.15161,0.0421126
-39.7652,-133.77
-32.5461,-79.2538
-15.6996,-24.255
0.872126,0.0861256
1.57616,1.1e-08
1.23711,1.1e-08
0.174305,0.016902
-32.583,-109.392
0.223083,0.330364
-58.7705,-167.604
-57.1726,-444.733
1.3167,0.0146345
-65.7972,-416.979
0.227523,0.0779541
-49.3091,-343.69
-13.5638,-24.2547
-8.43848,-7.96276
0.034258,0.105066
1.11034,1.1e-08
-4.84856,-2.93994
-61.8893,-426.088
0.107548,0.286367
-9.53404,-11.3925
1.42072,0.0205205
0.68632,0.243634
-24.6194,-64.3856
-22.9321,-67.9885
-31.3935,-98.1225
-22.1041,-31.0898
1.1e-08,0.00604713
1.35451,1.1e-08
1.1e-08,0.000163885
1.71768,1.1e-08
-48.3463,-300.027
-36.3,-174.921
-29.5719,-76.4432
-55.7883,-407.815
-2.21835,-0.5145
-61.8335,-449.93
0.339786,0.120594
-41.7904,-77.4447
-9.65782,-3.64586
0.833229,0.261356
-59.6159,-386.374
-11.6552,-19.11
-30.1324,-91.6543
1.13267,0.184243
1.7116,1.1e-08
1.592,0.0958844
-5.64388,-2.94007
1.71768,0.292839
-6.67381,-5.6596
-74.3845,-391.6
0.354473,1.1e-08
-25.5034,-71.6871
-43.8815,-211.827
-44.9582,-208.617
0.309288,1.1e-08
-56.9641,-450.801
0.139881,0.266436
-25.0068,-73.4497
0.474557,1.1e-08
1.37189,1.1e-08
-9.62603,-10.6575
-26.857,-33.3157
1.71768,0.0108047
1.71768,0.0229006
-25.9108,-80.4002
-20.7324,-57.4771
1.71768,1.1e-08
-71.6806,-254.388
1.41282,0.0378438
-43.1805,-199.136
-30.3312,-79.3442
0.515737,1.1e-08
-41.2075,-166.521
0,1.1e-08
-50.4635,-335.517
-5.99493,-3.72087
-38.2793,-215.055
-53.4241,-327.215
0,1.1e-08
0.954542,1.1e-08
0.777863,0.139929
-48.5581,-311.64
1.65253,1.1e-08
-62.5531,-331.484
0.927805,0.0535074
1.71768,1.1e-08
-47.3922,-202.272
0.703982,1.1e-08
0.910435,0.29798
1.1e-08,0.0547452
-52.7769,-270.467
1.71768,0.352482
-55.9628,-396.616
-21.8591,-60.8302
-65.3535,-364.514
-86.0166,-394.575
1.48082,0.211238
-42.6412,-231.604
-54.8169,-263.297
-51.799,-224.908
-53.09,-292.393
-43.0815,-163.941
-11.4634,-12.152
0.382508,1.1e-08
0.27692,1.1e-08
-40.8471,-88.8708
-36.3187,-151.313
0.511139,0.271456
1.71768,1.1e-08
-20.5029,-41.9195
0.38503,0.110946
-48.1209,-288.635
-70.8879,-416.991
0.653311,0.0778896
0.771814,0.521913
0.548528,0.0717929
-49.6458,-238.553
0.281875,1.1e-08
-1.8491,-0.367499
-17.4617,-30.2736
-16.1677,-23.1765
-64.6816,-437.62
-6.89853,-6.19849
1.71768,0.00024184
1.01761,0.220728
-12.6164,-19.1098
-23.2206,-73.6183
0.805296,0.0597218
-41.2353,-87.4562
-7.92223,-6.76199
-15.1996,-30.4013
-8.49857,-4.64973
1.1e-08,0.254581
-53.1358,-356.115
1.29622,1.1e-08
-51.3865,-347.392
-42.3529,-183.823
0.787297,0.368955
1.38936,0.0677102
-57.5215,-327.661
0.862597,1.1e-08
-56.7332,-351.853
-47.6326,-211.827
0.241978,1.1e-08
0.699839,0.202044
-80.6578,-398.184
-33.4937,-146.802
-39.3911,-196.025
-38.8665,-169.186
-32.2949,-128.666
-67.3215,-347.753
-52.8704,-167.01
-31.4436,-77.7242
-23.665,-62.6219
-67.9905,-412.482
0.390757,1.1e-08
-65.8541,-398.44
0.0921002,0.20994
-51.1596,-266.459
-70.9772,-267.568
-70.7601,-389.789
-37.3501,-149.586
-64.1463,-379.288
1.309,0.321795
0.0605366,0.067707
1.71768,0.22886
1.1e-08,0.00259019
1.59983,1.1e-08
-19.2897,-37.73
-27.0556,-81.3614
0.172276,0.0850716
-0.626336,-0.0734977
-61.1207,-401.582
1.04869,1.1e-08
-69.6052,-372.477
0.822986,1.1e-08
0.282101,0.0461369
0.551413,0.176121
1.65994,1.1e-08
-54.4486,-335.538
1.62479,0.141864
0.194309,0.388362
0.400633,0.000398362
-72.0871,-380.604
0.420711,1.1e-08
-2.06446,-0.514489
0.713174,1.1e-08
1.56475,0.10717
1.1e-08,0.471639
0.926481,0.232202
1.46948,0.0479266
-92.583,-401.141
-18.233,-35.0615
-37.8692,-186.837
-37.8079,-128.711
-17.2466,-29.5723
-18.5416,-29.2126
-34.7422,-83.3723
1.37983,1.1e-08
0.542228,1.1e-08
0.125566,0.0893469
0.848764,0.166919
-37.6089,-151.904
0.456733,1.1e-08
-21.1188,-32.516
1.45929,0.132762
0,1.1e-08
-30.4819,-104.803
0.35189,0.201396
-34.1375,-107.089
-58.6017,-392.308
-29.9578,-126.204
-22.0063,-52.5525
0.0020909,1.1e-08
-30.4483,-73.5909
-40.758,-180.83
1.50615,1.1e-08
-19.2949,-39.102
0.307248,0.0910344
0.560317,1.1e-08
-10.3189,-5.1331
0.64696,0.065859
-14.6138,-24.255
-57.7967,-343.669
0.583186,0.147452
-43.7244,-202.272
-69.1284,-430.657
-53.6075,-151.669
0.295596,0.0379618
0.263623,0.242669
1.71768,0.161012
1.30672,0.135841
0.63178,0.153103
-35.8993,-123.726
0.62292,0.0375272
-24.4443,-66.1749
-45.9389,-231.593
-67.3509,-387.676
-13.1734,-20.0893
-47.1702,-256.992
0.768876,0.0844158
0.408404,0.00997624
0.0374588,0.147765
0.967302,1.1e-08
-34.5658,-82.7623
-47.4476,-221.605
-23.8512,-52.5525
-25.9701,-87.3263
-34.2343,-133.725
-1.29915,-0.244999
-19.07,-43.3649
-3.08792,-1.1025
-37.7531,-162.042
1.13283,0.239932
-30.4295,-100.327
-16.8268,-33.5884
1.1e-08,0.00754857
-23.7275,-60.9124
1.1e-08,0.521379
-23.6878,-32.4825
-31.2929,-83.3824
-17.7025,-37.73
0.166822,0.279551
-19.7733,-40.4985
0.0347024,0.50321
-24.7028,-67.9946
0.886772,0.202076
-24.2403,-75.4688
-74.2737,-267.122
0.205938,0.136878
-1.72342,-0.367497
1.22709,1.1e-08
1.44869,0.0477559
-61.2957,-377.284
-67.794,-439.941
-62.5675,-166.205
1.20403,1.1e-08
1.71768,0.0631001
-52.4004,-323.484
0.388971,0.19986
-33.1885,-102.56
1.64528,1.1e-08
-60.7606,-383.485
-58.0651,-331.485
0.134032,0.0336452
-28.1966,-102.544
-2.342,-0.686012
-38.2122,-88.1155
0.582187,0.205664
1.1e-08,0.333425
0.112324,0.397091
1.20274,0.0208479
-59.4548,-260.166
0.231732,0.239979
-24.4464,-32.1916
-2.5551,-0.881989
-20.3476,-28.8209
-62.3053,-365.392
-68.2841,-435.132
-50.7866,-218.32
1.1592,1.1e-08
-60.6645,-364.49
-3.51898,-1.34745
0,1.1e-08
0.242196,1.1e-08
-19.0028,-29.0359
-34.0303,-152.876
-17.3074,-31.25
-52.2123,-288.635
-27.8798,-100.326
-23.7888,-33.482
0.328626,0.262879
1.06356,1.1e-08
0.116956,0.176259
1.56544,0.0152183
1.47248,1.1e-08
-63.9652,-435.622
0.0114769,0.0253505
-17.9833,-28.1804
0.155581,1.1e-08
-52.9271,-359.387
-32.5267,-126.196
1.00216,0.152086
0.961211,1.1e-08
0.224261,1.1e-08
-13.0758,-16.3167
0.774704,0.264956
0.642414,1.1e-08
-27.6062,-86.0906
1.25933,0.0183067
-12.3809,-17.2235
-56.7159,-160.316
-38.7953,-153.966
-19.8724,-32.5925
1.25199,0.225373
1.68507,0.208163
0.541345,0.0204016
-13.1337,-21.0945
-35.4134,-136.342
1.71768,0.182077
-31.7988,-133.821
1.63233,1.1e-08
0.00234732,0.313011
0.815097,1.1e-08
-56.6237,-323.472
-55.6041,-284.887
0.558641,0.119708
1.71768,1.1e-08
0.309944,1.1e-08
-28.6802,-69.8249
0.0361549,1.1e-08
0.975924,0.111084
0.494127,0.143659
-28.4204,-80.1009
1.12515,0.139074
-30.3672,-123.724
-68.668,-351.94
-9.77899,-12.152
-4.56029,-2.21349
1.62545,0.108259
-73.2908,-435.294
1.15318,0.0773239
1.38245,0.0725336
0.00094971,0.586981
-41.4423,-252.13
-7.51024,-6.19849
-21.0643,-44.835
-56.5488,-238.386
-50.5042,-163.411
1.19875,1.1e-08
0.390239,0.266961
-41.1636,-228.229
-32.0388,-131.225
-55.769,-165.572
-59.1964,-390.467
0.0569272,1.1e-08
1.1e-08,0.34033
1.0977,0.0989517
0.203637,0.0206107
-48.7427,-215.058
-37.803,-126.199
0,1.1e-08
0.452751,0.174525
0.807402,0.0977992
0.469764,1.1e-08
1.71768,0.107128
0.477236,1.1e-08
-48.0843,-224.914
0.258458,0.0877108
0.909745,0.094142
0.327776,0.0489846
-49.8418,-307.744
-55.1499,-160.092
-56.062,-399.384
1.1e-08,0.0692119
0.387165,1.1e-08
0.459378,0.0408773
-11.9175,-14.5775
-8.79177,-9.947
1.57278,1.1e-08
-52.9585,-277.462
0.828005,1.1e-08
-69.6283,-407.997
-45.3415,-189.875
1.36162,1.1e-08
1.54478,0.0803164
1.71768,0.303432
1.30362,0.0725039
0.0820677,0.00308783
0.324806,0.156764
-20.7704,-54.1695
0.208246,1.1e-08
-41.8548,-144.209
-37.0644,-153.419
0.488983,0.0493251
0.667429,0.179182
1.1e-08,0.0989709
1.23191,0.0383757
0.351684,1.1e-08
-24.4236,-76.166
1.66352,1.1e-08
0.55075,0.238018
1.54977,0.133785
1.67783,1.1e-08
-40.0876,-141.552
-54.0306,-281.161
-26.1247,-89.64
0.405467,0.166796
1.70536,1.1e-08
0.899494,0.124364
-67.1242,-390.259
-71.6613,-384.493
-63.2485,-335.529
0.501635,0.395136
-12.2097,-20.0908
-54.3517,-266.782
1.14742,1.1e-08
0.133568,0.222954
-47.2461,-284.908
1.4997,-516.685
-46.8269,-296.205
-62.5935,-356.111
-27.9893,-75.3004
-61.1259,-421.412
-32.1,-111.72
-3.95688,-2.34309
0.131372,0.450045
-6.32323,-4.50268
-14.0405,-16.3171
-41.9547,-146.916
-32.7166,-121.275
1.46945,1.1e-08
-16.3583,-27.1422
1.15725,0.10182
-39.5421,-85.1489
-48.4323,-323.459
1.71768,0.0748366
1.00841,0.0318772
-59.7752,-434.696
-64.6672,-407.976
0.0154008,1.1e-08
0.513921,0.423868
1.71768,1.1e-08
-63.8682,-266.463
-51.8741,-228.242
-50.7798,-234.979
1.54561,0.0528538
0,1.1e-08
1.09018,1.1e-08
-24.6141,-32.8802
1.53844,1.1e-08
0.369068,0.0152648
0.855548,0.0514652
0.467323,0.29696
1.62299,0.0384122
-15.2467,-25.3577
1.71768,1.1e-08
-51.9117,-262.347
1.65656,0.0715234
-53.9922,-440.236
-35.5426,-121.275
0.139784,1.1e-08
0.952654,0.145178
-50.9409,-296.205
-49.0813,-252.343
-4.62478,-2.63812
-51.1326,-250.555
-24.5817,-79.5377
1.71768,1.1e-08
0.974093,1.1e-08
-37.7148,-172.014
0.181021,1.1e-08
-9.56908,-5.29976
0.521289,0.158819
-45.771,-192.938
1.26022,0.080388
0.341406,0.0155799
-7.272,-6.76199
0.967538,0.246602
-53.969,-307.744
-18.7585,-32.1049
-82.5999,-402.038
1.71768,0.059354
1.71768,1.1e-08
0.731045,0.50267
1.26174,0.308515
1.06055,0.115803
0.184484,0.103017
-53.3987,-245.269
-22.5991,-57.4768
0.44562,0.243211
-47.0768,-205.432
0.020265,1.1e-08
-44.1919,-151.864
-80.4854,-270.029
-24.1541,-79.1071
0.810534,1.1e-08
-0.33269,-0.024499
-28.0792,-95.942
0.668162,1.1e-08
-2.96582,-0.881996
-57.0708,-319.504
0.930141,0.407284
0,1.1e-08
0,1.1e-08
0.248375,1.1e-08
0.748759,0.204464
-31.4871,-107.089
1.71768,0.139314
-6.41398,-3.80671
-40.022,-154.667
0.5048,0.190703
1.19241,0.210356
-57.3587,-311.64
1.21337,0.125833
1.71768,0.184556
-61.022,-417.029
-1.39948,-0.244999
-65.5119,-373.993
1.71768,0.222415
-15.8141,-26.4666
0.413781,0.0689512
-54.7846,-241.608
-44.8784,-160.411
-29.7644,-128.664
0.022631,1.1e-08
0.819896,0.339744
1.31795,1.1e-08
0.0349385,0.36437
0,1.1e-08
1.69559,0.0241341
-30.127,-109.392
0.624085,1.1e-08
1.1e-08,0.102476
0.0889952,1.1e-08
1.67789,0
