1.67789,0.0466124
1.1e-08,0.210416
-47.0049,-241.021
0.366967,0.0228929
-43.9505,-252.401
-42.8665,-163.984
-37.9362,-87.3196
1.45733,1.1e-08
-62.3975,-452.339
1.67789,0.162528
0.8866,1.1e-08
-18.0686,-37.73
-56.1732,-166.257
0.730456,1.1e-08
0.313172,0.0382221
-40.6797,-160.002
1.5464,1.1e-08
0.98025,0.0562124
-28.3332,-90.3651
-57.2469,-259.031
-39.2406,-146.873
0.549593,0.0477378
-72.588,-398.093
-7.02087,-5.62415
-28.0445,-73.5735
1.37866,0.0719851
1.15793,0.177998
-5.56456,-4.45953
1.24433,0.296466
-46.8622,-267.108
0.521113,0.157041
0.647624,1.1e-08
0,1.1e-08
-22.8009,-33.7705
-56.1232,-389.236
1.35919,0.0163807
0.32713,1.1e-08
0.854172,0.341461
0.637354,1.1e-08
-17.2851,-25.3575
-4.30339,-1.92009
-44.9524,-228.234
-23.0375,-66.1733
0.816305,0.175508
1.1e-08,0.574053
1.38417,1.1e-08
0,1.1e-08
-19.6202,-50.9599
-15.6233,-21.0945
-1.00521,-0.147
0,1.1e-08
-10.9304,-12.936
0.90955,1.1e-08
-42.1933,-87.4461
1.50716,1.1e-08
0.790326,0.0648947
1.404,0.257025
-21.1195,-44.835
-28.3203,-107.093
-40.9758,-221.586
-23.1048,-49.392
1.33407,0.0126948
0.104158,0.0149375
-4.62512,-2.8732
-27.0519,-66.1748
-49.4631,-272.989
0.273291,0.191702
0.0779508,0.00404392
1.10305,0.00550741
-62.2454,-270.939
0.85413,1.1e-08
-61.4762,-327.468
-42.3161,-164.471
-5.89313,-4.19247
1.16082,0.0367097
-7.89787,-7.96249
0.408577,0.100731
-63.5235,-444.74
-52.9779,-166.257
-51.5737,-288.625
-50.9588,-252.329
-11.4608,-13.7445
1.1793,0.0854362
0.114848,1.1e-08
-11.4233,-14.5775
1.67789,0.0732249
1.41437,0.0761871
0.485529,0.0523497
-57.2799,-303.873
-27.7035,-95.942
0.172745,1.1e-08
-59.013,-339.589
-19.7214,-31.8194
1.67789,1.1e-08
-24.8757,-59.1675
-45.4616,-255.793
1.41585,1.1e-08
1.0309,1.1e-08
1.57298,0.223191
1.36916,1.1e-08
0.36438,0.269997
-36.5398,-146.881
1.67789,0.0351427
-26.4616,-77.4211
-21.1473,-40.3295
1.67789,1.1e-08
-9.90956,-5.08541
-52.044,-343.682
-26.8842,-69.8254
-9.63017,-9.26099
0.293901,0.108517
1.65399,1.1e-08
1.32384,1.1e-08
1.67789,0.00751623
-39.8693,-177.867
0.766002,0.340627
0.582176,0.183896
1.67789,0.0142988
0.717849,0.111315
1.3556,1.1e-08
1.1357,0.0142008
0.818495,0.0670443
-54.9842,-394.59
0.290125,0.37964
-1.44544,-0.244999
0.874457,0.0201061
1.37885,0.222208
1.67789,0.115505
-41.6711,-240.82
-44.6398,-166.286
1.28517,0.0743131
-10.5177,-14.5775
-15.7437,-22.1235
-8.86384,-9.26099
0,1.1e-08
-64.3474,-390.13
0.563918,1.1e-08
0.58931,0.0942818
-58.2399,-378.571
-49.0318,-270.422
-53.811,-380.926
1.01489,0.0275204
1.1476,1.1e-08
1.1e-08,0.0135022
1.67789,0.206242
1.67789,1.1e-08
1.63049,1.1e-08
-25.117,-33.4593
0,1.1e-08
-47.1761,-202.272
-64.0739,-435.28
1.42804,0.209301
-10.5458,-13.7445
-13.3977,-23.177
1.36805,0.1824
0.946361,0.137989
1.65123,0.03111
-14.3388,-19.11
0.819524,0.252884
0.622248,0.0868395
0.573954,1.1e-08
0.786246,1.1e-08
-10.515,-5.12412
1.67789,1.1e-08
-50.3622,-335.527
-19.0495,-35.205
-29.1978,-100.327
-15.9087,-30.8893
-55.3906,-352.634
-39.8761,-90.8094
-49.6787,-234.982
-35.5686,-161.868
-22.7862,-67.9864
-65.5098,-402.215
-35.5771,-144.027
-39.1316,-196.024
1.27047,0.0222557
1.64859,0.0642942
-7.23952,-5.11861
0.997862,0.0745667
1.67789,0.35619
0.00238106,0.348885
-21.4705,-57.4771
1.64487,1.1e-08
0.5413,0.0494389
1.48899,1.1e-08
1.01495,1.1e-08
-28.0605,-80.3873
-47.4441,-252.094
1.1e-08,0.220271
-22.0666,-64.386
-22.2846,-52.5525
-14.5521,-28.8139
0.505126,0.0252991
0.460004,0.169743
0.678748,0.14034
0.585479,1.1e-08
-64.1578,-409.444
-23.2606,-57.4769
1.50638,0.0824987
1.1e-08,0.400244
1.6544,1.1e-08
-22.2892,-47.8486
1.21222,0.0670063
1.49717,0.0222069
-44.2526,-224.892
-33.4766,-107.09
-70.6884,-445.922
-21.3066,-49.392
-11.6905,-18.1544
0.453961,0.0326748
0.758888,0.0219958
0.463513,1.1e-08
0.15742,1.1e-08
-66.9885,-453.903
-41.6965,-211.827
1.63726,0.232111
-43.1668,-156.043
-2.23152,-0.685979
1.67789,0.289879
-43.0326,-199.136
-56.4452,-343.689
-35.0778,-133.768
-38.8049,-192.937
0.823467,1.1e-08
1.67789,0.0353273
0.307156,0.227608
0.579941,1.1e-08
1.04224,0.151435
-54.2536,-277.576
-70.457,-377.135
1.60766,0.107289
-13.99,-27.5798
-5.32675,-2.9166
-55.6715,-440.274
0.831163,1.1e-08
0.788529,0.00297549
1.67789,0.213258
-3.34768,-1.61677
0.405384,1.1e-08
0.520782,1.1e-08
-7.27391,-5.49473
1.11684,0.284277
-21.3417,-50.9596
0.733116,0.213825
-56.1261,-153.339
1.1e-08,0.0520477
-30.4415,-77.1616
0.555607,1.1e-08
-13.6241,-16.317
-3.98692,-1.91147
-51.8879,-371.874
1.56373,0.281787
-97.1237,-403.93
-75.4202,-274.994
-45.4921,-265.258
0.657774,0.0980446
-34.1037,-121.274
-25.418,-83.3794
-31.4861,-121.276
-30.9592,-98.1225
-40.3401,-152.335
-56.9394,-292.407
-53.6353,-167.538
-33.1199,-144.371
-3.60638,-1.61708
-34.5657,-166.127
0.370524,0.144201
1.28463,0.179268
0.679999,0.00478772
1.67789,0.156818
-60.1083,-408.458
0.606843,0.0974806
-42.833,-83.7005
0.698046,0.0596465
0.442705,0.31815
-28.9279,-69.8237
1.1e-08,0.53613
0.0937423,0.0729261
-85.9142,-396.868
-14.5233,-21.0947
-45.9165,-284.895
-51.3976,-245.741
0.113591,1.1e-08
-33.5783,-85.4222
0.923488,0.186625
0.0389732,1.1e-08
0.646277,0.0499204
-69.4001,-371.766
-39.496,-80.3409
-56.3672,-261.643
-25.2004,-57.477
-5.5779,-3.332
-16.885,-26.4844
0.955318,1.1e-08
1.12066,0.109284
1.1e-08,0.143836
-17.3126,-27.6325
0.604499,1.1e-08
1.67789,0.152944
1.67789,0.0707055
-66.0229,-419.137
1.21046,1.1e-08
0,1.1e-08
-11.5457,-5.65959
-49.9535,-277.722
1.31914,1.1e-08
-63.7406,-394.568
1.17221,0.234981
-78.4122,-273.697
-8.1003,-5.01209
1.3929,0.0410797
-16.3675,-32.4778
-69.2121,-273.91
1.67789,0.152423
-41.4466,-189.875
-19.1881,-43.365
0.745618,0.403215
-39.9673,-166.278
0.546137,1.1e-08
2.98982e-05,0.629777
1.08135,1.1e-08
-31.0612,-83.3937
-7.77039,-4.53838
0.636759,0.226907
-67.3126,-452.71
-30.1991,-95.942
-49.5102,-364.948
-27.0167,-34.1428
0.475104,0.390331
-29.7208,-87.6912
-7.31961,-4.64414
1.15906,0.00734472
-66.6863,-380.633
1.67789,0.00468236
-44.251,-221.611
-33.4012,-116.448
0.607474,0.0308389
-34.6111,-141.526
-58.1779,-416.987
1.67789,0.276181
1.1e-08,0.00303246
0,1.1e-08
1.67789,1.1e-08
-28.7807,-75.4241
1.48114,0.0510576
1.67789,0.0990165
1.61021,0.019732
-4.33257,-2.35261
1.67789,0.0401574
-3.16523,-1.34749
0.441477,0.277072
1.1e-08,0.113973
-63.0647,-352.142
1.06202,1.1e-08
-8.17051,-4.70816
-29.3393,-109.393
-29.8615,-114.072
1.25851,1.1e-08
0.739616,0.0990239
0.187594,0.0247955
1.58626,0.186338
-18.0477,-40.4984
0.0591661,1.1e-08
-57.7566,-430.65
0.339161,0.0952759
-72.2021,-453.922
-36.1887,-116.448
1.33638,0.255088
0.140677,1.1e-08
-58.5238,-168.482
1.67789,0.00195567
1.03438,1.1e-08
0.03737,0.218037
1.65288,1.1e-08
-5.72364,-2.94114
-50.2382,-252.986
0.604622,0.327084
-24.7255,-35.2702
0.692846,0.256606
-54.3077,-335.53
0.58696,0.0514299
1.67431,0.480434
-69.3473,-364.415
-43.9609,-85.1894
-27.7126,-80.1701
-43.4525,-238.386
0,1.1e-08
-50.0362,-284.884
-75.9174,-399.321
1.67789,1.1e-08
-38.2102,-165.201
-28.0392,-85.8273
-48.0402,-244.817
0,1.1e-08
1.67723,1.1e-08
-45.5495,-161.381
1.67789,1.1e-08
-42.91,-248.806
0,1.1e-08
0.780698,0.123963
0.391476,0.259963
1.04344,0.19792
0.723736,0.135016
1.67789,1.1e-08
1.64378,0.0452694
0.929171,0.0611025
0.938902,0.0899091
-72.6445,-274.958
-31.1315,-91.6943
1.42693,0.0162621
-11.3024,-15.435
0.199278,0.171434
0.200776,1.1e-08
1.05014,0.0479247
0.811057,1.1e-08
0.208781,0.213229
-56.2594,-383.962
-33.1275,-153.503
-28.058,-93.7865
-49.0238,-281.162
-66.3374,-426.117
0,1.1e-08
-15.0629,-20.0899
-49.0857,-296.195
-7.72428,-4.65458
1.67789,0.126055
0.990481,1.1e-08
1.67789,0.0885935
0.875553,0.376241
1.67789,1.1e-08
-36.1387,-87.4841
-60.6255,-364.425
-63.063,-416.992
1.27831,1.1e-08
1.67789,1.1e-08
-19.6253,-37.73
1.67789,1.1e-08
0.172208,1.1e-08
1.67789,1.1e-08
0.703688,0.171634
-50.9388,-319.505
-28.7139,-91.8686
0.636833,1.1e-08
-2.88583,-0.881995
-1.25536,-0.244997
0.339983,0.0919339
-35.1673,-114.072
0.931126,1.1e-08
1.67789,0.0173789
1.56378,0.0177337
0.403252,0.0613577
1.67789,1.1e-08
-68.9023,-407.564
0.856855,0.179203
0.606976,0.268147
-13.1007,-24.2538
0.123194,1.1e-08
1.55701,1.1e-08
1.16551,0.125063
-30.7511,-89.7202
1.4757,0.231804
-49.5682,-166.345
0.258907,1.1e-08
-26.0421,-64.386
-1.91721,-0.514504
-21.141,-32.2087
1.67789,0.139889
-58.1628,-266.363
-59.0252,-351.472
-9.92471,-10.6575
0.950669,0.0278155
0.229204,1.1e-08
-14.3664,-26.4839
-44.102,-87.0152
-2.4703,-0.881976
-40.1832,-208.617
-56.8908,-426.184
-37.1989,-136.353
-37.956,-144.27
-6.61076,-4.07768
-55.9134,-409.334
0.588512,1.1e-08
-24.1352,-52.5525
0.530002,0.0125766
0.017989,0.0759843
0.0538583,1.1e-08
0.668695,0.390064
0.313932,0.188972
-45.952,-269.217
0,1.1e-08
-46.7887,-265.683
-8.09247,-8.59917
1.67789,0.0379988
0.116462,1.1e-08
0.634804,0.361408
1.06582,1.1e-08
0.0885121,1.1e-08
0.924159,0.27766
0.98804,1.1e-08
0.478389,0.143223
-47.1651,-238.385
1.1e-08,0.0249235
-10.7202,-12.152
-3.67083,-1.9129
0.363452,1.1e-08
-14.1995,-24.256
-34.3341,-87.6492
0.0397437,0.293608
1.06014,0.0666108
0.213427,1.1e-08
0.26444,0.309997
0.0346065,0.143297
-79.086,-399.098
-11.6467,-17.2234
1.01102,1.1e-08
-3.09963,-1.10251
-35.1213,-151.456
1.65386,0.273803
0.000455307,0.321122
1.43486,1.1e-08
0.263112,1.1e-08
-18.5713,-27.6372
0.417997,1.1e-08
0.222368,0.00888393
1.67789,1.1e-08
-56.8354,-364.7
1.40314,0.00684356
1.67789,0.0183001
0,1.1e-08
-58.873,-311.64
0.788611,1.1e-08
-14.5368,-23.1771
-68.1688,-387.316
0.818089,1.1e-08
1.67789,1.1e-08
-44.2889,-243.289
-18.8882,-32.4763
-26.1437,-85.0501
0.02956,0.0044287
-35.3582,-131.231
0.30873,0.0509506
1.6777,0.0750034
1.63379,0.180283
-38.9505,-180.834
1.00706,0.380803
-53.4694,-234.979
0.566218,0.297081
-7.6109,-5.74342
-20.5748,-52.5523
-42.1375,-192.938
1.56084,0.113564
0.0845906,1.1e-08
0.0985986,0.0219577
0.829523,0.124093
-45.7811,-277.891
-0.347498,-0.0244997
0.177463,0.0820656
-25.0182,-71.6849
-75.4953,-450.2
-55.2567,-376.733
-68.321,-391.498
0.479455,1.1e-08
-66.5694,-269.224
-46.6886,-199.136
-54.8037,-252.041
-40.1394,-202.271
-71.5095,-426.074
0,1.1e-08
0.0530499,0.0915366
-4.29497,-1.85483
-61.2335,-266.437
0.241796,1.1e-08
1.62221,1.1e-08
-38.0573,-133.771
1.45522,1.1e-08
1.67789,1.1e-08
1.1e-08,0.372068
-0.33178,-0.0244998
-0.694364,-0.0734979
1.2097,0.116291
-30.8242,-116.449
-81.5552,-383.179
-58.9661,-444.325
-35.6657,-111.72
-27.0502,-60.8808
-56.8666,-421.496
1.15682,1.1e-08
0.436063,0.145231
0.0801012,0.238601
1.1e-08,0.00584532
-59.8438,-379.767
-15.8862,-29.3431
-54.7453,-307.744
-36.95,-121.275
-11.7119,-16.3162
0.487022,0.0012707
0.225429,0.0823927
-8.2909,-5.27004
1.41419,0.117972
-52.522,-368.715
-53.072,-173.897
1.67789,0.474295
-18.8642,-47.848
-60.4878,-269.166
-61.2492,-343.685
-29.875,-85.2467
0.522184,1.1e-08
0.492551,0.187429
1.1e-08,0.00992774
-35.5826,-128.7
-40.5099,-162.491
0,1.1e-08
0.430098,1.1e-08
-9.05374,-9.94697
1.67789,0.0581653
1.67789,0.12363
0.740144,1.1e-08
-41.89,-218.328
0.279251,0.0715638
-45.4798,-218.325
1.55081,0.0447575
0.738863,1.1e-08
-7.60392,-6.21105
1.67789,0.377305
-56.7333,-368.795
-43.297,-152.299
1.6003,0.00921238
-52.7858,-303.873
0.0791972,1.1e-08
-39.8039,-159.283
-13.783,-18.1545
-34.9447,-172.65
0.435929,1.1e-08
-95.9596,-403.069
0.457784,1.1e-08
0.344803,0.237516
1.67789,0.162662
0.445983,0.0364579
0,1.1e-08
-52.9971,-356.195
-51.1941,-262.482
-44.5783,-183.825
1.10241,1.1e-08
0.107164,0.389368
1.67789,1.1e-08
-59.0994,-435.254
-37.8743,-183.828
1.27128,0.0230632
0.506788,1.1e-08
-59.1182,-403.097
0.657801,0.0839293
-13.9795,-20.0902
-56.0751,-373.157
0.998141,1.1e-08
-53.7628,-347.817
-19.7121,-46.3295
1.11567,0.0711983
-42.3122,-180.835
-12.6439,-16.3166
1.1e-08,0.0795259
0.228233,0.0764467
0.123095,0.0818712
1.58774,1.1e-08
-30.3417,-123.725
0.758457,0.00618876
-50.0902,-264.905
1.17448,0.0528271
1.49157,1.1e-08
-12.3771,-14.5775
-44.213,-157.586
0.00715244,1.1e-08
-23.3964,-60.8809
-24.7721,-55.811
1.4,1.1e-08
1.67789,0.112123
0.503982,0.116658
-43.2833,-177.872
-63.4807,-376.655
1.32664,1.1e-08
-50.8283,-163.392
-64.0519,-389.911
-1.07425,-0.146999
0.100041,1.1e-08
-41.9836,-171.739
0,1.1e-08
-1.35064,-0.244998
-26.201,-79.2904
-38.7767,-138.94
-37.4161,-141.568
-45.9829,-274.663
-51.5184,-224.911
0.0571973,1.1e-08
-29.2525,-83.3586
-10.8595,-16.3182
0.248181,0.169615
-62.2139,-331.435
1.1e-08,0.106004
-20.5609,-54.1695
-47.7385,-166.144
0,1.1e-08
1.31617,0.0052872
1.66623,0.310304
-6.90263,-4.6913
-27.1161,-34.5379
1.30576,1.1e-08
-55.2241,-319.504
-64.1151,-374.232
-41.6602,-154.716
-44.9995,-189.875
1.66021,0.203502
0.524195,0.375455
1.09995,1.1e-08
-37.3281,-166.322
0.802268,1.1e-08
0.417068,0.191868
-39.2845,-149.478
1.58176,0.064596
-5.27789,-2.55671
-16.7542,-29.2342
0.00860509,1.1e-08
1.54484,1.1e-08
-9.81741,-9.94699
-44.5328,-245.471
-29.3355,-35.0595
-52.7612,-323.474
-53.0214,-258.453
0.240123,0.0146028
0.113726,0.212357
-33.9187,-146.878
-48.2414,-89.5211
1.67789,1.1e-08
1.1e-08,0.151255
-30.9079,-104.813
1.1e-08,0.173598
-26.0963,-62.6198
-43.7478,-208.618
-56.309,-165.425
0.406111,1.1e-08
-31.6347,-118.849
1.31592,0.0571599
0.866818,0.0131111
-36.9977,-118.85
0.181207,0.0715715
0.668385,1.1e-08
1.67789,0.23808
-36.4039,-156.48
-74.0543,-272.224
0.634117,1.1e-08
1.46279,1.1e-08
-5.45962,-3.74692
1.67789,0.0063293
-61.3269,-458.623
-73.3049,-271.175
-72.7879,-445.371
0.472846,0.248887
1.62391,0.00882108
-14.5469,-22.1235
-68.9696,-399.412
-60.1381,-375.452
-47.1898,-161.603
-28.0381,-35.8831
-50.3082,-307.744
-16.6365,-31.0389
-4.56584,-2.58657
0.875146,0.0720446
0.140738,1.1e-08
-39.238,-186.837
0.98465,1.1e-08
0.275712,0.0764794
0.693315,1.1e-08
-52.943,-262.585
-9.16552,-11.3925
-95.0746,-400.834
1.32393,0.199943
-12.5408,-17.2237
-48.4856,-231.597
1.51294,0.125957
-25.1414,-60.8851
0.0205245,1.1e-08
-33.3689,-126.199
1.3289,0.0585736
-48.6494,-257.543
-60.8459,-356.136
1.02542,0.0160578
-64.5607,-356.107
1.66467,0.0146634
-4.15154,-1.61704
-43.3783,-144.208
0.837372,0.0198702
-17.7835,-33.1696
0,1.1e-08
-15.3591,-24.2564
0.0567713,0.18901
-26.9783,-71.688
1.67789,0.260979
-46.4454,-248.692
0.156325,0.180698
-18.438,-41.9195
0.660497,1.1e-08
-33.134,-83.3652
1.1e-08,0.082045
0.890006,0.0641761
-5.91824,-4.69695
-56.1386,-389.657
-71.4364,-381.455
0.643555,0.0310657
-8.60308,-7.96249
-21.7185,-60.8871
-60.5251,-412.612
1.67789,1.1e-08
0.277492,1.1e-08
1.45127,1.1e-08
0.319037,1.1e-08
0.165162,0.143591
-59.2176,-384.752
-32.2441,-88.6297
-36.477,-149.688
1.67789,1.1e-08
1.67789,1.1e-08
-26.8891,-67.9875
0.176668,0.0175213
1.57615,0.0366
-53.2089,-315.56
-72.4216,-269.928
-72.0925,-430.661
1.53355,0.0219484
0.715787,1.1e-08
0.0644036,0.0718401
0.415188,0.108095
-15.7559,-23.177
-15.8569,-28.8101
1.67789,1.1e-08
-26.4639,-34.9146
0.144999,0.112987
1.53323,0.242816
0.814781,1.1e-08
1.67789,0.0832529
1.67789,1.1e-08
0.90538,0.0162391
1.52852,0.00158588
-37.6099,-160.15
-41.387,-174.93
1.22443,1.1e-08
-44.8801,-231.609
0.00496146,0.0823888
-23.1439,-71.6876
-92.1773,-399.06
-40.2977,-141.584
-22.8526,-55.811
0.844062,1.1e-08
0.7037,0.365656
-57.1371,-273.791
-42.5228,-196.025
-15.0729,-27.7053
1.1e-08,0.0216316
-6.43222,-4.83112
0.756382,0.0582223
-20.5217,-47.8484
1.47072,0.182067
-9.50461,-8.59942
-93.0063,-398.106
0.814308,0.38486
-57.6664,-157.115
-50.9206,-376.923
-58.0609,-360.288
-19.6581,-49.3922
-17.0464,-36.4709
1.34285,0.0323806
0.676551,0.199958
-47.8275,-163.433
-13.2335,-19.1101
-31.8985,-141.443
-41.6335,-228.253
1.36998,1.1e-08
-12.2095,-19.1099
0.533996,0.020657
-66.9126,-430.658
-82.0497,-399.089
1.67789,0.0925341
-62.7059,-347.807
1.08818,1.1e-08
1.28189,0.00336051
1.11798,1.1e-08
0.132961,0.0238152
-49.6716,-331.571
-9.39528,-5.15156
-16.5814,-37.7297
1.1e-08,0.12827
-49.9577,-248.764
1.54423,0.161514
1.28345,1.1e-08
0.778224,1.1e-08
-5.92305,-3.75028
0.215437,0.247698
-66.5883,-169.065
-35.9958,-162.679
-8.57589,-5.13286
0.00430935,0.186074
-27.0357,-75.6024
-39.0561,-88.523
1.18071,0.0115796
-23.788,-73.5729
1.67789,0.218478
0,1.1e-08
-49.1623,-267.036
0.283745,1.1e-08
-20.025,-32.4208
0.224872,0.142827
0.41762,0.0102321
0.286795,0.146114
-53.263,-241.825
0.836579,1.1e-08
-40.5992,-205.432
-10.8018,-11.3925
0.761379,1.1e-08
-75.8079,-391.786
0.231013,0.0343741
1.03668,0.0922187
0.0682542,1.1e-08
-34.1792,-118.849
-40.7467,-215.059
-47.5266,-221.602
0.482985,1.1e-08
-40.8847,-224.929
1.1257,0.0415099
-23.1622,-50.9602
-32.952,-138.94
0.0411543,1.1e-08
-55.7654,-300.027
-64.653,-266.498
1.67789,0.0674501
1.60558,0.0682122
-66.6764,-270.115
0.325974,0.123439
1.1e-08,0.16008
0.925532,0.238462
0.530419,0.199103
-64.7603,-364.837
1.09149,0.0403654
-59.8706,-319.504
1.25566,1.1e-08
-40.1479,-136.343
-32.9534,-81.2367
-16.0564,-25.3575
0.877118,0.151595
1.67789,0.0650878
1.23485,0.00984871
0.239846,1.1e-08
-32.9296,-111.72
0.106782,0.308801
-59.278,-170.482
-57.4734,-449.414
1.36317,0.0785811
-66.1548,-421.511
0.192421,0.10859
-49.6042,-347.806
-13.8717,-25.3572
-8.77591,-8.59977
0.0514856,0.111665
1.1135,1.1e-08
-5.171,-3.33194
-62.222,-430.669
0.0738842,0.283759
-9.85158,-12.152
1.48259,0.0133606
0.730871,0.259443
-24.9613,-66.1741
-23.2418,-69.826
-31.7463,-100.327
-22.5464,-32.3362
1.1e-08,0.0439143
1.34516,1.1e-08
0,1.1e-08
1.67789,1.1e-08
-48.6562,-303.873
-36.6049,-177.861
-29.9464,-78.3907
-56.0947,-412.297
-2.59073,-0.686
-62.1572,-454.638
0.374181,0.0230008
-42.2881,-79.4108
-10.1433,-4.08929
0.842155,0.285882
-59.9527,-390.737
-11.9535,-20.0899
-30.4829,-93.7858
1.22799,0.0844581
1.67789,1.1e-08
1.67789,0.169631
-6.02124,-3.33207
1.67789,0.340158
-6.9912,-6.19861
-74.8022,-395.993
0.348081,1.1e-08
-25.839,-73.5736
-44.2164,-215.061
-45.3041,-211.827
0.279084,0.0157979
-57.2622,-455.513
0.127556,0.258449
-25.3315,-75.359
0.451009,1.1e-08
1.18473,1.1e-08
-9.95787,-11.3925
-27.3747,-34.6053
1.67789,0.0926604
1.67789,1.1e-08
-26.2346,-82.3976
-21.037,-59.1676
1.67789,0.00946391
-72.166,-257.934
1.47328,1.1e-08
-43.5204,-202.272
-30.7104,-81.3283
0.540051,1.1e-08
-41.5658,-169.392
0,1.1e-08
-50.7692,-339.584
-6.34753,-4.16009
-38.569,-218.313
-53.7518,-331.232
0,1.1e-08
1.04839,1.1e-08
0.753913,0.176408
-48.8634,-315.56
1.59876,1.1e-08
-62.9347,-335.527
1.00131,0.0892142
1.67789,0.0125484
-47.7626,-205.432
0.79209,0.0170755
0.995308,0.28391
0,1.1e-08
-53.1335,-274.12
1.67789,0.330588
-56.2754,-401.036
-22.1711,-62.5689
-65.7336,-368.753
-86.4971,-398.984
1.46341,0.137874
-42.9524,-234.985
-55.1924,-266.901
-52.1829,-228.24
-53.4348,-296.191
-43.4566,-166.787
-11.8336,-12.936
0.49205,1.1e-08
0.332432,0.0238337
-41.3348,-90.9701
-36.6458,-154.048
0.555515,0.225555
1.67789,1.1e-08
-20.8566,-43.365
0.445771,0.0761807
-48.4354,-292.408
-71.2734,-421.524
0.715432,1.1e-08
0.679805,0.560176
0.57423,0.0169372
-50.003,-241.984
0.29489,1.1e-08
-2.22191,-0.514498
-17.818,-31.5041
-16.5444,-24.2544
-65.022,-442.263
-7.21175,-6.76199
1.67789,0.0924573
1.10621,0.189308
-12.9397,-20.0897
-23.5219,-75.5299
0.957888,0.0149422
-41.7269,-89.5386
-8.26697,-7.34999
-15.5095,-31.6343
-8.94613,-5.13943
1.1e-08,0.274469
-53.4483,-360.305
1.40905,1.1e-08
-51.6923,-351.53
-42.7002,-186.837
0.726482,0.320242
1.26493,0.083589
-57.8744,-331.68
0.855501,1.1e-08
-57.0688,-356.018
-47.9963,-215.061
0.303411,1.1e-08
0.78988,0.089542
-81.1063,-402.613
-33.8007,-149.496
-39.7036,-199.136
-39.1987,-172.078
-32.6114,-131.189
-67.7225,-351.893
-53.3272,-169.883
-31.8421,-79.688
-23.9983,-64.3859
-68.3622,-416.99
0.294071,0.0281055
-66.222,-402.871
0.126197,0.160779
-51.5075,-270.084
-71.4575,-271.202
-71.1576,-394.171
-37.6896,-152.305
-64.5108,-383.611
1.47109,0.304289
0.0977539,0.117795
1.67789,0.277707
0,1.1e-08
1.5688,1.1e-08
-19.6406,-39.102
-27.3896,-83.3703
0.0778068,0.149276
-0.933819,-0.146996
-61.4603,-406.03
1.10284,0.0133781
-69.998,-376.761
0.885733,1.1e-08
0.277205,1.1e-08
0.604715,0.215462
1.57504,1.1e-08
-54.7786,-339.605
1.51356,0.19321
0.143735,0.371887
0.388615,0.0565271
-72.4968,-384.935
0.401739,0.011675
-2.408,-0.685987
0.790765,1.1e-08
1.62807,0.0733234
1.1e-08,0.431719
1.0691,0.255093
1.57888,1.1e-08
-93.0981,-405.587
-18.5771,-36.3845
-38.1769,-189.875
-38.1789,-131.235
-17.6058,-30.7886
-18.9201,-30.421
-35.166,-85.4057
1.44549,0.0420444
0.563865,1.1e-08
0.0424847,0.0389819
0.784045,0.166633
-37.9457,-154.642
0.532245,1.1e-08
-21.5329,-33.7906
1.41482,0.158532
0,1.1e-08
-30.8132,-107.082
0.375895,0.0978422
-34.5047,-109.392
-58.9291,-396.705
-30.2542,-128.704
-22.3448,-54.1695
0,1.1e-08
-30.8441,-75.5021
-41.0948,-183.819
1.51928,1.1e-08
-19.6396,-40.4985
0.40298,0.156234
0.603888,0.00959714
-10.8348,-5.64697
0.717829,0.0270226
-14.9457,-25.3575
-58.1428,-347.785
0.633739,0.178127
-44.066,-205.433
-69.4982,-435.263
-54.0708,-154.412
0.3227,0.0166986
0.290294,0.247424
1.67789,0.222614
1.33194,0.14991
0.595628,0.136369
-36.2585,-126.2
0.697067,0.044063
-24.7791,-67.9879
-46.2742,-234.974
-67.7275,-392.046
-13.5026,-21.0938
-47.4955,-260.553
0.691126,0.0950227
0.326954,1.1e-08
0.0968545,0.0683751
1.04766,0.0188602
-34.9831,-84.7882
-47.8017,-224.912
-24.2185,-54.1695
-26.2791,-89.4072
-34.5634,-136.297
-1.62212,-0.367499
-19.3931,-44.8349
-3.43196,-1.3475
-38.0842,-164.872
1.16851,0.294476
-30.7677,-102.557
-17.1568,-34.884
1.1e-08,0.0633027
-24.0665,-62.6523
0.000374946,0.459399
-24.1523,-33.7564
-31.6746,-85.416
-18.0243,-39.102
0.208852,0.301047
-20.1203,-41.9195
0.0656351,0.521307
-25.0365,-69.8322
0.888845,0.221683
-24.5509,-77.4041
-74.7764,-270.753
0.273029,0.0334482
-2.06741,-0.514497
1.2949,1.1e-08
1.4811,0.0563185
-61.6455,-381.596
-68.1527,-444.596
-63.1068,-169.071
1.15573,1.1e-08
1.67789,0.0626881
-52.7238,-327.477
0.409522,0.225034
-33.5534,-104.814
1.64195,1.1e-08
-61.1057,-387.832
-58.4192,-335.527
0.155563,1.1e-08
-28.5063,-104.798
-2.6764,-0.882014
-38.6687,-90.2075
0.638666,0.141905
1.1e-08,0.301224
0.14864,0.30964
1.24442,0.00594396
-59.865,-263.749
0.261296,0.260094
-24.9213,-33.4585
-2.8727,-1.10249
-20.772,-30.0216
-62.6654,-369.636
-68.6474,-439.762
-51.1686,-221.603
1.19677,0.0188962
-61.0172,-368.728
-3.87094,-1.61694
0,1.1e-08
0.205614,0.0136871
-19.3986,-30.2412
-34.3367,-155.625
-17.6535,-32.4998
-52.5535,-292.408
-28.1894,-102.556
-24.2482,-34.7764
0.335583,0.327637
1.20225,1.1e-08
0.0957317,0.177955
1.58805,1.1e-08
1.59646,1.1e-08
-64.3054,-440.254
0.051421,1.1e-08
-18.3578,-29.3675
0.240672,1.1e-08
-53.2364,-363.595
-32.8486,-128.695
1.06929,0.113731
0.988764,0.0252408
0.253007,0.0131741
-13.439,-17.2232
0.839224,0.219242
0.685713,1.1e-08
-27.9387,-88.1569
1.35318,1.1e-08
-12.7155,-18.1545
-57.2056,-163.132
-39.1415,-156.726
-20.2621,-33.8686
1.25397,0.151668
1.60887,0.260448
0.533727,1.1e-08
-13.4537,-22.1235
-35.7506,-138.939
1.67789,0.191359
-32.1044,-136.394
1.60316,1.1e-08
0.018034,0.250898
0.885951,1.1e-08
-56.9733,-327.465
-55.97,-288.635
0.558166,0.151735
1.67789,1.1e-08
0.376363,1.1e-08
-29.063,-71.6869
0.0509762,0.0347149
1.08449,0.0413033
0.511384,0.0757496
-28.7755,-82.0946
1.00073,0.149725
-30.6707,-126.199
-69.0744,-356.105
-10.0941,-12.936
-4.9112,-2.55512
1.53941,0.057159
-73.6808,-439.924
1.28856,0.115916
1.4603,0.0847986
0.0040233,0.508779
-41.7319,-255.657
-7.85198,-6.76199
-21.4155,-46.3295
-56.9559,-241.816
-50.9435,-166.253
1.25345,0.00960555
0.493683,0.302535
-41.4661,-231.585
-32.3498,-133.773
-56.2505,-168.432
-59.5289,-394.854
0.00872239,1.1e-08
1.1e-08,0.248063
1.2261,0.0418607
0.199285,1.1e-08
-49.1122,-218.317
-38.1776,-128.698
0,1.1e-08
0.367434,0.197317
0.956201,0.10097
0.478395,1.1e-08
1.67789,0.0459437
0.54956,1.1e-08
-48.4405,-228.246
0.15131,0.0549531
0.864945,0.099558
0.346461,0.0530274
-50.1572,-311.64
-55.6262,-162.906
-56.3734,-403.82
1.1e-08,0.0919329
0.397091,1.1e-08
0.480442,1.1e-08
-12.2683,-15.435
-9.1055,-10.6575
1.47097,0.0167456
-53.3116,-281.162
0.961486,1.1e-08
-70.011,-412.481
-45.7073,-192.937
1.43299,0.00529849
1.60689,0.146801
1.67789,0.339168
1.4096,0.0893683
0.139377,0.0717367
0.341563,0.164076
-21.0848,-55.811
0.208863,1.1e-08
-42.2426,-146.88
-37.3946,-156.175
0.490385,0.0495579
0.65853,0.258938
0.0128657,1.1e-08
1.39131,0.00433024
0.345982,1.1e-08
-24.7325,-78.1103
1.5932,0.0440314
0.55531,0.258617
1.6533,0.127894
1.67789,0.0314037
-40.4624,-144.198
-54.3885,-284.885
-26.4319,-91.7481
0.469257,0.103099
1.67789,1.1e-08
0.907082,0.136575
-67.5013,-394.644
-72.0662,-388.846
-63.632,-339.596
0.569758,0.36885
-12.5145,-21.0953
-54.7214,-270.409
1.29984,1.1e-08
0.161956,0.224917
-47.5568,-288.656
1.4997,-521.739
-47.1289,-300.027
-62.9618,-360.301
-28.3481,-77.2334
-61.4563,-425.968
-32.4378,-114.072
-4.25997,-2.69515
0.166118,0.447254
-6.65572,-4.98425
-14.431,-17.2237
-42.3399,-149.612
-33.047,-123.725
1.52964,1.1e-08
-16.7052,-28.3058
1.36181,0.121225
-40.0185,-87.2037
-48.7312,-327.453
1.66908,0.0853248
1.1295,1.1e-08
-60.0931,-439.323
-65.0225,-412.459
0,1.1e-08
0.537349,0.458948
1.67789,1.1e-08
-64.3028,-270.089
-52.2557,-231.598
-51.1479,-238.385
1.4594,0.0869465
0,1.1e-08
1.17848,1.1e-08
-25.0942,-34.1641
1.51487,0.0112039
0.343782,1.1e-08
0.918589,1.1e-08
0.501539,0.225106
1.67789,1.1e-08
-15.5855,-26.4848
1.67789,0.00357899
-52.2672,-265.945
1.67414,1.1e-08
-54.2777,-444.893
-35.9018,-123.725
0.149348,0.0155987
0.969741,0.18835
-51.2695,-300.027
-49.4246,-255.872
-4.95435,-3.01069
-51.4898,-254.07
-24.8927,-81.5247
1.67789,1.1e-08
0.929375,1.1e-08
-38.0343,-174.93
0.187195,1.1e-08
-10.0522,-5.82329
0.539106,0.112416
-46.1373,-196.025
1.32565,0.0940326
0.378055,1.1e-08
-7.58788,-7.34999
0.957945,0.307045
-54.3106,-311.64
-19.1263,-33.3714
-83.0591,-406.489
1.67789,0.0990137
1.67789,1.1e-08
0.807032,0.5025
1.30192,0.276137
1.1107,0.15122
0.253276,0.104852
-53.7775,-248.748
-22.9314,-59.1672
0.452385,0.215681
-47.4419,-208.617
0.0184375,1.1e-08
-44.5903,-154.604
-81.0294,-273.678
-24.4558,-81.0882
0.861966,1.1e-08
-0.657682,-0.073498
-28.3982,-98.1225
0.73696,0.0445683
-3.33883,-1.10249
-57.4253,-323.473
0.949133,0.377026
0,1.1e-08
0,1.1e-08
0.26875,1.1e-08
0.774233,0.233881
-31.8256,-109.392
1.67753,0.161453
-6.79048,-4.2551
-40.3779,-157.432
0.562443,0.0763851
1.266,0.222299
-57.7195,-315.56
1.21451,0.16464
1.67789,0.226904
-61.3536,-421.561
-1.75117,-0.367499
-65.8885,-378.286
1.67789,0.306266
-16.1578,-27.6177
0.466834,0.0901312
-55.1761,-245.061
-45.272,-163.226
-30.0559,-131.187
0.088659,1.1e-08
0.88858,0.307194
1.23758,1.1e-08
0.0667695,0.409509
0,1.1e-08
1.67789,1.1e-08
-30.4474,-111.72
0.60544,1.1e-08
1.1e-08,0.0424472
0.119869,0.040073
1.64132,0
