1.5544,0.0586414
1.1e-08,0.00281963
-48.3476,-254.963
0.496847,0.0091787
-45.1794,-266.664
-44.3575,-175.519
-39.7429,-95.7896
1.5544,0.0417973
-63.7041,-471.368
1.5544,0.325096
0.797785,0.00954427
-19.3826,-43.365
-58.1103,-177.87
1.50446,1.1e-08
0.223499,0.0775619
-42.1069,-171.399
1.31076,0.0687272
1.41544,0.0542946
-29.6663,-98.979
-58.8265,-273.478
-40.6806,-157.799
0.144415,0.0555559
-74.2013,-415.955
-8.35726,-7.92169
-29.5024,-81.3645
1.41059,0.127061
1.48469,0.219871
-6.79854,-6.52981
1.3619,0.191251
-48.1472,-281.782
0.526798,0.297399
0.822174,1.1e-08
1.1e-08,0.00654834
-24.555,-39.1122
-57.3913,-406.902
1.09183,0.00357435
0.520997,0.0434705
0.835146,0.156598
1.16721,1.1e-08
-18.8237,-30.0125
-5.73792,-3.35931
-46.2743,-241.807
-24.2991,-73.5723
0.957617,1.1e-08
1.1e-08,0.268436
1.5544,0.182197
0,1.1e-08
-20.8455,-57.4769
-17.1497,-25.3575
-2.34175,-0.685999
-0.976031,-0.146999
-12.2963,-16.317
0.612602,0.098637
-44.2026,-95.9222
1.5544,1.1e-08
0.962233,1.1e-08
1.5544,0.192267
-22.5279,-50.96
-29.5377,-116.452
-42.1986,-234.962
-24.5727,-55.811
1.5544,1.1e-08
0.161365,1.1e-08
-5.85367,-4.56947
-28.5351,-73.5738
-50.7908,-287.814
0.176915,0.241156
0.108624,0.0344551
1.26286,0.0115668
-63.9288,-285.71
1.18373,1.1e-08
-62.9855,-343.687
-43.8007,-176.025
-7.2001,-6.20147
1.26283,0.00772588
-9.16039,-10.6575
0.475768,0.182384
-64.8608,-463.609
-54.8048,-177.87
-52.922,-303.864
-52.3842,-266.59
-12.851,-17.2235
1.17504,0.0461958
0.390571,0.0681974
-12.7669,-18.1545
1.5544,0.132211
1.39841,0.0388367
0,1.1e-08
-58.7396,-319.504
-28.9624,-104.811
0.36615,0.0375861
-60.4351,-356.102
-21.3002,-37.0117
1.48837,1.1e-08
-26.3188,-66.1745
-46.7241,-270.15
0.937421,0.0111012
1.24238,0.00566202
1.5544,0.46909
1.5544,0.228796
0.362004,0.176051
-37.8804,-157.808
1.5544,0.0433814
-27.8011,-85.4082
-22.7784,-46.183
1.5544,0.00176247
-11.8915,-7.27788
-53.2902,-360.293
-28.318,-77.4204
-11.0579,-12.152
0.00874387,0.0205317
1.5544,1.1e-08
1.43908,1.1e-08
1.5544,1.1e-08
-41.1983,-189.872
0.862978,0.260411
0.374246,1.1e-08
1.49253,0.0307203
0.729755,0.515305
1.33999,0.0436382
1.21687,1.1e-08
1.06342,1.1e-08
-56.2126,-412.375
0.353686,0.252611
-2.90874,-0.881999
0.998447,0.16421
1.5544,0.0920253
1.52584,1.1e-08
-42.861,-254.757
-46.1794,-177.9
1.13812,0.188322
-11.7537,-18.1545
-17.2447,-26.4845
-10.176,-12.152
0.0288486,1.1e-08
-65.7934,-407.815
0.557196,0.0318696
0.660103,0.12206
-59.5704,-395.994
-50.3568,-285.179
-55.0343,-398.404
1.55049,0.221643
1.48211,1.1e-08
0,1.1e-08
1.5544,0.29814
1.5544,1.1e-08
1.14021,1.1e-08
-27.0186,-38.784
0.286755,1.1e-08
-48.6508,-215.061
-65.437,-453.949
1.5544,0.1032
-11.823,-17.2235
-14.6428,-27.636
1.06861,0.319833
1.10703,0.0748036
1.54043,1.1e-08
-15.811,-23.177
0.680766,0.26537
0.665691,0.0588077
0.829301,1.1e-08
1.10235,1.1e-08
-12.6192,-7.32473
1.5544,0.00688421
-51.5828,-351.942
-20.4872,-40.655
-30.4951,-109.392
-17.2069,-36.0083
-56.7013,-369.457
-41.7562,-99.4469
-51.1187,-248.751
-36.8056,-173.328
-24.017,-75.4834
-66.9578,-420.168
-36.8943,-154.849
-40.3734,-208.617
1.5544,0.07775
1.5544,1.1e-08
-8.68439,-7.31784
1.25618,0.318771
1.5544,0.39091
0.109227,1.1e-08
-22.7328,-64.3861
1.54587,0.116712
0.914531,0.0771138
1.27719,0.0169966
0.830433,0.0506458
-29.4568,-88.5245
-48.771,-266.348
1.1e-08,0.332038
-23.2918,-71.687
-23.6558,-59.1676
-15.7631,-33.7631
0.423526,0.0592744
0.438796,0.191724
0.636975,1.1e-08
0.722283,1.1e-08
-65.5679,-427.556
-24.6287,-64.3859
1.5544,1.1e-08
1.1e-08,0.411719
1.5544,1.1e-08
-23.7284,-54.1696
1.42853,0.0911751
1.47281,0.0504846
-45.5635,-238.367
-34.9173,-116.449
-72.1689,-464.816
-22.6592,-55.811
-12.9192,-22.1234
0.466668,1.1e-08
0.817197,0.00902049
0.478967,1.1e-08
0.213019,1.1e-08
-68.3842,-472.964
-42.9693,-224.91
1.47696,0.0790987
-44.6565,-167.317
-3.49942,-1.61697
1.5544,0.301407
-44.3878,-211.827
-57.7971,-360.3
-36.4268,-144.205
-40.0463,-205.432
1.12742,1.1e-08
1.5544,1.1e-08
0.582475,0.00348255
0.914547,0.0802123
0.752768,0.0427522
-55.7008,-292.524
-72.0535,-394.538
1.5544,0.0563999
-15.1778,-32.4259
-6.74775,-4.62478
-56.8492,-459.049
1.0741,1.1e-08
1.04377,1.1e-08
1.5544,0.345428
-4.55982,-2.93968
0.728005,0.102429
1.04251,0.172979
-8.73756,-7.77189
1.38044,0.0365973
-22.6754,-57.4766
0.990341,1.1e-08
-58.0479,-164.526
0.00242696,1.1e-08
-31.9838,-85.1349
0.325881,0.0537089
-15.1411,-20.09
-5.31555,-3.33263
-53.0801,-389.145
1.5544,1.1e-08
-99.2712,-421.922
-77.4466,-289.874
-46.7382,-279.875
0.713557,1.1e-08
-35.4815,-131.221
-26.657,-91.6607
-32.7577,-131.223
-32.351,-107.089
-41.794,-163.46
-58.4187,-307.744
-55.4735,-179.195
-34.3457,-155.206
-4.91524,-2.94012
-35.7569,-177.736
0.555097,1.1e-08
1.25992,0.180083
0.759617,1.1e-08
1.54244,0.302877
-61.4293,-426.55
0.682563,0.30785
-44.8505,-92.0075
0.654864,1.1e-08
0.0913945,0.238361
-30.4719,-77.4186
1.1e-08,0.15396
0.243185,0.101117
-87.8148,-414.705
-15.9404,-25.3577
-47.1244,-300.037
-52.8557,-259.818
0.239642,1.1e-08
-35.1974,-93.8019
0.796409,0.0448691
0.118891,0.0912053
0.673681,1.1e-08
-70.9961,-389.034
-41.3581,-88.4971
-57.9116,-276.161
-26.6836,-64.386
-6.97121,-5.14501
-18.3543,-31.2374
1.2914,0.0199517
1.16295,0.154368
1.1e-08,0.463146
-18.7871,-32.4832
0.451182,1.1e-08
1.5544,1.1e-08
1.5544,1.1e-08
-67.491,-437.474
0.581734,1.1e-08
-0.340605,-0.0244987
-13.7451,-7.96261
-51.2855,-292.674
1.30946,0.0911171
-65.165,-412.353
1.5544,1.1e-08
-80.5185,-288.541
-9.72808,-7.18762
1.5544,0.00596311
-17.6504,-37.7201
-71.0724,-288.76
1.5544,0.248058
-42.7835,-202.272
-20.4885,-49.392
1.20168,0.305309
-41.3454,-177.892
0.838894,0.0649623
0.000149447,0.773046
1.4645,1.1e-08
-32.5766,-91.6757
-9.33914,-6.62004
0.272793,0.359415
-68.722,-471.745
-31.5722,-104.811
-50.6607,-382.06
-29.0948,-39.5164
0.61783,0.23446
-31.1355,-96.1791
-8.86184,-6.74869
1.38299,0.0946486
-68.2019,-398.104
1.5544,0.0756995
-45.5717,-234.988
-34.7784,-126.199
0.65344,0.0477722
-35.9047,-152.256
-59.4423,-435.264
1.5544,0.387173
0.224206,1.1e-08
-0.647108,-0.0734995
1.5544,1.1e-08
-30.2568,-83.3099
1.5544,0.0527456
1.5544,0.0383731
1.52218,1.1e-08
-5.66567,-3.9095
1.5544,1.1e-08
-4.42798,-2.57249
0.524038,0.222043
0.111871,0.205205
-64.5576,-368.953
0.807658,1.1e-08
-9.89073,-6.83307
-30.5874,-118.85
-31.1052,-123.725
1.26694,1.1e-08
1.19911,0.00106846
1.1e-08,0.0397218
1.29821,0.250648
-19.3136,-46.3293
0.238543,1.1e-08
-58.9916,-449.221
0.310483,0.17227
-73.7069,-472.983
-37.6818,-126.199
1.54312,0.11963
0,1.1e-08
-60.5263,-180.171
1.5544,0.251038
1.39667,1.1e-08
0.0778865,0.335236
1.38864,1.1e-08
-7.25711,-4.6565
-51.6242,-267.267
0.604461,0.182965
-26.6024,-40.7253
0.633012,1.1e-08
-55.624,-351.945
0.488414,0.102055
1.51336,0.434971
-70.9612,-381.514
-46.0309,-93.5618
-29.0878,-88.2927
-44.7025,-252.253
0.357603,1.1e-08
-51.3529,-300.025
-77.6048,-417.211
1.5544,0.0277919
-39.551,-176.78
-29.3902,-94.2268
-49.4029,-258.867
1.1e-08,0.0156483
1.43881,1.1e-08
-47.148,-172.826
1.5544,1.1e-08
-44.1182,-262.969
0,1.1e-08
0.921447,0.277865
0.756099,0.410719
1.06225,0.016779
0.776453,0.170935
1.5544,0
1.50712,0.10902
0.328634,1.1e-08
0.621182,0.131603
-74.5969,-289.837
-32.5801,-100.369
1.50193,1.1e-08
-12.5931,-19.11
0.170531,0.0935979
0.343984,1.1e-08
1.21601,1.1e-08
1.18004,0.0805808
0.0902923,0.287481
-57.5379,-401.508
-34.3206,-164.67
-29.3476,-102.558
-50.3222,-296.205
-67.7641,-444.591
-1.0481,-0.146999
-16.5721,-24.2549
-50.3522,-311.629
-9.35151,-6.7615
1.5544,0.260261
1.41226,1.1e-08
1.5544,0.00826143
1.00775,0.119181
1.5544,0.0238025
-37.8598,-95.962
-62.0355,-381.524
-64.4338,-435.269
1.41613,1.1e-08
1.5544,1.1e-08
-21.0538,-43.365
1.5544,0.162976
0.493232,1.1e-08
1.45259,1.1e-08
0.884694,0.0198614
-52.2039,-335.528
-30.0493,-100.552
0.562898,0.102193
-4.3372,-1.91099
-2.49542,-0.881994
0.347425,0.0694626
-36.6332,-123.725
0.970238,1.1e-08
1.5544,0.122276
1.5544,0.148167
0.529022,1.1e-08
1.5544,0.00836918
-70.4171,-425.635
1.35981,0.0841863
0.649026,0.213937
-14.2893,-28.8106
1.1e-08,0.0930519
1.5544,0.000462584
0.968786,0.302537
-32.199,-98.3033
1.44289,0.0623024
-51.2788,-177.961
0.177209,1.1e-08
-27.4897,-71.687
-3.18768,-1.34751
-22.7992,-37.4281
1.5544,0.087209
-59.7456,-281.01
-60.4221,-368.267
-11.2946,-13.7445
0.943153,1.1e-08
0.0367815,0.0209658
-15.6147,-31.2368
-46.2016,-95.4699
-3.6976,-1.91096
-41.4191,-221.602
-58.1137,-444.659
-38.6161,-146.889
-39.3616,-155.102
-8.01353,-6.04782
-57.1421,-427.445
0.758926,1.1e-08
-25.6213,-59.1675
0.46375,0.0914374
0.0997486,1.1e-08
0.113629,1.1e-08
0.727363,0.178554
0.487688,0.232276
-47.1936,-283.941
-0.327515,-0.0244952
-48.0695,-280.307
-9.33581,-11.3921
1.5544,1.1e-08
0.347824,0.00744212
0.963143,1.1e-08
1.08785,0.0562463
0.0639102,1.1e-08
1.31189,1.1e-08
1.52603,1.1e-08
1.1e-08,0.286913
-48.5223,-252.252
0.0159635,0.180626
-12.1045,-15.435
-4.8886,-3.33456
0.402625,0.272779
-15.4894,-28.8131
-35.9692,-96.1351
0.145837,0.340083
1.43266,0.162817
0.270362,0.0123083
0.436808,0.494765
0.106822,0.140706
-80.844,-416.983
-12.9044,-21.0944
1.23263,0.0274985
-4.47552,-2.22951
-36.3864,-162.549
1.27492,0.101659
1.1e-08,0.311106
1.42876,0.0208295
0.405928,1.1e-08
-20.1554,-32.4883
0.317632,1.1e-08
0.239758,0.256571
1.5544,1.1e-08
-58.1569,-381.806
1.5544,0.281141
1.5544,0.0789371
0,1.1e-08
-60.3544,-327.467
0.860034,1.1e-08
-15.8888,-27.6361
-69.7094,-404.938
1.36213,1.1e-08
1.5544,1.1e-08
-45.5537,-257.297
-20.3698,-37.7184
-27.4029,-93.4118
0.0100726,0.105659
-36.7316,-141.57
0.392986,1.1e-08
1.5544,0.229019
1.5544,0.373727
-40.2378,-192.937
1.16925,1.1e-08
-55.0199,-248.748
0.563112,1.1e-08
-9.06156,-8.06274
-21.8403,-59.1673
-43.4859,-205.433
1.27015,0.217376
0.128815,0.000658807
0.28392,0.130573
1.12816,0.0698454
-47.0015,-292.848
-1.76354,-0.367499
0.48399,0.282695
-26.3345,-79.3778
-77.0769,-469.184
-56.5193,-394.115
-69.8563,-409.214
0.32742,0.0188015
-68.36,-283.958
-48.1596,-211.827
-56.3371,-266.293
-41.3934,-215.06
-73.048,-444.547
1.1e-08,0.21328
0.0749504,1.1e-08
-5.62493,-3.24451
-62.9,-281.086
0.186893,0.055003
1.42593,0.207943
-39.5216,-144.208
1.47175,1.1e-08
1.5544,0.0996969
1.1e-08,0.0385601
-1.63285,-0.367499
-2.10237,-0.514494
1.01208,0.0276119
-32.0947,-126.2
-83.3601,-400.72
-60.2071,-463.185
-37.1681,-121.275
-28.5973,-67.9857
-58.0956,-439.871
1.43335,1.1e-08
0.438561,0.024875
0.148261,1.1e-08
0,1.1e-08
-61.2038,-397.218
-17.19,-34.3436
-56.1314,-323.473
-38.4436,-131.222
-13.012,-20.0891
0.657902,1.1e-08
0.291475,0.0268051
-9.95458,-7.50308
1.5544,0.214278
-53.736,-385.913
-54.8898,-185.773
1.5544,0.453367
-20.0803,-54.1689
-62.1237,-283.889
-62.7167,-360.296
-31.3147,-93.6179
0.9035,1.1e-08
0.502628,0.363878
0.272147,1.1e-08
-36.9783,-138.941
-41.9189,-173.973
0,1.1e-08
0.790241,1.1e-08
-10.3457,-12.936
1.5544,0.0433284
1.5544,0.158327
0.928213,1.1e-08
-43.1495,-231.608
0.223741,0.167653
-46.8479,-231.604
1.26371,0.059737
1.47681,0.0152545
-8.98801,-8.61456
1.54354,0.368997
-58.0449,-385.995
-44.8583,-163.422
1.41154,0.39081
-54.1306,-319.504
0.252938,0.0131458
-41.2067,-170.658
-15.2359,-22.1235
-36.1282,-184.481
0.111812,1.1e-08
-98.0818,-421.041
0.594913,0.0226745
0.525273,1.1e-08
1.5544,0.163095
0.418389,1.1e-08
1.1e-08,0.0722143
-54.2438,-373.102
-52.6063,-277.024
-46.0403,-196.026
1.23319,1.1e-08
0.043121,0.342152
1.5544,0.042909
-60.3566,-453.923
-39.1158,-196.029
1.5544,0.154889
0.644233,0.171947
-60.4311,-421.071
1.0578,0.109233
-15.378,-24.2552
-57.364,-390.458
1.20053,1.1e-08
-55.0427,-364.526
-21.0041,-52.5525
1.51999,0.202071
-43.7113,-192.938
-14.0493,-20.0896
0,1.1e-08
0.373997,0.115049
0.205833,0.0571997
1.28541,1.1e-08
-31.5546,-133.77
0.978601,0.046024
-51.4624,-279.513
1.19881,0.130343
1.5544,0.154926
-13.8349,-18.1545
-45.7645,-168.897
0,1.1e-08
-24.7329,-67.9858
-26.2521,-62.622
1.43321,1.1e-08
1.53447,1.1e-08
0.747125,1.1e-08
-44.7266,-189.877
-64.9349,-394.037
1.50566,1.1e-08
-52.5968,-174.906
-65.4757,-407.595
-2.52547,-0.685999
1.1e-08,0.00793135
-43.4068,-183.538
0,1.1e-08
-2.69872,-0.881996
-27.5102,-87.3709
-40.2404,-149.573
-38.815,-152.299
-47.2169,-289.533
-53.0458,-238.386
0,1.1e-08
-30.6794,-91.6389
-12.0637,-20.0914
0.12369,0.363317
-63.7318,-347.75
0.0652365,0.0161603
-21.8059,-60.8825
-49.3857,-177.753
0,1.1e-08
1.5544,0.0363712
1.38859,0.222254
-8.35609,-6.80636
-29.1729,-39.9367
1.5544,1.1e-08
-56.5961,-335.527
-65.5861,-391.555
-43.1483,-165.926
-46.4516,-202.272
1.5544,1.1e-08
0.573346,0.371876
0.755792,0.0308439
-38.615,-177.937
0.822089,0.102584
0.437815,0.282625
-40.7131,-160.5
1.5544,0.293416
-6.79306,-4.16889
-18.1216,-34.217
0,1.1e-08
1.5544,0.142002
-11.2213,-12.936
-45.7958,-259.539
-31.5495,-40.4985
-54.0638,-339.595
-54.4838,-272.884
0.337678,1.1e-08
0.195509,0.288908
-35.1628,-157.805
-50.5115,-98.0948
1.54712,0.152201
0.0913614,0.0213487
-32.2515,-114.074
0.0692488,1.1e-08
-27.5676,-69.8227
-45.0939,-221.603
-58.2384,-177.009
0.576686,0.182223
-32.9254,-128.698
1.33102,1.1e-08
0.880023,1.1e-08
-38.5085,-128.699
0.365635,0.0847198
0.77972,0.0096498
1.5544,0.123536
-37.6932,-167.754
-76.0436,-287.03
0.723717,0.134689
1.35604,0.0219788
-6.74221,-5.65753
1.5544,0.343985
-62.5979,-477.782
-75.275,-285.953
-74.3208,-464.254
0.275092,0.313264
1.45397,0.43742
-15.9319,-26.4845
-70.5023,-417.304
-61.5206,-392.806
-48.8171,-173.057
-30.1646,-41.3862
-51.5816,-323.473
-17.9672,-36.1689
-5.86751,-4.20724
0.518477,0.181219
0.14135,0.145729
-40.5138,-199.136
1.15324,1.1e-08
0.298334,0.273742
0.748293,1.1e-08
-54.3933,-277.129
-10.3859,-14.5775
-97.1781,-418.757
1.5544,0.00524646
-13.8959,-21.0947
-49.9014,-245.268
1.5544,0.0534186
-26.5781,-67.9902
0.16507,0.0687351
-34.6904,-136.342
1.22294,0.0496764
-49.994,-271.951
-62.2775,-373.042
1.24953,1.1e-08
-66.0798,-373.012
1.5544,0.313936
-5.66867,-2.94006
-44.9862,-155.037
1.03747,0.022502
-19.1515,-38.4688
0.188769,1.1e-08
-16.7559,-28.8135
0.0437938,0.0705534
-28.3984,-79.3811
1.5544,0.577838
-47.7535,-262.851
0.0670054,0.187593
-19.7091,-47.8485
0.836356,1.1e-08
-34.7513,-91.6457
1.1e-08,0.0417482
1.04802,0.0167655
-7.16107,-6.81312
-57.4001,-407.332
-73.0607,-398.944
0.805484,0.196014
-9.98071,-10.6575
-22.9586,-67.9924
-61.8479,-430.794
1.47963,0.263002
0.307619,1.1e-08
1.5544,1.1e-08
0.11061,0.0730971
0.133913,1.1e-08
-60.5574,-402.319
-33.7795,-97.1628
-37.8031,-160.718
1.5544,1.1e-08
1.5544,1.1e-08
-28.3435,-75.4845
0.238694,0.0530938
1.32638,0.160038
-54.5391,-331.485
-74.379,-284.672
-73.6351,-449.232
1.5544,0.130855
0.999058,1.1e-08
0.0699432,0.0709727
0.690206,0.128087
-17.2231,-27.636
-17.1782,-33.759
1.52778,0.0179406
-28.473,-40.3428
0.11027,1.1e-08
1.14265,0.303201
0.794555,1.1e-08
1.5544,1.1e-08
1.5544,1.1e-08
1.13321,0.0153262
1.5544,1.1e-08
-38.9411,-171.552
-42.7785,-186.837
1.30704,0.0113929
-46.1902,-245.281
0.0816375,0.0719252
-24.3608,-79.3807
-94.2257,-416.944
-41.8051,-152.316
-24.2167,-62.622
0.404677,1.1e-08
0.818357,0.254937
-58.6715,-288.638
-43.8726,-208.618
-16.3543,-32.5624
1.1e-08,0.00606433
-7.78529,-6.97719
0.621114,0.0538514
-21.8455,-54.1694
1.5544,1.1e-08
-10.969,-11.3924
-95.065,-415.968
1.06965,1.1e-08
-59.642,-168.418
-52.0836,-394.309
-59.419,-377.29
-20.9056,-55.8112
-18.3085,-42.0147
1.45824,1.1e-08
0.859828,0.021459
-49.4911,-174.949
-14.5904,-23.1771
-33.0901,-152.17
-42.8574,-241.826
1.5544,1.1e-08
-13.4605,-23.1768
0.825989,1.1e-08
-68.3439,-449.229
-83.8732,-416.973
1.5544,1.1e-08
-64.1995,-364.516
1.48868,1.1e-08
1.09112,1.1e-08
1.21686,0.0109491
0,1.1e-08
-50.8826,-347.89
-11.2746,-7.35792
-17.7861,-43.3647
0.0279108,1.1e-08
-51.3651,-262.926
1.46668,0.133352
1.5544,0.00370235
0.719775,0.0578912
-7.31873,-5.66172
0.16606,1.1e-08
-68.865,-180.774
-37.2587,-174.169
-10.2938,-7.33514
0.128079,0.0302136
-28.422,-83.4975
-40.8986,-97.0509
1.53646,1.1e-08
-25.0229,-81.3639
1.5544,0.188535
0,1.1e-08
-50.4998,-281.701
0.292165,0.00192606
-21.5957,-37.6579
0.481276,1.1e-08
0.610191,1.1e-08
0.221221,1.1e-08
-54.7852,-255.79
0.430414,1.1e-08
-41.8576,-218.319
-12.2441,-14.5775
0.675246,1.1e-08
-77.5117,-409.509
0.378063,1.1e-08
1.2733,1.1e-08
0,1.1e-08
-35.5741,-128.698
-41.9812,-228.24
-48.9452,-234.979
0.688588,0.189867
-42.0953,-238.404
1.5544,1.1e-08
-24.611,-57.4772
-34.1952,-149.573
0.0051416,1.1e-08
-57.1958,-315.56
-66.4127,-281.149
1.5544,0.068244
1.5544,0.196887
-68.4786,-284.863
0.0499404,1.1e-08
1.1e-08,0.221764
1.00824,1.1e-08
0.85026,0.0263587
-66.2669,-381.946
1.15482,0.114516
-61.3585,-335.527
1.5544,1.1e-08
-41.6784,-146.878
-34.5825,-89.4133
-17.4838,-30.0125
0.877048,0.361627
1.5544,0.00586693
1.21798,0.19846
0.412451,0.157506
-34.316,-121.275
0,1.1e-08
-61.3078,-182.24
-58.6766,-468.38
1.5544,0.25296
-67.5853,-439.886
0.175751,0.0165396
-50.7847,-364.516
-15.1032,-30.0122
-10.1256,-11.3928
0.259649,0.194457
1.0387,0.0602433
-6.46076,-5.14492
-63.5528,-449.241
0.148357,0.188004
-11.1217,-15.435
1.5544,0.175417
0.913439,0.150996
-26.3288,-73.5731
-24.4805,-77.4211
-33.1576,-109.392
-24.3156,-37.5667
0,1.1e-08
1.25256,1.1e-08
0.0853772,1.1e-08
1.54796,1.1e-08
-49.8956,-319.504
-37.8246,-189.866
-31.4444,-86.4255
-57.3205,-430.472
-4.08022,-1.617
-63.4522,-473.714
0.485078,0.0374464
-44.279,-87.5202
-12.085,-6.10803
0.950112,0.100165
-61.2998,-408.436
-13.1463,-24.2549
-31.8848,-102.557
1.51524,0.0576959
1.5544,0.072327
1.5544,0.245922
-7.5307,-5.14509
1.5544,0.362337
-8.26075,-8.59963
-76.4734,-413.811
0.259089,0.150874
-27.1811,-81.3646
-45.5562,-228.242
-46.6878,-224.91
0.259561,0.050449
-58.4548,-474.608
0.187929,0.183265
-26.6301,-83.2415
0.370587,0.00282948
0.392658,0.0141624
-11.2852,-14.5775
-29.4456,-40.0086
1.5544,0.349048
1.5544,0.127736
-27.5297,-90.6322
-22.2556,-66.1746
1.5544,0.0462938
-74.1076,-272.361
1.5544,1.1e-08
-44.8804,-215.061
-32.2273,-89.5094
0.673519,0.0772241
-42.9989,-181.119
0,1.1e-08
-51.9921,-356.097
-7.75797,-6.16198
-39.7281,-231.592
-55.0627,-347.543
0,1.1e-08
1.47015,1.1e-08
0.769221,0.265902
-50.0847,-331.485
1.37801,0.149995
-64.4609,-351.942
1.10098,0.108811
1.5544,1.1e-08
-49.2441,-218.319
1.14429,0.018568
1.3324,0.0496411
0,1.1e-08
-54.5599,-288.976
1.5544,0.208023
-57.5258,-418.964
-23.4193,-69.7689
-67.254,-385.952
-88.4193,-416.866
1.29415,1.1e-08
-44.1969,-248.754
-56.6942,-281.562
-53.7185,-241.813
-54.814,-311.625
-44.9567,-178.419
-13.3145,-16.317
0.856447,1.1e-08
0.506373,0.0750373
-43.2856,-99.6125
-37.954,-165.233
0.908225,0.00955932
1.5544,0.0711423
-22.2711,-49.392
0.694841,1.1e-08
-49.6932,-307.745
-72.815,-439.899
1.10957,0.150988
0.314331,0.479116
0.424365,1.1e-08
-51.4316,-255.954
0.327244,0.137785
-3.71318,-1.3475
-19.2436,-36.6709
-18.0512,-28.8114
-66.3839,-461.079
-8.4646,-9.26099
1.51755,0.258942
1.51857,1.1e-08
-14.2326,-24.2547
-24.7273,-83.4212
1.37115,1.1e-08
-43.6935,-98.1131
-9.64594,-9.94699
-16.749,-36.8114
-10.7364,-7.34325
1.1e-08,0.181564
-54.6982,-377.308
1.5544,0.0876345
-52.9152,-368.327
-44.0891,-199.136
0.536947,1.1e-08
0.904162,1.1e-08
-59.2861,-348.002
0.782809,1.1e-08
-58.4115,-372.921
-49.4511,-228.242
0.73258,1.1e-08
1.189,0.0289623
-82.9002,-420.576
-35.0291,-160.519
-40.9537,-211.827
-40.5276,-183.889
-33.8775,-141.527
-69.3262,-368.699
-55.1542,-181.62
-33.4361,-87.7883
-25.3314,-71.6869
-69.8487,-435.267
0.032585,1.1e-08
-67.6936,-420.84
0.313273,1.1e-08
-52.8992,-284.832
-73.3786,-285.981
-72.7477,-411.946
-39.0476,-163.429
-65.9685,-401.149
1.5544,0.133104
0.210054,0.220528
1.5544,0.39796
1.1e-08,0.125746
1.5544,1.1e-08
-21.0439,-44.835
-28.7253,-91.6512
0.0054058,0.288181
-2.16375,-0.685991
-62.8186,-424.068
1.09357,1.1e-08
-71.5692,-394.14
1.13711,1.1e-08
0.289525,0.0311451
0.875418,0.213086
1.16651,0.0188844
-56.0983,-356.119
1.04534,0.227757
0.0673873,0.14733
0.404693,0.0609184
-74.1358,-402.503
0.377171,0.144687
-3.78219,-1.61698
1.00026,0.0756634
1.5544,1.1e-08
1.1e-08,0.0758208
1.5544,0.203947
1.5544,0.000401108
-95.1583,-423.615
-19.9538,-41.9216
-39.4081,-202.272
-39.6628,-141.574
-19.0425,-35.8985
-20.4342,-35.4996
-36.8612,-93.7847
1.5544,0.0322179
0.597418,0.0667891
1.1e-08,0.0617033
0.586261,1.1e-08
-39.2928,-165.842
0.893488,0.0205677
-23.1895,-39.1339
1.24936,0.139515
0,1.1e-08
-32.1384,-116.441
0.292906,0.0760418
-35.9736,-118.849
-60.2387,-414.537
-31.4397,-138.945
-23.6989,-60.8825
0.0600962,1.1e-08
-32.4271,-83.392
-42.442,-196.019
1.53739,0.0217292
-21.0185,-46.3295
0.739992,0.216733
0.88094,0.177188
-12.8984,-7.94747
0.895109,1.1e-08
-16.2735,-30.0125
-59.5273,-364.493
0.765226,0.0902923
-45.4323,-218.32
-70.9772,-453.932
-55.9241,-165.628
0.360678,1.1e-08
0.455508,0.0634548
1.5544,0.306244
1.35551,1.1e-08
0.423238,0.108695
-37.6952,-136.343
1.01451,1.1e-08
-26.1184,-75.4849
-47.6153,-248.743
-69.234,-409.772
-14.8191,-25.3567
-48.7965,-275.041
0.463627,1.1e-08
0.00433184,1.1e-08
0.570266,0.029533
1.3111,1.1e-08
-36.6522,-93.1368
-49.2182,-238.387
-25.6875,-60.8825
-27.5151,-97.9759
-35.8797,-146.83
-2.914,-1.1025
-20.6856,-50.9599
-4.80808,-2.5725
-39.4088,-176.439
1.3304,0.331086
-32.1205,-111.72
-18.4765,-40.3114
1.1e-08,0.0354704
-25.4222,-69.857
0.023626,0.139011
-26.0103,-39.097
-33.2014,-93.7955
-19.3113,-44.835
0.317639,0.216885
-21.5084,-47.8485
0.183982,0.373443
-26.3714,-77.4276
0.960056,0.159375
-25.7932,-85.3903
-76.787,-285.52
0.428588,1.1e-08
-3.44337,-1.34749
1.48702,1.1e-08
1.32487,1.1e-08
-63.0448,-399.086
-69.5878,-463.462
-65.2641,-180.781
0.981956,1.1e-08
1.5544,1.1e-08
-54.0174,-343.697
0.535843,0.077296
-35.013,-114.075
1.46837,0.098965
-62.4863,-405.465
-59.8354,-351.942
0.269834,1.1e-08
-29.7451,-114.058
-4.014,-1.91102
-40.495,-98.8202
0.704102,1.1e-08
0,1.1e-08
0.152532,0.0348267
1.30024,0.141697
-61.5058,-278.325
0.413134,0.223387
-26.821,-38.7713
-4.14308,-2.22948
-22.4696,-35.0693
-64.106,-386.855
-70.1004,-458.526
-52.6965,-234.98
1.4945,0.0730697
-62.428,-385.927
-5.27881,-2.93992
0.453071,0.098285
0.0266016,0.0798027
-20.982,-35.3073
-35.5621,-166.868
-19.0378,-37.7438
-53.9185,-307.745
-29.4282,-111.719
-26.0859,-40.1988
0.436603,0.358212
1.5544,0.170991
0.193271,0.00877864
1.5544,1.1e-08
1.5544,0.0364973
-65.6663,-459.029
0.22507,0.0290361
-19.8559,-34.361
0.699596,0.0107583
-54.474,-380.675
-34.1365,-138.935
1.40004,1.1e-08
1.14419,0.221404
0.527407,1.1e-08
-14.8918,-21.0942
1.2116,1.1e-08
0.939904,0.232078
-29.2689,-96.6668
1.5544,0.021134
-14.0538,-22.1235
-59.1645,-174.642
-40.5262,-168.008
-21.8208,-39.2181
1.31245,1.1e-08
1.2901,0.293159
0.553936,0.0560826
-14.7337,-26.4845
-37.0996,-149.572
1.52826,0.176294
-33.3267,-146.931
1.36471,1.1e-08
0.0691714,1.1e-08
1.23386,1.1e-08
-58.3715,-343.684
-57.4336,-303.874
0.537295,0.12834
1.5544,1.1e-08
0.613074,1.1e-08
-30.5941,-79.3799
0.0123487,1.1e-08
1.5544,1.1e-08
0.503955,1.1e-08
-30.1962,-90.3142
0.609696,1.1e-08
-31.8848,-136.342
-70.7002,-373.01
-11.3547,-16.317
-6.31485,-4.16664
1.02514,1.1e-08
-75.2409,-458.692
1.5544,0.228924
1.5544,0.0742669
0.178356,0.130623
-42.8902,-270.01
-9.2189,-9.26099
-22.8204,-52.5525
-58.5844,-255.781
-52.7009,-177.866
1.46806,0.180006
0.777073,0.32785
-42.6761,-245.256
-33.5936,-144.21
-58.1767,-180.12
-60.8591,-412.644
0,1.1e-08
0.0425549,0.00052593
1.5544,0.116873
0.0796751,1.1e-08
-50.5904,-231.595
-39.6756,-138.939
-1.31268,-0.245
0.0706809,0.107828
1.46994,0.0240503
0.666249,0.00758849
1.5544,0.0015631
0.958514,0.0306071
-49.8653,-241.82
0,1.1e-08
0.710662,0.0482608
0.338232,1.1e-08
-51.4188,-327.467
-57.5312,-174.406
-57.6189,-421.809
1.1e-08,0.029689
0.455939,0.0387624
0.728722,0.0130142
-13.6714,-19.11
-10.3604,-13.7445
0.97069,0.0164653
-54.724,-296.205
1.29926,0.0287223
-71.5417,-430.66
-47.1704,-205.432
1.5544,0.0528032
1.5544,0.254721
1.50138,0.324802
1.5544,0.111838
0.363864,0.212036
0.493333,0.132297
-22.3428,-62.622
0.275384,1.1e-08
-43.7936,-157.807
-38.7156,-167.442
0.452374,1.1e-08
0.637092,0.330365
0.225871,1.1e-08
1.5544,0.111135
0.301572,1.1e-08
-25.9683,-86.1323
1.36101,0.119631
0.553248,0.164042
1.5544,1.1e-08
1.5544,1.1e-08
-41.9612,-155.027
-55.8203,-300.026
-27.6608,-100.426
0.924997,1.1e-08
1.5544,0.281222
1.11337,0.0183622
-69.0097,-412.43
-73.6859,-406.503
-65.166,-356.109
0.786241,0.129764
-13.7338,-25.3584
-56.2003,-285.166
1.5544,0.0735762
0.309545,0.104217
-48.7998,-303.896
1.49969,-542.198
-48.3369,-315.56
-64.435,-377.304
-29.7834,-85.2104
-62.7777,-444.439
-33.7893,-123.725
-5.47231,-4.34837
0.280244,0.230535
-7.98568,-7.15554
-15.9932,-21.0947
-43.8805,-160.638
-34.3688,-133.77
1.54115,0.0785784
-18.0927,-33.2052
1.5544,0.194376
-41.9243,-95.6681
-49.9265,-343.671
1.35878,1.1e-08
1.51281,0.0137985
-61.3646,-458.078
-66.4438,-430.638
1.1e-08,0.24539
0.6425,0.38555
1.5544,1.1e-08
-66.0414,-284.836
-53.7823,-245.269
-52.6202,-252.252
0.988857,0.0145753
0,1.1e-08
1.4613,0.0211841
-27.0145,-39.5446
1.22562,0.361034
0.249725,1.1e-08
1.22832,0.108383
0.539062,1.1e-08
1.5544,0.0699706
-16.9405,-31.2378
1.5544,0.41091
-53.6893,-280.58
1.5544,1.1e-08
-55.4196,-463.765
-37.3387,-133.77
0.187863,1.1e-08
1.08266,0.180763
-52.584,-315.56
-50.7978,-270.232
-6.27262,-4.74599
-52.9187,-268.377
-26.1367,-89.7176
1.5544,1.1e-08
0.87769,0.124011
-39.3125,-186.837
0.139682,1.1e-08
-11.9848,-8.16241
0.520419,0.0346407
-47.6026,-208.618
1.5544,1.1e-08
0.617239,0.0269075
-8.85138,-9.94699
0.921683,0.338953
-55.6768,-327.467
-20.5975,-38.6822
-84.8961,-424.537
1.54012,0.0594535
1.5544,0.0411813
1.09881,0.289243
1.49851,0.150939
1.33946,0.242412
0.563617,1.1e-08
-55.293,-262.909
-24.2607,-66.1742
0.475843,1.1e-08
-48.9023,-221.602
0.0987613,1.1e-08
-46.1839,-165.809
-83.2054,-288.522
-25.6626,-89.2573
1.18574,1.1e-08
-1.95377,-0.514494
-29.6743,-107.089
1.00554,0.010542
-4.83086,-2.22949
-58.8434,-339.594
1.03983,0.0658273
0,1.1e-08
-0.693317,-0.0734995
0.218592,0.127969
0.877801,0.0826437
-33.1798,-118.849
1.35471,1.1e-08
-8.2965,-6.29368
-41.8017,-168.735
0.858489,1.1e-08
1.51899,0.0490759
-59.1628,-331.485
1.18202,0.215278
1.44472,0.278617
-62.6799,-439.937
-3.15793,-1.1025
-67.3949,-395.703
1.5544,0.456259
-17.5326,-32.4671
0.622812,0.0183345
-56.7419,-259.118
-46.8467,-174.735
-31.2221,-141.524
0.291046,1.1e-08
1.04394,1.1e-08
0.940138,0.0432955
0.22589,0.348955
-1.41292,-0.244999
1.5544,1.1e-08
-31.7288,-121.275
0.445721,0.147357
0,1.1e-08
0.0480708,0.238482
1.53398,0
