1.53398,0.0576363
0,1.1e-08
-48.6833,-258.51
0.536738,0.0604956
-45.4866,-270.291
-44.7302,-178.464
-40.1945,-97.9683
1.53398,0.0797516
-64.0308,-476.186
1.53398,0.342633
0.746258,0.0798089
-19.711,-44.835
-58.5946,-180.834
1.53398,1.1e-08
0.187991,0.0478614
-42.4637,-174.309
1.2476,0.0860668
1.48522,1.1e-08
-29.9996,-101.194
-59.2214,-277.151
-41.0407,-160.592
0.0145214,0.0558727
-74.6046,-420.482
-8.69136,-8.55732
-29.8668,-83.3736
1.3913,0.175191
1.53398,0.173306
-7.10704,-7.10863
1.36659,0.123389
-48.4684,-285.511
0.525116,0.27684
0.859114,1.1e-08
1.1e-08,0.0220637
-24.9935,-40.5089
-57.7083,-411.379
1.0101,1.1e-08
0.580649,1.1e-08
0.827699,0.0509252
1.36827,1.1e-08
-19.2084,-31.2375
-6.09655,-3.78037
-46.6047,-245.261
-24.6145,-75.4832
1.02979,1.1e-08
1.1e-08,0.164498
1.53398,0.206976
0,1.1e-08
-21.1518,-59.1674
-17.5314,-26.4845
-2.67588,-0.881999
-1.299,-0.244999
-12.6377,-17.2235
0.530526,0.00805954
-44.7049,-98.1025
1.53398,1.1e-08
0.978417,1.1e-08
1.53398,0.137358
-22.88,-52.5525
-29.842,-118.853
-42.5043,-238.368
-24.9396,-57.477
1.53398,0.0154514
0.218661,0.0050495
-6.16081,-5.05478
-28.9059,-75.4848
-51.1227,-291.582
0.118911,0.213646
0.135119,1.1e-08
1.2739,0.112788
-64.3496,-289.464
1.23995,0.0462466
-63.3628,-347.803
-44.1718,-178.975
-7.52684,-6.76497
1.24251,1.1e-08
-9.47602,-11.3925
0.490838,0.154937
-65.1951,-468.387
-55.2616,-180.835
-53.259,-307.735
-52.7406,-270.216
-13.1986,-18.1545
1.14166,0.0470114
0.473296,0.0898757
-13.1028,-19.11
1.53398,0.0959169
1.36481,0.0606008
0,1.1e-08
-59.1045,-323.473
-29.2771,-107.089
0.40583,1.1e-08
-60.7906,-360.291
-21.6949,-38.371
1.40185,0.0163131
-26.6796,-67.9875
-47.0398,-273.801
0.896491,0.069173
1.32616,0.0850686
1.53398,0.477266
1.53398,0.32916
0.349637,0.12209
-38.2156,-160.601
1.53398,1.1e-08
-28.1359,-87.4662
-23.1862,-47.7076
1.50277,1.1e-08
-12.387,-7.88725
-53.6018,-364.507
-28.6765,-79.3804
-11.4148,-12.936
0.0122673,1.1e-08
1.53398,0.00385609
1.41824,0.0325222
1.53398,1.1e-08
-41.5305,-192.934
0.89093,0.20257
0.333985,1.1e-08
1.40739,0.0300132
0.736135,0.561579
1.30456,0.0681529
1.18934,1.1e-08
1.12091,1.1e-08
-56.5197,-416.882
0.368172,0.222884
-3.27456,-1.1025
1.02727,0.212491
1.53398,1.1e-08
1.44903,0.0648837
-43.1584,-258.302
-46.5643,-180.864
1.07863,0.165116
-12.0627,-19.11
-17.62,-27.636
-10.504,-12.936
0.0283864,1.1e-08
-66.1549,-412.297
0.537955,1.1e-08
0.661075,0.0852472
-59.903,-400.412
-50.688,-288.929
-55.3401,-402.835
1.53398,0.240314
1.53398,1.1e-08
0,1.1e-08
1.53398,0.299629
1.53398,0.00337799
0.996766,0.000109062
-27.494,-40.1764
0.408863,0.0221646
-49.0194,-218.319
-65.7778,-458.678
1.53398,1.1e-08
-12.1423,-18.1545
-14.9541,-28.812
0.98854,0.311827
1.13075,0.119253
1.47818,1.1e-08
-16.1791,-24.255
0.64433,0.229427
0.68414,0.110363
0.877619,1.1e-08
1.15269,1.1e-08
-13.1453,-7.93613
1.53398,1.1e-08
-51.8879,-356.107
-20.8466,-42.0787
-30.8194,-111.72
-17.5315,-37.3493
-57.0289,-373.724
-42.2262,-101.668
-51.4787,-252.254
-37.1149,-176.254
-24.3247,-77.4189
-67.3198,-424.718
-37.2236,-157.616
-40.6838,-211.827
1.53398,0.0240976
1.53398,0.0294994
-9.04561,-7.9289
1.30758,0.327981
1.53398,0.361206
0.149102,1.1e-08
-23.0484,-66.1746
1.48535,0.169223
1.01435,0.149441
1.22296,1.1e-08
0.764767,0.0502877
-29.8059,-90.62
-49.1027,-269.973
1.1e-08,0.353186
-23.5981,-73.5735
-23.9986,-60.8826
-16.0659,-35.0616
0.394275,0.0791742
0.440894,0.189985
0.629869,1.1e-08
0.754268,0.0213885
-65.9204,-432.146
-24.9707,-66.1744
1.53398,1.1e-08
0.000513804,0.383906
1.53398,1.1e-08
-24.0882,-55.8111
1.46913,0.0589486
1.45646,1.1e-08
-45.8912,-241.797
-35.2774,-118.85
-72.5391,-469.6
-22.9973,-57.477
-13.2263,-23.1769
0.474977,1.1e-08
0.848583,0.0384203
0.51164,1.1e-08
0.213281,1.1e-08
-68.7332,-477.79
-43.2875,-228.242
1.43765,0.0465288
-45.0289,-170.196
-3.81639,-1.91096
1.53398,0.273376
-44.7266,-215.061
-58.135,-364.514
-36.764,-146.875
-40.3566,-208.617
1.17128,1.1e-08
1.53398,0.0359599
0.650591,1.1e-08
1.00891,0.0640947
0.637893,0.0672004
-56.0627,-296.322
-72.4527,-398.95
1.53398,0.0864889
-15.4748,-33.6987
-7.103,-5.11308
-57.1436,-463.804
1.13665,1.1e-08
1.10819,0.00586622
1.53398,0.355386
-4.86286,-3.33166
0.809778,0.0880204
1.13832,0.247312
-9.10347,-8.40243
1.41466,1.1e-08
-23.0088,-59.1671
1.0636,1.1e-08
-58.5283,-167.385
0,1.1e-08
-32.3693,-87.1895
0.250236,0.0280127
-15.5204,-21.0945
-5.64771,-3.74917
-53.3781,-393.524
1.53398,1.1e-08
-99.808,-426.481
-77.9532,-293.655
-47.0498,-283.591
0.69582,0.0390729
-35.8259,-133.769
-26.9667,-93.7923
-33.0756,-133.771
-32.6989,-109.392
-42.1575,-166.302
-58.7886,-311.64
-55.933,-182.17
-34.6521,-157.976
-5.24246,-3.33213
-36.0547,-180.699
0.59358,1.1e-08
1.24922,0.13257
0.779622,0.000786241
1.50212,0.283851
-61.7596,-431.134
0.706051,0.315099
-45.3549,-94.1455
0.64764,1.1e-08
0.0599219,0.206877
-30.8579,-79.3786
1.1e-08,0.0667023
0.306093,0.0465723
-88.29,-419.225
-16.2947,-26.4847
-47.4263,-303.883
-53.2203,-263.398
0.266347,0.0275165
-35.6021,-95.9581
0.769268,1.1e-08
0.141292,0.097898
0.674509,0.02767
-71.3951,-393.413
-41.8236,-90.5974
-58.2977,-279.852
-27.0544,-66.1745
-7.31954,-5.65951
-18.7217,-32.4869
1.35933,0.0153076
1.16649,0.137783
1.10328e-08,0.502418
-19.1557,-33.7571
0.424063,1.1e-08
1.53398,1.1e-08
1.53398,0.00938178
-67.8581,-442.12
0.472751,0.0241797
-0.688336,-0.0734993
-14.2949,-8.59961
-51.6185,-296.473
1.34073,0.0929059
-65.5211,-416.86
1.53398,0.0421583
-81.0451,-292.314
-10.135,-7.79275
1.53398,0.0989901
-17.9711,-39.0919
-71.5374,-292.534
1.53398,0.231982
-43.1177,-205.432
-20.8136,-50.96
1.32019,0.231544
-41.69,-180.857
0.930589,0.0740316
0.000179334,0.747613
1.53398,0.0776636
-32.9555,-93.8075
-9.73132,-7.2017
0.193146,0.356898
-69.0743,-476.565
-31.9154,-107.089
-50.9484,-386.399
-29.6143,-40.921
0.642732,0.171842
-31.4891,-98.3623
-9.2474,-7.33607
1.42609,0.157977
-68.5809,-402.533
1.53398,0.0425763
-45.9019,-238.394
-35.1227,-128.698
0.687979,0.0254848
-36.2281,-155
-59.7584,-439.895
1.53398,0.409323
0.348941,1.1e-08
-0.967634,-0.146999
1.53398,1.1e-08
-30.6259,-85.3426
1.53398,1.1e-08
1.53398,0.0210761
1.40068,1.1e-08
-5.99894,-4.35998
1.53398,1.1e-08
-4.74367,-2.93999
0.552217,0.200331
0.169772,0.21284
-64.9308,-373.218
0.731378,0.0109893
-10.3208,-7.42555
-30.8994,-121.275
-31.4161,-126.199
1.29378,1.1e-08
1.37785,0.0212886
1.1e-08,0.0536252
1.24604,0.218806
-19.6301,-47.8483
0.244595,1.1e-08
-59.3004,-453.925
0.289677,0.175407
-74.0831,-477.809
-38.0551,-128.698
1.53398,0.0400305
0,1.1e-08
-61.0269,-183.155
1.53398,0.31009
1.44256,1.1e-08
0.109016,0.336291
1.35041,1.1e-08
-7.64048,-5.14659
-51.9707,-270.898
0.647388,0.134186
-27.0716,-42.1503
0.613529,1.1e-08
-55.9531,-356.11
0.441921,0.0889221
1.46837,0.370399
-71.3647,-385.85
-46.5484,-95.7161
-29.4316,-90.3846
-45.015,-255.781
0.443141,0.0275157
-51.6821,-303.871
-78.0267,-421.745
1.53398,1.1e-08
-39.8862,-179.736
-29.728,-96.3879
-49.7436,-262.441
0,1.1e-08
1.38316,1.1e-08
-47.5477,-175.748
1.53398,1.1e-08
-44.4203,-266.571
-0.319249,-0.0244998
0.947768,0.247033
0.845763,0.399462
1.05214,1.1e-08
0.798871,0.141696
1.53398,1.1e-08
1.41106,0.0822697
0.171726,1.1e-08
0.541355,0.0813376
-75.085,-293.618
-32.9422,-102.599
1.43347,1.1e-08
-12.9157,-20.09
0.194031,1.1e-08
0.378666,1.1e-08
1.25335,1.1e-08
1.26383,0.0421101
0.0942285,0.245328
-57.8575,-405.956
-34.6189,-167.523
-29.67,-104.812
-50.6469,-300.027
-68.1208,-449.271
-1.39984,-0.244999
-16.9494,-25.3574
-50.6689,-315.549
-9.75832,-7.34948
1.53398,0.269234
1.49883,0.0565707
1.53398,0.105985
1.06106,0.0776713
1.53398,0.00640715
-38.2901,-98.1427
-62.3879,-385.86
-64.7766,-439.9
1.41786,1.1e-08
1.53398,1.1e-08
-21.411,-44.835
1.53398,0.196407
0.565354,0.0035165
1.38231,0.00115162
0.925112,0.00504899
-52.5202,-339.595
-30.3831,-102.784
0.567738,0.0446902
-4.70004,-2.22949
-2.80544,-1.10249
0.338933,0.061902
-36.9997,-126.199
0.961626,1.1e-08
1.53398,0.146842
1.53398,0.176674
0.615671,0.018551
1.53398,1.1e-08
-70.7957,-430.214
1.48642,0.0889772
0.679787,0.177884
-14.5864,-30.0111
0.012127,0.0986553
1.53398,1.1e-08
0.937233,0.305607
-32.561,-100.51
1.39368,1.1e-08
-51.7064,-180.927
0.154445,0.0359768
-27.8516,-73.5735
-3.50529,-1.61701
-23.2138,-38.7942
1.53398,0.00211076
-60.1413,-284.733
-60.7713,-372.527
-11.6371,-14.5775
0.942387,1.1e-08
0.0247238,1.1e-08
-15.9268,-32.4863
-46.7265,-97.6449
-4.00442,-2.22946
-41.728,-224.91
-58.4194,-449.339
-38.9704,-149.584
-39.713,-157.871
-8.36423,-6.60161
-57.4492,-432.034
0.818722,1.1e-08
-25.9928,-60.8825
0.460926,0.134551
0.0663883,1.1e-08
0.183374,1.1e-08
0.742263,0.1144
0.520294,0.225157
-47.504,-287.683
-0.647905,-0.0734885
-48.3897,-284.024
-9.64664,-12.1516
1.53398,1.1e-08
0.419252,0.0820916
1.05195,0.0114697
1.0949,0.0500034
0.0983073,1.1e-08
1.39243,0.00534403
1.53398,1.1e-08
1.1e-08,0.301914
-48.8616,-255.78
0.0291656,0.17881
-12.4506,-16.317
-5.19305,-3.75123
0.409031,0.32869
-15.8119,-30.0136
-36.378,-98.3178
0.152546,0.287283
1.52093,0.144767
0.32858,1.1e-08
0.479235,0.477034
0.105128,0.0935814
-81.2834,-421.515
-13.2188,-22.1234
1.28584,1.1e-08
-4.81949,-2.57251
-36.7027,-165.383
1.15258,1.1e-08
1.1e-08,0.271044
1.42575,1.1e-08
0.4577,0.0380279
-20.5514,-33.7623
0.241876,1.1e-08
0.254328,0.31622
1.53398,1.1e-08
-58.4872,-386.143
1.53398,0.317954
1.53398,0.137959
-0.337346,-0.0244997
-60.7247,-331.485
0.858115,1.1e-08
-16.2268,-28.8121
-70.0946,-409.404
1.47553,0.0157904
1.53398,0.0111729
-45.87,-260.86
-20.7401,-39.0902
-27.7178,-95.5634
1.1e-08,0.110546
-37.075,-144.216
0.430873,0.00345966
1.53398,0.251918
1.53398,0.373998
-40.5596,-196.024
1.20066,1.1e-08
-55.4075,-252.251
0.556348,1.1e-08
-9.42423,-8.70382
-22.1567,-60.8823
-43.8229,-208.618
1.19909,0.194194
0.177843,0.0834687
0.309274,0.101165
1.21923,0.0398384
-47.3066,-296.648
-2.11762,-0.514498
0.569125,0.274217
-26.6635,-81.3623
-77.4724,-473.991
-56.835,-398.521
-70.2402,-413.704
0.232942,1.1e-08
-68.8076,-287.703
-48.5274,-215.061
-56.7205,-269.917
-41.7069,-218.319
-73.4326,-449.226
1.1e-08,0.218801
0.159701,1.1e-08
-5.95742,-3.65318
-63.3166,-284.809
0.157753,0.0654819
1.34495,0.281192
-39.8877,-146.878
1.45178,1.1e-08
1.53398,0.106387
0,1.1e-08
-1.95805,-0.514499
-2.45437,-0.685993
0.945267,0.0301126
-32.4123,-128.699
-83.8113,-405.166
-60.5174,-467.961
-37.5438,-123.725
-28.9841,-69.8231
-58.4029,-444.525
1.50612,1.1e-08
0.454025,1.1e-08
0.186499,0.0171787
0,1.1e-08
-61.5438,-401.642
-17.5159,-35.655
-56.478,-327.467
-38.817,-133.77
-13.337,-21.0936
0.717431,1.1e-08
0.277023,1.1e-08
-10.3705,-8.12259
1.53398,0.253569
-54.0395,-390.274
-55.3443,-188.803
1.53398,0.42048
-20.3843,-55.8104
-62.5327,-287.63
-63.0835,-364.51
-31.6746,-95.7719
0.99877,1.1e-08
0.50417,0.353526
0.392226,1.1e-08
-37.3272,-141.563
-42.2712,-176.905
0,1.1e-08
0.91702,1.1e-08
-10.6688,-13.7445
1.53398,0.0750894
1.53398,0.105364
0.957499,1.1e-08
-43.4643,-234.989
0.254086,0.199648
-47.1899,-234.985
1.19003,1.1e-08
1.53398,1.1e-08
-9.33404,-9.27669
1.4934,0.335014
-58.3728,-390.357
-45.2487,-166.264
1.36544,0.427195
-54.4668,-323.473
0.295039,1.1e-08
-41.5574,-173.562
-15.5992,-23.177
-36.424,-187.5
0,1.1e-08
-98.6123,-425.596
0.625008,1.1e-08
0.591538,0.0101416
1.53398,0.127831
0.429942,1.1e-08
1.1e-08,0.148799
-54.5554,-377.39
-52.9593,-280.72
-46.4058,-199.138
1.25402,1.1e-08
0.0581859,0.266935
1.53398,1.1e-08
-60.6709,-458.651
-39.4262,-199.141
1.53398,0.156885
0.71042,0.196047
-60.7593,-425.626
1.16171,0.0464575
-15.7276,-25.3577
-57.6862,-394.844
1.2501,1.1e-08
-55.3627,-368.765
-21.3271,-54.1695
1.53398,0.263259
-44.0611,-196.025
-14.4006,-21.0941
0.0250497,1.1e-08
0.422122,0.0567278
0.204237,0.0921924
1.15054,1.1e-08
-31.8579,-136.343
1.014,0.00925695
-51.8054,-283.226
1.20093,0.122022
1.53398,0.188928
-14.1993,-19.11
-46.1523,-171.786
0,1.1e-08
-25.067,-69.8233
-26.6221,-64.386
1.40069,1.1e-08
1.48643,1.1e-08
0.808371,1.1e-08
-45.0874,-192.939
-65.2984,-398.444
1.53398,0.00634835
-53.0389,-177.846
-65.8317,-412.078
-2.88828,-0.881999
1.1e-08,0.0431305
-43.7626,-186.549
0,1.1e-08
-3.03574,-1.1025
-27.8375,-89.4523
-40.6063,-152.292
-39.1648,-155.043
-47.5255,-293.312
-53.4276,-241.816
0,1.1e-08
-31.0362,-93.7702
-12.3647,-21.0959
0.0824141,0.372126
-64.1113,-351.891
0.0755959,1.1e-08
-22.1172,-62.622
-49.7975,-180.717
0,1.1e-08
1.53398,1.1e-08
1.34909,0.16719
-8.71945,-7.39638
-29.6871,-41.3477
1.53398,0.0449786
-56.9391,-339.594
-65.9539,-395.947
-43.5203,-168.789
-46.8146,-205.432
1.53398,1.1e-08
0.582799,0.326488
0.653949,0.0416205
-38.9367,-180.903
0.85039,0.11583
0.456249,0.269101
-41.0703,-163.316
1.53398,0.382338
-7.17185,-4.63319
-18.4635,-35.524
0,1.1e-08
1.53398,0.278296
-11.5722,-13.7445
-46.1115,-263.118
-32.103,-41.9195
-54.3895,-343.686
-54.8494,-276.552
0.367959,1.1e-08
0.19486,0.247631
-35.4738,-160.598
-51.0791,-100.3
1.49049,0.225672
0.103891,1.1e-08
-32.5875,-116.45
0.0661926,1.1e-08
-27.9354,-71.6847
-45.4304,-224.91
-58.7207,-179.966
0.602924,0.212821
-33.2481,-131.222
1.29337,1.1e-08
0.894227,1.1e-08
-38.8861,-131.222
0.408352,0.0259767
0.794039,0.0440849
1.53398,0.0867316
-38.0155,-170.634
-76.5409,-290.793
0.74793,0.168959
1.32113,1.1e-08
-7.06286,-6.19643
1.53398,0.389615
-62.9157,-482.632
-75.7676,-289.709
-74.704,-469.036
0.239063,0.265251
1.38968,0.506283
-16.2782,-27.636
-70.8854,-421.838
-61.8663,-397.205
-49.2239,-175.981
-30.6962,-42.8233
-51.9,-327.467
-18.2998,-37.5127
-6.19293,-4.67366
0.397471,0.174928
0.124922,0.17081
-40.8327,-202.272
1.13962,1.1e-08
0.317191,0.30037
0.73458,1.1e-08
-54.7559,-280.826
-10.691,-15.435
-97.704,-423.299
1.53398,0.104473
-14.2346,-22.1237
-50.2553,-248.747
1.53398,0.0559742
-26.9373,-69.8277
0.23974,0.115637
-35.0207,-138.939
1.167,0.0720186
-50.3302,-275.615
-62.6354,-377.33
1.32939,1.1e-08
-66.4596,-377.3
1.53398,0.357029
-6.04796,-3.33206
-45.3881,-157.805
1.1224,0.00642525
-19.4935,-39.8549
0.227687,1.1e-08
-17.1052,-30.014
0.0459553,0.0979295
-28.7535,-81.3656
1.53398,0.60489
-48.0806,-266.452
0.067951,0.157648
-20.0269,-49.392
0.871383,1.1e-08
-35.1557,-93.7771
1.1e-08,0.058926
1.10558,0.0597786
-7.47178,-7.40341
-57.7155,-411.812
-73.4667,-403.378
0.842784,0.233094
-10.3251,-11.3925
-23.2686,-69.83
-62.1786,-435.401
1.41513,0.329686
0.265937,1.1e-08
1.53398,1.1e-08
0.0625889,0.104456
0.128342,1.1e-08
-60.8924,-406.771
-34.1634,-99.3573
-38.1346,-163.536
1.53398,1.1e-08
1.53398,1.1e-08
-28.7071,-77.42
0.266796,0.0991595
1.26713,0.181646
-54.8716,-335.528
-74.8683,-288.419
-74.0208,-453.936
1.53398,0.229985
1.022,0.0132678
0.0967376,0.127307
0.773604,0.0997558
-17.5899,-28.812
-17.5085,-35.0574
1.45446,1.1e-08
-28.9752,-41.7611
0.101011,1.1e-08
1.06376,0.268521
0.787729,1.1e-08
1.53398,0.0202686
1.53398,1.1e-08
1.16822,1.1e-08
1.51786,1.1e-08
-39.2739,-174.464
-43.1263,-189.875
1.3802,0.0785415
-46.5177,-248.76
0.100988,0.102607
-24.6651,-81.3652
-94.7378,-421.477
-42.182,-155.06
-24.5577,-64.386
0.297361,1.1e-08
0.851769,0.172912
-59.0551,-292.411
-44.2101,-211.827
-16.6746,-33.8379
0,1.1e-08
-8.12356,-7.57495
0.606525,0.023679
-22.1764,-55.8109
1.53398,1.1e-08
-11.335,-12.1519
-95.5796,-420.495
1.11837,0.000507029
-60.1358,-171.306
-52.3744,-398.717
-59.7585,-381.602
-21.2174,-57.4772
-18.6241,-43.4619
1.42148,0.0594081
0.887398,0.0292789
-49.907,-177.889
-14.9297,-24.2551
-33.388,-154.913
-43.1633,-245.281
1.53398,1.1e-08
-13.7732,-24.2548
0.902728,1.1e-08
-68.7018,-453.933
-84.3291,-421.506
1.53398,1.1e-08
-64.5729,-368.755
1.52956,1.1e-08
1.0574,1.1e-08
1.21271,0.102806
0,1.1e-08
-51.1854,-352.031
-11.7444,-7.97076
-18.0873,-44.8347
0.00476192,1.1e-08
-51.7169,-266.527
1.44331,0.117066
1.53398,0.0986791
0.712076,0.110083
-7.66765,-6.20083
0.122764,1.1e-08
-69.4341,-183.762
-37.5745,-177.103
-10.7232,-7.94696
0.147086,0.00809852
-28.7686,-85.5326
-41.3592,-99.2441
1.53398,1.1e-08
-25.3316,-83.3728
1.53398,0.156705
0,1.1e-08
-50.8342,-285.429
0.286435,0.0985027
-21.9884,-39.0284
0.57678,1.1e-08
0.69524,1.1e-08
0.209149,1.1e-08
-55.1658,-259.343
0.31183,1.1e-08
-42.1722,-221.602
-12.6046,-15.435
0.666164,1.1e-08
-77.9376,-414
0.43124,1.1e-08
1.36239,0.000829634
0.0690991,1.1e-08
-35.9229,-131.222
-42.2898,-231.596
-49.2999,-238.385
0.742356,0.2661
-42.398,-241.835
1.53398,1.1e-08
-24.9732,-59.1677
-34.506,-152.293
0,1.1e-08
-57.5534,-319.504
-66.8527,-284.873
1.53398,0.055104
1.53398,0.211452
-68.9292,-288.612
0.0560966,1.1e-08
1.1e-08,0.195383
0.992405,1.1e-08
0.931207,1.1e-08
-66.6435,-386.285
1.16107,0.084388
-61.7305,-339.594
1.53398,1.1e-08
-42.061,-149.573
-34.9898,-91.5187
-17.8406,-31.2375
0.874414,0.360395
1.53398,1.1e-08
1.20502,0.243661
0.46362,0.231797
-34.6626,-123.725
0,1.1e-08
-61.8153,-185.241
-58.9774,-473.183
1.53398,0.280046
-67.9429,-444.541
0.189678,1.1e-08
-51.0798,-368.754
-15.4111,-31.2372
-10.463,-12.1523
0.309904,0.216023
1.02855,0.114214
-6.78321,-5.65941
-63.8855,-453.945
0.160935,0.131569
-11.4393,-16.317
1.53398,0.182792
0.971439,0.069683
-26.6707,-75.4841
-24.7902,-79.3811
-33.5104,-111.72
-24.7579,-38.9356
0.0412566,1.1e-08
1.21473,1.1e-08
0.196818,0.00378296
1.50903,0.0116266
-50.2054,-323.473
-38.1295,-192.928
-31.8189,-88.4954
-57.6269,-435.077
-4.45259,-1.911
-63.776,-478.544
0.496712,0.0642023
-44.7767,-89.6088
-12.5704,-6.67396
0.979916,1.1e-08
-61.6366,-412.922
-13.4445,-25.3574
-32.2353,-104.811
1.53398,0.126088
1.53398,0.114903
1.53398,0.222561
-7.90807,-5.65959
1.53398,0.313021
-8.57814,-9.26113
-76.8911,-418.326
0.245062,0.161554
-27.5166,-83.3736
-45.8912,-231.598
-47.0337,-228.242
0.270272,0.0598645
-58.7529,-479.443
0.207986,0.135988
-26.9548,-85.2734
0.357125,0.102638
0.170824,1.1e-08
-11.6171,-15.435
-29.9633,-41.4207
1.53398,0.385258
1.53398,0.167686
-27.8535,-92.7521
-22.5602,-67.9876
1.53398,0.058917
-74.5931,-276.03
1.53398,0.0405218
-45.2203,-218.32
-32.6065,-91.616
0.72082,0.0522101
-43.3572,-184.112
0,1.1e-08
-52.2978,-360.287
-8.11057,-6.7237
-40.0179,-234.973
-55.3904,-351.682
0,1.1e-08
1.53398,1.1e-08
0.774259,0.240631
-50.3901,-335.528
1.29359,0.216127
-64.8424,-356.107
1.11423,0.0812015
1.53398,1.1e-08
-49.6145,-221.602
1.24956,1.1e-08
1.3971,1.1e-08
0,1.1e-08
-54.9165,-292.751
1.53398,0.151279
-57.8384,-423.508
-23.7314,-71.6301
-67.6341,-390.313
-88.8999,-421.398
1.22093,1.1e-08
-44.508,-252.258
-57.0697,-285.289
-54.1024,-245.268
-55.1588,-315.545
-45.3317,-181.388
-13.6847,-17.2235
0.933849,0.0122552
0.574537,0.165892
-43.7733,-101.834
-38.2811,-168.091
1.00932,0.0701259
1.53398,0.113414
-22.6247,-50.96
0.753418,1.1e-08
-50.0076,-311.64
-73.2004,-444.554
1.2289,0.160016
0.224969,0.402684
0.378837,1.1e-08
-51.7888,-259.508
0.344206,0.193938
-4.08599,-1.617
-19.6,-38.0238
-18.4279,-30.0119
-66.7244,-465.844
-8.77781,-9.94699
1.46657,0.24362
1.53398,1.1e-08
-14.5558,-25.3572
-25.0286,-85.4553
1.42675,1.1e-08
-44.1852,-100.318
-9.99069,-10.6575
-17.0589,-38.167
-11.1839,-7.95546
1.1e-08,0.11037
-55.0107,-381.62
1.53398,0.139008
-53.2209,-372.588
-44.4363,-202.272
0.515131,0.0160216
0.842104,1.1e-08
-59.639,-352.143
0.772178,1.1e-08
-58.7471,-377.207
-49.8148,-231.598
0.822815,1.1e-08
1.31861,0.0313732
-83.3487,-425.127
-35.3361,-163.335
-41.2663,-215.061
-40.8598,-186.903
-34.194,-144.173
-69.7272,-372.962
-55.6109,-184.615
-33.8345,-89.8746
-25.6647,-73.5734
-70.2203,-439.897
0,1.1e-08
-68.0615,-425.393
0.326625,1.1e-08
-53.2471,-288.58
-73.8589,-289.737
-73.1452,-416.451
-39.3871,-166.271
-66.333,-405.595
1.53398,0.0402644
0.222872,0.211876
1.53398,0.409725
1.1e-08,0.130163
1.52894,0.0684035
-21.3948,-46.3295
-29.0592,-93.7826
0.0150062,0.322939
-2.47124,-0.88199
-63.1581,-428.639
1.08245,0.0172485
-71.962,-398.546
1.17125,1.1e-08
0.334345,0.0144826
0.976927,0.18918
1.09356,1.1e-08
-56.4282,-360.308
0.922918,0.187851
0.0758131,0.0424325
0.434583,1.1e-08
-74.5455,-406.956
0.388674,0.127339
-4.12574,-1.91098
1.05778,0.0805303
1.53398,0.0733881
0,1.1e-08
1.53398,0.127664
1.53398,0.0849617
-95.6733,-428.184
-20.298,-43.3672
-39.7159,-205.433
-40.0338,-144.22
-19.4017,-37.2373
-20.8127,-36.8305
-37.2849,-95.9407
1.53398,0.0394635
0.617671,0.0721096
0.0288308,0.0716961
0.569731,1.1e-08
-39.6296,-168.704
0.957045,0.0660879
-23.6037,-40.5309
1.20764,0.0815906
0,1.1e-08
-32.4697,-118.841
0.2189,0.0440629
-36.3408,-121.275
-60.566,-419.056
-31.7361,-141.566
-24.0375,-62.622
0.120363,0.0621864
-32.8229,-85.4258
-42.7789,-199.131
1.51533,1.1e-08
-21.3632,-47.8485
0.802257,0.193411
0.952973,0.156834
-13.4143,-8.58384
0.930302,1.1e-08
-16.6054,-31.2375
-59.8734,-368.732
0.786507,0.0140393
-45.7739,-221.603
-71.347,-458.66
-56.3874,-168.493
0.385061,0.0270802
0.499922,1.1e-08
1.53398,0.297432
1.37999,1.1e-08
0.364348,0.073623
-38.0543,-138.94
1.11229,1.1e-08
-26.4532,-77.4204
-47.9505,-252.246
-69.6106,-414.265
-15.1483,-26.4837
-49.1218,-278.724
0.417973,1.1e-08
0,1.1e-08
0.734029,1.1e-08
1.36524,1.1e-08
-37.0694,-95.2852
-49.5723,-241.817
-26.0548,-62.622
-27.8241,-100.179
-36.2088,-149.524
-3.23696,-1.3475
-21.0087,-52.5524
-5.15211,-2.94
-39.7399,-179.392
1.38264,0.301009
-32.4587,-114.072
-18.8064,-41.7295
1.1e-08,0.0174688
-25.7611,-71.7195
0.0655644,1.1e-08
-26.4747,-40.4934
-33.5832,-95.9516
-19.633,-46.3295
0.337419,0.157115
-21.8554,-49.392
0.197779,0.306072
-26.7051,-79.3877
0.95339,0.117796
-26.1037,-87.4481
-77.2897,-289.274
0.47519,1.1e-08
-3.78735,-1.61699
1.47156,0.0864625
1.20929,0.029005
-63.3946,-403.52
-69.9466,-468.24
-65.8035,-183.769
0.949821,0.00563495
1.53398,1.1e-08
-54.3408,-347.813
0.569591,0.0463026
-35.3778,-116.451
1.3955,0.118029
-62.8314,-409.934
-60.1895,-356.107
0.282767,1.1e-08
-30.0549,-116.435
-4.3484,-2.22952
-40.9516,-101.035
0.708399,0.0184554
0,1.1e-08
0.113487,0.0430369
1.31092,0.169978
-61.916,-282.03
0.498305,0.190204
-27.2959,-40.1607
-4.46067,-2.57248
-22.894,-36.3924
-64.4662,-391.221
-70.4636,-463.279
-53.0785,-238.385
1.53398,0.0751985
-62.7807,-390.287
-5.63078,-3.33191
0.611396,0.135358
1.1e-08,0.13171
-21.3778,-36.6351
-35.8685,-169.739
-19.3839,-39.116
-54.2597,-311.64
-29.7379,-114.071
-26.5453,-41.6156
0.462244,0.310623
1.53398,0.231092
0.21743,0.0529568
1.53398,1.1e-08
1.53398,0.00518582
-66.0066,-463.784
0.270366,1.1e-08
-20.2304,-35.6706
0.820477,0.0905017
-54.7833,-385.006
-34.4585,-141.557
1.46535,1.1e-08
1.17304,0.291595
0.635023,1.1e-08
-15.2551,-22.1231
1.33222,1.1e-08
1.00972,0.259992
-29.6015,-98.8556
1.53398,1.1e-08
-14.3883,-23.177
-59.6542,-177.581
-40.8724,-170.89
-22.2105,-40.6167
1.34047,0.0171371
1.23245,0.279434
0.585331,0.103539
-15.0538,-27.636
-37.4368,-152.291
1.45596,0.170457
-33.6322,-149.626
1.29854,1.1e-08
0.0447018,1.1e-08
1.34762,1.1e-08
-58.721,-347.8
-57.7996,-307.745
0.50307,0.0469
1.53398,1.1e-08
0.673666,1.1e-08
-30.9769,-81.3644
0.00444214,1.1e-08
1.53398,0.0336189
0.533826,1.1e-08
-30.5513,-92.4303
0.506878,1.1e-08
-32.1884,-138.939
-71.1067,-377.298
-11.6698,-17.2235
-6.66576,-4.63077
0.889648,1.1e-08
-75.6309,-463.445
1.53398,0.211417
1.53398,1.1e-08
0.239316,0.0618208
-43.1797,-273.66
-9.56063,-9.94699
-23.1716,-54.1695
-58.9916,-259.334
-53.1403,-180.83
1.50901,0.189767
0.846099,0.281982
-42.9786,-248.735
-33.9045,-146.881
-58.6582,-183.103
-61.1917,-417.153
0,1.1e-08
0.0527249,0.0383831
1.53398,0.199954
0.0166643,1.1e-08
-50.9599,-234.976
-40.0501,-141.56
-1.63902,-0.3675
0.0403614,0.0227217
1.53398,1.1e-08
0.726101,1.1e-08
1.53398,0.031649
1.0555,0.0292689
-50.2215,-245.274
0,1.1e-08
0.656259,1.1e-08
0.329005,0.0426357
-51.7342,-331.485
-58.0075,-177.343
-57.9303,-426.368
0,1.1e-08
0.4637,0.0458834
0.769553,1.1e-08
-14.0222,-20.09
-10.6742,-14.5775
0.822928,1.1e-08
-55.0771,-300.027
1.35834,1.1e-08
-71.9244,-435.266
-47.5362,-208.617
1.53398,0.129343
1.53398,0.238121
1.44306,0.279747
1.53398,0.0749287
0.405078,0.232814
0.508242,0.108936
-22.6573,-64.386
0.263051,1.1e-08
-44.1814,-160.6
-39.0459,-170.32
0.46185,1.1e-08
0.626481,0.284078
0.29963,0.032593
1.53398,0.16622
0.237691,0.0262092
-26.2773,-88.1991
1.28233,0.10777
0.542273,0.139796
1.53398,0.0578218
1.53398,1.1e-08
-42.3359,-157.795
-56.1783,-303.872
-27.9681,-102.656
1.10026,1.1e-08
1.53398,0.316612
1.17361,0.0124335
-69.3868,-416.938
-74.0908,-410.979
-65.5495,-360.299
0.869242,0.0612764
-14.0386,-26.4854
-56.57,-288.916
1.53398,0.0663742
0.366841,1.1e-08
-49.1106,-307.767
1.49968,-547.375
-48.639,-319.504
-64.8033,-381.616
-30.1422,-87.2659
-63.1081,-449.118
-34.1272,-126.199
-5.7754,-4.82293
0.29412,0.137103
-8.31817,-7.75961
-16.3838,-22.1237
-44.2657,-163.456
-34.6993,-136.342
1.49616,0.0273195
-18.4396,-34.4913
1.53398,0.18766
-42.4007,-97.8455
-50.2253,-347.787
1.17807,0.02473
1.53398,1.1e-08
-61.6825,-462.828
-66.7991,-435.244
1.1e-08,0.247165
0.666485,0.317538
1.53398,1.1e-08
-66.4761,-288.584
-54.1639,-248.748
-52.9883,-255.78
0.875312,1.1e-08
0,1.1e-08
1.52436,0.127237
-27.4946,-40.951
1.15222,0.399785
0.224793,1.1e-08
1.31376,0.129182
0.541407,1.1e-08
1.53398,0.0895477
-17.2792,-32.4873
1.53398,0.472625
-54.0449,-284.3
1.53398,0.0637705
-55.7051,-468.544
-37.6979,-136.343
0.221521,1.1e-08
1.10157,0.165625
-52.9127,-319.504
-51.1411,-273.883
-6.60218,-5.24106
-53.276,-272.015
-26.4477,-91.8271
1.53398,1.1e-08
0.884585,0.117199
-39.632,-189.875
0.0877899,0.0207151
-12.4679,-8.80844
0.476527,0.00368643
-47.969,-211.827
1.53398,1.1e-08
0.694422,1.1e-08
-9.16726,-10.6575
0.897119,0.293141
-56.0183,-331.485
-20.9653,-40.0712
-85.3553,-429.111
1.48578,0.125261
1.52838,0.0479131
1.14863,0.167735
1.52549,0.0973724
1.40825,0.215315
0.646705,0.0100587
-55.6719,-266.51
-24.5931,-67.9872
0.499617,1.1e-08
-49.2674,-224.91
0.173191,1.1e-08
-46.5823,-168.671
-83.7494,-292.295
-25.9643,-91.3609
1.31007,0.0253032
-2.27779,-0.685993
-29.9933,-109.392
1.11534,1.1e-08
-5.20386,-2.57249
-59.1979,-343.686
1.07046,1.1e-08
0,1.1e-08
-1.043,-0.146999
0.17697,0.169758
0.918724,1.1e-08
-33.5183,-121.275
1.27782,0.0445262
-8.67301,-6.86458
-42.1576,-171.622
0.92072,1.1e-08
1.53398,1.1e-08
-59.5236,-335.527
1.15461,0.202556
1.36169,0.23516
-63.0115,-444.592
-3.50961,-1.3475
-67.7715,-400.119
1.53398,0.450037
-17.8763,-33.7407
0.692698,1.1e-08
-57.1333,-262.693
-47.2404,-177.673
-31.5137,-144.17
0.358319,0.0337653
1.08625,1.1e-08
0.835367,1.1e-08
0.287173,0.263798
-1.76797,-0.367499
1.53398,1.1e-08
-32.0492,-123.725
0.424716,0.132882
0.0778341,1.1e-08
0.0606243,0.314953
1.51822,0
