0.732454,1.1e-08
0.373202,1.1e-08
-50.3616,-276.611
0.871634,0.0359268
-47.0228,-288.793
-46.5939,-193.557
-42.4528,-109.23
1.19382,1.1e-08
-65.664,-500.645
1.1719,0.390138
0.545424,0.218784
-21.3535,-52.5525
-61.016,-196.024
0.912171,1.1e-08
0.11408,0.136464
-44.2477,-189.228
0.807216,0.10499
1.44719,1.1e-08
-31.6661,-112.635
-61.1958,-295.883
-42.8407,-174.925
0,1.1e-08
-76.6212,-443.484
-10.3619,-12.103
-31.6891,-93.7861
1.09226,0.328985
1.50408,1.1e-08
-8.64953,-10.3702
1.19389,0.210006
-50.0747,-304.527
0.561446,1.1e-08
0.935918,1.1e-08
0.0419442,0.0368049
-27.1861,-47.8598
-59.2935,-434.135
0.453168,0.0432495
0.862276,0.0396437
0.783241,1.1e-08
1.09484,1.1e-08
-21.1317,-37.73
-7.88971,-6.25314
-48.2571,-262.901
-26.1915,-85.4057
1.50411,1.1e-08
0,1.1e-08
1.39785,0.229979
-1.44121,-0.245009
-22.6835,-67.9874
-19.4394,-32.487
-4.34656,-2.2295
-2.91384,-1.1025
-14.3451,-22.1235
0.185671,1.1e-08
-47.2165,-109.371
1.12325,1.1e-08
1.10951,0.184282
1.25055,0.00272898
-24.6405,-60.8825
-31.3637,-131.226
-44.0329,-255.762
-26.7745,-66.1745
1.5041,0.0969566
0.458105,0.217213
-7.6965,-7.84887
-30.7599,-85.4074
-52.7823,-310.788
0.00271494,0.0671618
0.174594,1.1e-08
1.22605,0.381925
-66.4539,-308.602
1.43755,0.20796
-65.2495,-368.751
-46.0275,-194.091
-9.16054,-9.94998
1.06998,1.1e-08
-11.0542,-15.435
0.594221,1.1e-08
-66.8668,-492.647
-57.5452,-196.025
-54.9443,-327.457
-54.5224,-288.717
-14.9364,-23.177
0.902142,0.195928
1.04219,1.1e-08
-14.7824,-24.255
0.763419,0.146658
1.13473,1.1e-08
0,1.1e-08
-60.9291,-343.686
-30.8507,-118.849
0.620463,0.00865257
-62.5682,-381.606
-23.6685,-45.5352
0.792294,0.067653
-28.4836,-77.42
-48.6179,-292.421
0.58874,0.234424
1.33468,0.313936
1.43451,0.356553
1.45932,0.617899
0.294956,0.0952978
-39.8913,-174.933
1.24802,0.0162705
-29.8103,-98.1238
-25.2251,-55.6982
1.46118,0.0124972
-14.8644,-11.3016
-55.1596,-385.944
-30.4688,-89.5479
-13.1994,-17.2235
1.1e-08,0.042428
0.835249,0.126227
1.27928,0.201356
0.875747,1.1e-08
-43.1916,-208.614
1.04012,1.1e-08
0.0453146,0.0708733
0.96038,0.0649525
0.768036,0.425451
1.09136,1.1e-08
0.94418,0.110873
1.46242,1.1e-08
-58.0552,-439.787
0.558327,0.020125
-5.10369,-2.5725
1.14455,0.200528
1.3808,1.1e-08
0.956309,0.0805114
-44.6457,-276.396
-48.4888,-196.056
0.774114,1.1e-08
-13.6077,-24.255
-19.4963,-33.761
-12.1442,-17.2235
0.236885,1.1e-08
-67.9625,-435.077
0.448158,1.1e-08
0.474256,1.1e-08
-61.5661,-422.864
-52.3442,-308.049
-56.8692,-425.357
1.19475,0.0424115
1.46473,1.1e-08
0,1.1e-08
1.50407,0.148534
0.853308,0.267065
0.448631,0.0512996
-29.8711,-47.506
1.23552,1.1e-08
-50.8627,-234.979
-67.4818,-482.688
1.45792,1.1e-08
-13.7388,-23.177
-16.5104,-35.0595
0.753466,0.0436913
1.319,0.205263
0.95997,0.0275238
-18.0193,-30.0125
0.689758,0.00722166
0.685995,0.249403
1.07415,0.184969
1.28798,0.0576303
-15.7756,-11.3606
1.07475,0.217982
-53.4136,-377.299
-22.6437,-49.565
-32.4411,-123.725
-19.1543,-44.4218
-58.6673,-395.427
-44.5763,-113.138
-53.2787,-270.139
-38.6611,-191.253
-25.8632,-87.4638
-69.1298,-447.834
-38.8702,-171.817
-42.236,-228.241
1.16622,1.1e-08
1.01256,0.107728
-10.8517,-11.3517
1.42218,0.0721115
1.12172,1.1e-08
0.325068,0.0239134
-24.6263,-75.4846
1.13434,0.381782
1.50409,0.364304
0.731024,0.117549
0.582847,0.026187
-31.5512,-101.465
-50.7614,-288.465
1.1e-08,0.251633
-25.1296,-83.3735
-25.7125,-69.8251
-17.5797,-41.9218
0.250764,0.0266806
0.433616,1.1e-08
0.795042,0.0574065
0.907036,1.1e-08
-67.683,-455.461
-26.6808,-75.4844
0.844573,1.1e-08
9.39266e-05,0.0310627
1.26305,1.1e-08
-25.8872,-64.3861
1.49253,0.177442
1.38138,0.3552
-47.5299,-259.313
-37.0783,-131.223
-74.3897,-493.891
-24.688,-66.1745
-14.7622,-28.8119
0.677,0.121983
0.887642,1.1e-08
0.745719,1.1e-08
0.286122,0.0769749
-70.4778,-502.289
-44.8786,-245.27
1.06985,0.146773
-46.891,-184.961
-5.40126,-3.74845
1.09238,1.1e-08
-46.4207,-231.598
-59.8249,-385.952
-38.4503,-160.595
-41.9083,-224.91
1.49903,0.067187
0.780762,0.0073196
0.860383,1.1e-08
1.35971,0.0539065
1.1e-08,0.0180561
-57.8717,-315.681
-74.4484,-421.376
0.70527,0.130484
-16.9596,-40.4301
-8.87926,-7.92206
-58.6157,-487.946
1.29127,1.1e-08
1.50413,0.28054
1.42943,0.241024
-6.37803,-5.65904
1.34189,0.157582
1.35143,0.333799
-10.933,-11.9226
1.39555,0.127045
-24.6759,-67.987
1.27674,1.1e-08
-60.9306,-182.043
0.0035507,0.015151
-34.2972,-97.8299
0.0493213,0.178998
-17.4167,-26.4845
-7.30849,-6.19936
-54.8684,-415.786
1.29994,0.144398
-102.492,-449.645
-80.4862,-312.928
-48.6074,-302.537
0.456881,1.1e-08
-37.5482,-146.876
-28.5154,-104.818
-34.6651,-146.879
-34.4385,-121.275
-43.975,-180.882
-60.6377,-331.485
-58.2307,-197.414
-36.1843,-172.194
-6.87854,-5.65967
-37.5437,-195.884
0.790366,1.1e-08
1.22327,0.348025
1.00705,0.179615
1.26583,0.0849119
-63.4109,-454.422
0.866264,0.10248
-47.8767,-105.203
0.757926,0.0709055
0,1.1e-08
-32.7879,-89.546
0.190706,0.0276813
0.480118,0.0378875
-90.6658,-442.194
-18.0661,-32.4872
-48.9362,-323.484
-55.0429,-281.667
0.374546,0.160476
-37.6259,-107.107
0.6149,1.1e-08
0.338922,1.1e-08
0.789675,1.1e-08
-73.39,-415.672
-44.1513,-101.466
-60.2283,-298.673
-28.9085,-75.4845
-9.06118,-8.59951
-20.5584,-39.1019
1.50413,0.261115
1.06996,1.1e-08
3.53847e-06,0.360932
-20.9989,-40.4942
0.274694,1.1e-08
1.2825,0.376862
1.47209,0.266708
-69.6933,-465.716
0,1.1e-08
-2.42964,-0.686003
-17.0442,-12.1521
-53.2836,-315.837
1.21512,1.1e-08
-67.3016,-439.764
1.50416,0.113065
-83.678,-311.543
-12.1697,-11.1859
1.17914,0.326288
-19.5746,-46.3185
-73.8627,-311.771
0.832335,1.1e-08
-44.7888,-221.602
-22.4391,-59.1675
1.25899,0.165518
-43.4126,-196.048
1.22304,0.0570145
1.1e-08,0.272475
1.30951,0.296309
-34.8498,-104.834
-11.6922,-10.4775
0.00649118,1.1e-08
-70.8361,-501.033
-33.6317,-118.849
-52.3865,-408.461
-32.2118,-48.3118
0.66441,1.1e-08
-33.2575,-109.646
-11.1752,-10.6405
1.50122,0.462743
-70.4754,-425.045
0.724504,0.0440188
-47.5528,-255.789
-36.8443,-141.561
0.838706,0.0799436
-37.845,-169.085
-61.339,-463.415
1.23586,0.244628
0.738219,0.0196227
-2.57026,-0.881998
0.618391,0.0580576
-32.471,-95.8737
0.845931,0.0192086
0.663706,1.1e-08
1.06282,0.0470812
-7.66532,-6.97985
1.02066,0.0136559
-6.3221,-5.14498
0.831727,1.1e-08
0.463046,0.0869086
-66.7968,-394.906
0.254694,0.196004
-12.4711,-10.7554
-32.4594,-133.77
-32.9708,-138.939
1.31269,1.1e-08
1.10758,0.292247
0,1.1e-08
1.02433,0.0492917
-21.2125,-55.8108
0.260072,1.1e-08
-60.8442,-477.812
0.28854,1.1e-08
-75.9641,-502.309
-39.9215,-141.561
1.44257,0.00296882
0,1.1e-08
-63.53,-198.441
1.14639,0.460928
1.47875,0.106365
0.344489,0.100992
1.16652,1.1e-08
-9.55732,-7.96453
-53.7033,-289.423
0.9409,1.1e-08
-29.4178,-49.6428
0.514773,1.1e-08
-57.5985,-377.303
0.236374,0.0940732
1.11861,1.1e-08
-73.3821,-407.897
-49.1359,-106.855
-31.1506,-101.212
-46.5776,-273.789
0.914527,0.105343
-53.3279,-323.471
-80.136,-444.781
0.846437,0.00214633
-41.5622,-194.883
-31.4167,-107.561
-51.4469,-280.677
0.0280677,1.1e-08
1.00355,0.266616
-49.5459,-190.728
1.49331,5.73337e-05
-45.9306,-284.948
-1.88768,-0.514499
1.11911,0.0635861
1.2784,0.143417
1.10667,0.235295
0.970815,1.1e-08
1.39773,0.107194
0.685689,1.1e-08
0,1.1e-08
0.0902803,1.1e-08
-77.5254,-312.89
-34.7528,-114.117
0.708193,0.0398136
-14.5291,-25.3575
0.382121,0.0921272
0.424224,0.217728
1.41682,1.1e-08
1.34687,1.1e-08
0.17716,0.123591
-59.4555,-428.563
-36.1103,-182.155
-31.282,-116.449
-52.2699,-319.504
-69.9042,-473.037
-3.15856,-1.1025
-18.836,-31.2374
-52.252,-335.517
-11.7924,-10.6569
1.16316,0.231771
1.44007,0.289054
0.883967,0.236877
1.50409,0.210983
1.40554,1.1e-08
-40.4414,-109.414
-64.1504,-407.908
-66.4901,-463.42
1.30853,0.0416057
0.504913,0.0149536
-23.1967,-52.5525
0.906209,0.262138
0.948318,0.181626
1.14084,1.1e-08
1.18826,0.113589
-54.1016,-360.297
-32.0524,-114.312
0.524445,0.109003
-6.51426,-4.18949
-4.35551,-2.57249
0.396896,0.0489744
-38.8321,-138.939
0.654722,0.0273891
0.991913,0.0522195
1.39894,0.192327
1.0394,0.0100316
0.695989,0.0655875
-72.6891,-453.477
1.24255,0.209269
0.904414,1.1e-08
-16.0721,-36.381
0.112908,0.0368473
1.50409,1.1e-08
0.770621,0.0217956
-34.3709,-111.913
1.09731,0.130674
-53.8446,-196.121
0.148886,0.0826214
-29.6612,-83.3735
-5.09338,-3.33201
-25.2865,-45.9922
0.746665,0.225513
-62.1198,-303.715
-62.5175,-394.196
-13.3495,-19.11
0.884478,0.341195
0,1.1e-08
-17.4873,-39.1013
-49.3511,-108.887
-5.53854,-4.18944
-43.2729,-241.815
-59.9481,-473.107
-40.7418,-163.427
-41.47,-172.084
-10.1177,-9.73805
-58.9851,-455.347
0.984592,1.1e-08
-27.8504,-69.825
0.394508,0.292357
0.0965377,0.0254412
0.487087,1.1e-08
0.624517,0.135462
0.737743,1.1e-08
-49.0559,-306.762
-2.2472,-0.685954
-49.9907,-302.977
-11.2008,-16.3165
1.46029,1.1e-08
0.810319,0.307039
1.14561,0.257964
1.00497,0.0393599
0.277842,0.220522
1.32878,0.25603
1.19735,0.0403403
1.1e-08,0.128001
-50.5581,-273.787
0.0895541,0.100824
-14.1809,-21.0945
-6.71527,-6.20205
0.445386,0.277941
-17.4243,-36.3837
-38.4219,-109.599
0.168821,0.0061419
1.29647,1.1e-08
0.37616,0.00203649
0.630442,1.1e-08
0.329879,0.0742257
-83.4808,-444.545
-14.791,-27.6359
1.34162,0.0206087
-6.53935,-4.65502
-38.2841,-179.923
0.633428,0.214156
0.164295,0.0683807
1.10232,1.1e-08
0.724761,1.1e-08
-22.5314,-40.5
1.1e-08,0.0389943
0.338933,0.279211
0.817117,1.1e-08
-60.1391,-408.199
1.29673,0.416534
0.811979,0.228002
-2.05189,-0.514498
-62.5764,-351.942
0.870198,1.1e-08
-17.9167,-35.0596
-72.0204,-432.106
1.32404,0.0629595
1.13871,0.302477
-47.451,-279.043
-22.5921,-46.3166
-29.2919,-106.689
1.1e-08,0.00921592
-38.7917,-157.814
0.653295,0.272751
1.28036,0.267616
0.990577,0.222252
-42.1688,-211.826
1.50412,0.13196
-57.3457,-270.136
0.492266,0.288072
-11.2376,-12.2767
-23.7386,-69.8248
-45.5083,-224.91
0.818997,1.1e-08
0.417132,0.162925
0.393443,1.1e-08
1.35087,0.118757
-48.8321,-316.018
-3.88801,-1.617
0.987785,0.00995329
-28.3088,-91.6521
-79.4494,-498.394
-58.4133,-420.923
-72.1593,-436.523
0,1.1e-08
-71.0459,-306.795
-50.3662,-231.598
-58.6373,-288.406
-43.2745,-234.979
-75.3557,-472.991
0,1.1e-08
0.500552,1.1e-08
-7.61988,-6.06403
-65.3997,-303.794
0,1.1e-08
0.949072,0.343702
-41.718,-160.598
1.15796,0.0478318
1.02402,0.0911917
0.181308,0.0695895
-3.58405,-1.617
-4.21437,-1.91099
0.397616,0.00407694
-34.0004,-141.561
-86.0674,-427.766
-62.0687,-492.21
-39.4218,-136.342
-30.9179,-79.378
-59.9392,-468.167
1.48726,0.212466
0.696772,1.1e-08
0.412454,1.1e-08
1.1e-08,0.0148831
-63.2438,-424.129
-19.1456,-42.5794
-58.2107,-347.802
-40.6841,-146.878
-14.9622,-26.4835
1.06995,1.1e-08
0.346255,1.1e-08
-12.4501,-11.5876
0.814796,0.26403
-55.557,-412.445
-57.6165,-204.321
1.1891,0.0788898
-21.9044,-64.3854
-64.5776,-306.707
-64.9178,-385.947
-33.4742,-106.91
1.42705,0.403156
0.573234,0.0766512
0.959735,1.1e-08
-39.0718,-155.038
-44.0324,-191.932
-0.697614,-0.0734995
1.30584,1.1e-08
-12.2838,-18.1545
0.779192,0.198403
1.10997,0.0915405
0.939141,1.1e-08
-45.0387,-252.261
0.505754,0.23388
-48.9,-252.258
0.732595,0.0669909
0.90968,1.1e-08
-11.0642,-12.9548
1.28765,0.0960162
-60.0123,-412.531
-47.2004,-180.842
1.1146,0.357326
-56.1477,-343.686
0.481767,0.121088
-43.311,-188.454
-17.4154,-28.812
-37.9033,-202.963
0,1.1e-08
-101.265,-448.735
0.916977,0.0210433
1.07762,0.0813456
0.639206,1.1e-08
0.495168,0.192003
1.1e-08,0.34287
-56.1137,-399.198
-54.7245,-299.571
-48.2332,-215.063
1.16327,0.0507382
0.190247,1.1e-08
1.26615,1.1e-08
-62.2423,-482.661
-40.9781,-215.066
1.50416,1.1e-08
0.929346,0.211784
-62.4005,-448.768
1.35744,0.189511
-17.4757,-31.2377
-59.2973,-417.143
1.50415,1.1e-08
-56.9625,-390.326
-22.9421,-62.622
1.4728,0.428663
-45.8099,-211.827
-16.1573,-26.484
0.00156299,0.186105
0.583818,0.116745
0.291869,0.150943
0.590809,0.0174683
-33.374,-149.573
1.21383,0.0108983
-53.5206,-302.16
1.43014,1.1e-08
1.19879,0.259062
-16.0215,-24.255
-48.0916,-186.598
0,1.1e-08
-26.7376,-79.3781
-28.4721,-73.5735
1.22206,1.1e-08
1.13996,0.108534
0.963808,0.104811
-46.8916,-208.619
-67.1162,-420.846
1.21745,0.41986
-55.2495,-192.912
-67.6114,-434.857
-4.7023,-2.2295
0.0749128,0.23642
-45.5416,-201.972
-1.02662,-0.146998
-4.72084,-2.57249
-29.4741,-100.227
-42.4359,-166.257
-40.9135,-169.131
-49.068,-312.574
-55.3368,-259.333
0,1.1e-08
-32.8198,-104.794
-13.8698,-26.4861
1.1e-08,0.209763
-66.0087,-372.959
0.123967,0.236724
-23.6734,-71.687
-51.8564,-195.902
-0.656738,-0.0734995
1.01452,1.1e-08
1.17075,0.153385
-10.5363,-10.714
-32.2581,-48.77
1.20529,1.1e-08
-58.654,-360.297
-67.7927,-418.274
-45.3804,-183.475
-48.6297,-221.602
0.846954,0.163882
0.587284,1.1e-08
0.146986,0.0268386
-40.5453,-196.095
1.15855,0.117518
0.50783,0.0678915
-42.8561,-177.767
1.25289,0.44548
-9.06581,-7.32216
-20.1728,-42.4262
0,1.1e-08
1.23519,0.706978
-13.3271,-18.1545
-47.6902,-281.378
-34.8705,-49.392
-56.0177,-364.511
-56.6774,-295.264
0.557043,1.1e-08
0.224996,0.0164274
-37.029,-174.93
-53.9168,-111.69
1.1636,0.43161
0.127207,1.1e-08
-34.267,-128.7
0.028939,1.1e-08
-29.7745,-81.362
-47.1129,-241.815
-61.1324,-195.12
0.718785,0.0415226
-34.8615,-144.207
1.04628,0.0135121
0.790308,1.1e-08
-40.7746,-144.207
0.636367,1.1e-08
0.854941,1.1e-08
1.48934,0.0308616
-39.6271,-185.4
-79.0275,-309.974
0.898384,0.124537
0.992475,0.12599
-8.66611,-9.25845
0.911536,0.310087
-64.5044,-507.254
-78.2302,-308.855
-76.6202,-493.314
0.112697,1.1e-08
1.06605,0.4899
-18.0095,-33.761
-72.8012,-444.876
-63.5944,-419.571
-51.258,-190.973
-33.3543,-50.376
-53.4917,-347.802
-19.9631,-44.599
-7.82001,-7.37325
0,1.1e-08
0.0794858,0.156275
-42.4274,-218.319
0.966817,0.23637
0.385735,0.228127
0.724834,1.1e-08
-56.5689,-299.68
-12.2164,-20.09
-100.333,-446.376
1.00919,0.355976
-15.9285,-27.6362
-52.0251,-266.509
0.922571,0.0705215
-28.7332,-79.3829
0.502682,0.155254
-36.6725,-152.291
0.652309,0.0170651
-52.011,-294.299
-64.4249,-399.136
1.39096,1.1e-08
-68.3585,-399.105
1.29959,0.234208
-7.94438,-5.65958
-47.3979,-172.015
1.36942,1.1e-08
-21.2035,-47.1527
0.518254,1.1e-08
-18.8513,-36.3842
0.15183,1.1e-08
-30.5286,-91.6557
1.37227,0.41081
-49.7157,-284.825
0.274486,1.1e-08
-21.6159,-57.477
0.981754,1.1e-08
-37.1774,-104.802
0.0744703,1.1e-08
1.41534,1.1e-08
-9.02532,-10.7224
-59.2924,-434.58
-75.497,-425.913
1.019,0.209442
-12.0472,-15.435
-24.8187,-79.3853
-63.8321,-458.802
1.03153,0.290018
0.201443,1.1e-08
0.843886,0.0781298
1.1e-08,0.0853472
0,1.1e-08
-62.5672,-429.403
-36.0826,-110.697
-39.7922,-177.997
0.484556,1.1e-08
0.665588,0.158579
-30.5252,-87.465
0.438619,1.1e-08
1.03429,0.16976
-56.5344,-356.108
-77.315,-307.522
-75.949,-477.824
1.43492,0.471774
0.974972,1.1e-08
0.222401,0.183114
1.04063,1.1e-08
-19.4238,-35.0595
-19.1602,-41.9172
1.03671,0.142046
-31.4866,-49.2201
1.1e-08,0.180563
0.653022,0.0985642
0.768627,1.1e-08
1.13057,0.152294
1.50413,0.241387
1.25237,0.0568767
1.42596,0.00676718
-40.9379,-189.391
-44.8656,-205.433
1.31755,0.114341
-48.1553,-266.522
0.206718,0.0265114
-26.1862,-91.6552
-97.2983,-444.505
-44.0664,-169.149
-26.2629,-73.5735
0,1.1e-08
0.990843,0.12238
-60.9731,-311.643
-45.8974,-228.242
-18.2763,-40.583
0.00797134,0.0552911
-9.8149,-10.9313
0.499284,0.0226785
-23.8312,-64.3859
1.08563,0.0345719
-13.1655,-16.3169
-98.153,-443.497
1.2172,0.172641
-62.6052,-186.109
-53.8281,-421.124
-61.4562,-403.53
-22.7767,-66.1747
-20.2017,-51.0654
1.5041,0.198753
1.05566,0.109674
-51.9865,-192.957
-16.6259,-30.0126
-34.8774,-168.995
-44.6932,-262.921
1.33705,1.1e-08
-15.337,-30.0123
1.11147,0.0266815
-70.4909,-477.821
-86.6085,-444.535
0.663217,0.0946426
-66.4399,-390.315
1.49979,1.1e-08
0.892303,0.0502636
1.25092,0.332652
0,1.1e-08
-52.6993,-373.103
-14.0936,-11.4025
-19.5933,-52.5522
0.222309,0.0514832
-53.4761,-284.903
1.50413,0.042182
1.2184,0.48914
0.720046,0.243364
-9.41225,-9.26387
0.213822,1.1e-08
-72.28,-199.072
-39.1531,-192.139
-12.8705,-11.3736
0.394076,1.1e-08
-30.5014,-96.0753
-43.6622,-110.578
1.50413,0.0221352
-26.8753,-93.7853
0.944899,1.1e-08
0,1.1e-08
-52.5061,-304.435
0.237189,0.432448
-23.9518,-46.2486
1.12216,0.0995704
1.24438,1.1e-08
0.142391,0.168193
-57.0686,-277.473
0,1.1e-08
-43.7452,-238.384
-14.4075,-20.09
0.705303,1.1e-08
-80.0674,-436.827
0.699306,0.0193555
1.50412,0.0770907
0.265237,0.126372
-37.6665,-144.207
-43.8329,-248.746
-51.0733,-255.78
0.983037,0.334544
-43.9113,-259.353
0.858143,1.1e-08
-26.7841,-67.9877
-36.0599,-166.258
0.356328,0.00237672
-59.3413,-339.594
-69.0523,-303.86
0.841083,0.0469391
1.35971,0.267408
-71.182,-307.721
0,1.1e-08
0.0665687,1.1e-08
0.809458,1.1e-08
1.27252,0.0241959
-68.5267,-408.344
1.36536,1.1e-08
-63.5905,-360.297
1.06564,0.0382184
-43.9742,-163.415
-37.0262,-102.413
-19.6248,-37.73
0.877892,0.144818
0.749394,1.1e-08
1.0489,0.318495
0.748755,0.308661
-36.3955,-136.342
0.0325597,1.1e-08
-64.3526,-200.612
-60.4813,-497.566
1.47671,0.322759
-69.731,-468.183
0.265724,0.0266838
-52.5555,-390.314
-16.9504,-37.7297
-12.1501,-16.3174
0.543687,0.0524142
1.04224,0.227778
-8.39541,-8.59939
-65.5489,-477.832
0.138365,0.0238253
-13.027,-21.0945
1.32184,1.1e-08
1.24028,1.1e-08
-28.3802,-85.4065
-26.3386,-89.5486
-35.2745,-123.725
-26.9693,-46.1475
0.0531264,1.1e-08
1.04288,0.102107
0.943482,0.292956
1.04663,0.36197
-51.7547,-343.686
-39.6541,-208.608
-33.6915,-99.2127
-59.1592,-458.47
-6.31446,-3.7485
-65.3947,-503.063
0.316459,1.1e-08
-47.2653,-100.419
-14.9976,-9.87113
1.50409,0.191969
-63.3205,-435.719
-14.9356,-31.2374
-33.9878,-116.448
1.45287,0.0448989
1.30343,0.00716203
0.804596,0.02317
-9.79489,-8.59961
1.3179,0.174983
-10.1651,-12.9362
-78.98,-441.272
0,1.1e-08
-29.1943,-93.7861
-47.5659,-248.748
-48.7633,-245.269
0.230268,0.0785402
-60.2435,-503.985
0.370494,0.0714963
-28.578,-95.8002
0.287187,0.259278
-0.323464,-0.0244996
-13.2762,-20.09
-32.5518,-48.8485
1.50414,0.108426
0.736883,0.177321
-29.4724,-103.719
-24.0833,-77.4201
0.665492,1.1e-08
-77.0201,-294.738
1.35949,0.22278
-46.9202,-234.98
-34.5026,-102.516
0.951678,0.0431212
-45.1485,-199.445
-1.25127,-0.245002
-53.8264,-381.601
-9.87361,-9.89982
-41.4667,-252.245
-57.029,-372.744
-1.34642,-0.245004
1.16981,1.1e-08
0.826228,0.0258479
-51.9167,-356.108
0.872304,0.293374
-66.7502,-377.299
1.36823,1.1e-08
0.530137,0.0245926
-51.4665,-238.385
1.28576,0.018269
1.41679,1.1e-08
0,1.1e-08
-56.6996,-311.995
0.94951,1.1e-08
-59.4015,-446.591
-25.2916,-81.3039
-69.5346,-412.486
-91.3026,-444.425
0.699173,1.1e-08
-46.0637,-270.143
-58.9469,-304.29
-56.0218,-262.908
-56.8827,-335.512
-47.2068,-196.602
-15.5357,-22.1235
1.37843,0.0325578
0.916092,0.372381
-46.2118,-113.311
-39.9164,-182.746
1.41225,0.320847
1.32438,0.0741093
-24.3929,-59.1675
1.12015,1.1e-08
-51.5798,-331.485
-75.1275,-468.197
1.34347,1.1e-08
0,1.1e-08
0.085167,1.1e-08
-53.5746,-277.644
0.554429,0.280154
-5.95007,-3.332
-21.3819,-45.156
-20.3114,-36.3818
-68.4267,-490.037
-10.3439,-13.7445
1.26641,1.1e-08
1.50412,0.0434139
-16.172,-31.2372
-26.5353,-95.9933
1.50416,1.1e-08
-46.6435,-111.71
-11.7144,-14.5775
-18.6084,-45.3121
-13.4217,-11.384
0.000121757,1.1e-08
-56.573,-403.548
1.44023,0.174905
-54.7496,-394.258
-46.1724,-218.319
0.423042,0.0059719
0.591666,1.1e-08
-61.4036,-373.219
0.795407,0.100884
-60.4254,-399.01
-51.6332,-248.748
1.23658,1.1e-08
1.16863,0.353241
-85.5911,-448.254
-36.8715,-177.787
-42.8289,-231.599
-42.5209,-202.341
-35.7765,-157.768
-71.7319,-394.643
-57.8946,-199.959
-35.827,-100.674
-27.3311,-83.3734
-72.0784,-463.417
0,1.1e-08
-69.9011,-448.529
0.422656,0.0153767
-54.9868,-307.688
-76.2603,-308.885
-75.1328,-439.344
-41.0846,-180.849
-68.1552,-428.191
0.930585,0.146613
0.40691,0.0616519
1.3484,0.41871
1.1e-08,0.149367
1.34538,1.1e-08
-23.149,-54.1695
-30.7288,-104.807
0.22507,0.125547
-4.00865,-2.22948
-64.856,-451.861
0.736157,0.00678284
-73.926,-420.945
1.34849,0.0875795
0.629895,0.0792213
1.38938,0.160305
0.76706,0.105543
-58.0779,-381.623
0.316405,1.1e-08
0.0578042,1.1e-08
0.290845,1.1e-08
-76.5942,-429.59
0.542085,1.1e-08
-5.84347,-3.74847
1.5041,1.1e-08
1.43287,0.115829
0.0711984,0.0426215
0.887948,1.1e-08
0.980408,0.295895
-98.2486,-451.393
-22.0189,-50.9624
-41.2548,-221.603
-41.8886,-157.818
-21.1976,-44.2985
-22.7053,-43.8524
-39.4039,-107.088
1.28988,1.1e-08
0.671182,0.209471
0.224548,1.1e-08
0.609471,0.179276
-41.3134,-183.378
1.18635,0.0708472
-25.6744,-47.8838
0.823204,0.190998
-0.954871,-0.146998
-34.1262,-131.214
0.125972,0.00721548
-38.1769,-133.77
-62.2029,-442.02
-33.218,-155.041
-25.7301,-71.687
0.342134,0.227355
-34.8018,-95.9619
-44.4629,-215.056
1.19261,0.114434
-23.0867,-55.811
1.00096,1.1e-08
1.14147,0.0429702
-15.9938,-12.1332
1.08929,0.266611
-18.2651,-37.73
-61.604,-390.291
0.767451,0.0664535
-47.4817,-238.385
-73.1958,-482.67
-58.7041,-183.187
0.579393,1.1e-08
0.641468,1.1e-08
0.800416,0.153576
1.24333,0.0377527
0.0343025,0.116375
-39.8501,-152.293
1.3352,0.0115166
-28.1273,-87.4654
-49.6268,-270.131
-71.4937,-437.096
-16.794,-32.4861
-50.748,-297.508
0.0376667,1.1e-08
0,1.1e-08
1.50414,1.1e-08
1.47054,0.0933794
-39.1558,-106.395
-51.343,-259.335
-27.891,-71.687
-29.3692,-111.564
-37.8542,-163.365
-4.85181,-2.94
-22.6242,-60.8824
-6.87227,-5.145
-41.3956,-194.524
1.50412,1.1e-08
-34.1496,-126.199
-20.4561,-49.1875
1.1e-08,0.0190172
-27.4557,-81.3991
0.0702051,0.0179906
-28.7972,-47.843
-35.4917,-107.1
-21.2418,-54.1695
0.243605,1.1e-08
-23.5904,-57.477
0.298379,1.1e-08
-28.3737,-89.5557
0.874019,0.189056
-27.6566,-98.1045
-79.803,-308.407
0.764041,1.1e-08
-5.5073,-3.33199
1.30262,1.1e-08
0.326799,0.0442342
-65.1436,-426.058
-71.7404,-492.496
-68.5001,-199.079
0.637942,0.163049
1.46289,0.237808
-55.9578,-368.76
0.753844,1.1e-08
-37.2023,-128.702
0.869319,0.0904602
-64.5571,-432.65
-61.9598,-377.3
0.426005,0.119323
-31.6034,-128.684
-6.0204,-4.18953
-43.2345,-112.474
0.809268,0.0396994
0.142414,1.1e-08
1.1e-08,0.0518118
1.24861,0.0924492
-63.967,-300.924
0.884882,0.0186964
-29.6704,-47.4754
-6.04865,-4.65497
-25.016,-43.3758
-66.267,-413.418
-72.2799,-487.407
-54.9884,-255.78
1.28657,0.328777
-64.5443,-412.459
-7.39062,-5.65938
1.49878,1.1e-08
1.1e-08,0.226911
-23.357,-43.6415
-37.4003,-184.466
-21.1143,-46.3448
-55.9659,-331.485
-31.2863,-126.198
-28.8424,-49.0674
0.552385,1.1e-08
1.07763,0.448976
0.323093,1.1e-08
1.38246,1.1e-08
0.98397,0.0656765
-67.7077,-487.926
0.71167,0.0970733
-22.1029,-42.5861
1.381,0.298941
-56.3302,-407.029
-36.0683,-155.032
1.39687,0.0335865
1.33963,0.375595
1.00127,1.1e-08
-17.0711,-27.6356
1.4103,0.0371823
1.21035,0.0122915
-31.2642,-110.167
1.25474,0.130622
-16.0612,-28.812
-62.1028,-192.642
-42.6032,-185.666
-24.1589,-47.9774
1.37791,0.09036
0.892742,1.1e-08
0.890335,0.0659865
-16.6538,-33.761
-39.123,-166.256
1.06339,1.1e-08
-35.1601,-163.471
1.08832,1.1e-08
1.1e-08,0.0813382
1.42622,0.0700995
-60.4688,-368.747
-59.6291,-327.468
0.445498,1.1e-08
0.611496,1.1e-08
0.667983,0.0700543
-32.8908,-91.6543
0.557905,0.13452
0.913469,0.0235637
0.569142,1.1e-08
-32.3271,-103.379
1.1e-08,0.0207403
-33.706,-152.291
-73.1389,-399.102
-13.2455,-22.1235
-8.42032,-7.31891
0.351215,1.1e-08
-77.5809,-487.578
1.18824,1.1e-08
0.95735,0.133858
0.588927,0.0806694
-44.6276,-292.276
-11.2693,-13.7445
-24.9277,-62.622
-61.0272,-277.464
-55.3371,-196.02
1.39516,1.1e-08
1.10294,0.0279996
-44.491,-266.497
-35.4593,-160.601
-61.066,-198.386
-62.8544,-440.065
0.456549,1.1e-08
0.355676,0.0482029
1.07188,0.390816
0.155271,1.1e-08
-52.8075,-252.249
-41.9227,-155.035
-3.27074,-1.3475
0.0309807,0.0487736
1.22224,0.0966776
1.23897,1.1e-08
0.552784,0.0748471
1.30287,0.101902
-52.0025,-262.914
0,1.1e-08
0.163907,1.1e-08
0.0954378,1.1e-08
-53.3112,-351.942
-60.3888,-192.392
-59.4873,-449.528
0.0428719,1.1e-08
0.411368,1.1e-08
1.07494,0.0858872
-15.7761,-25.3575
-12.2428,-19.11
0.0694851,1.1e-08
-56.8427,-319.504
1.36545,0.0655597
-73.8379,-458.663
-49.3651,-224.91
1.48477,0.383406
1.50415,1.1e-08
0.905966,0.0959264
1.24128,0.0895622
0.562952,0.172183
0.6644,1.1e-08
-24.2297,-73.5735
0.189336,0.167489
-46.1203,-174.932
-40.6971,-185.077
0.69666,1.1e-08
0.426204,1.1e-08
0.699215,0.184366
1.05402,0.259583
0,1.1e-08
-27.822,-98.9004
0.904206,0.160489
0.467735,1.1e-08
0.97938,0.165443
1.03139,1.1e-08
-44.2095,-172.005
-57.968,-323.472
-29.5043,-114.177
1.12137,0.216111
1.22181,0.137438
1.39449,0.262353
-71.2724,-439.843
-76.1155,-433.724
-67.4669,-381.614
1.15144,1.1e-08
-15.5627,-32.488
-58.4187,-308.036
1.19971,1.1e-08
0.431422,0.00509062
-50.6644,-327.49
1.49967,-573.623
-50.149,-339.594
-66.6448,-403.543
-31.9362,-97.9108
-64.7598,-472.88
-35.8165,-138.939
-7.29083,-7.5632
0.32259,0.185878
-9.98062,-11.1475
-18.3365,-27.6362
-46.1915,-177.913
-36.3515,-149.572
1.13636,1.1e-08
-20.174,-41.2892
0.822575,1.1e-08
-44.7829,-109.1
-51.7194,-368.734
0.0855933,1.1e-08
1.50411,0.349156
-63.272,-486.945
-68.5757,-458.641
0.122584,0.0970162
0.933068,0.0320878
1.50408,0.00823944
-68.6493,-307.693
-56.0722,-266.511
-54.8288,-273.787
0.337976,0.137801
-1.65831,-0.367499
1.39407,0.608842
-29.895,-48.3504
0.778682,0.258899
0,1.1e-08
1.45999,0.146277
0.528492,1.1e-08
0.854467,0.222953
-18.973,-39.1023
1.2697,0.501651
-55.8225,-303.269
1.4984,1.1e-08
-57.1326,-492.808
-39.494,-149.573
0.505615,0.0843741
1.12179,0.0201562
-54.5558,-339.594
-52.8576,-292.506
-8.25002,-8.08393
-55.0621,-290.572
-28.0028,-102.742
1.45725,0.0708744
0.938123,1.1e-08
-41.2298,-205.432
1.1e-08,0.124368
-14.8836,-12.4061
0.198879,1.1e-08
-49.8006,-228.242
1.27119,1.1e-08
0.939357,0.251666
-10.7466,-14.5775
0.801961,0.000988993
-57.7261,-351.942
-22.8043,-47.3835
-87.6514,-452.345
1.1764,0.180348
1.17033,1.1e-08
1.28026,0.0595543
1.50411,0.0447676
1.50411,0.0036179
1.20574,0.305895
-57.5662,-284.885
-26.2547,-77.4197
0.625755,1.1e-08
-51.0928,-241.815
0.48319,1.1e-08
-48.5744,-183.351
-86.4693,-311.523
-27.4728,-102.246
1.16867,0.285951
-3.8979,-1.91099
-31.5883,-121.275
1.3312,1.1e-08
-7.06889,-4.65499
-60.9705,-364.511
1.24457,0.287216
-0.341421,-0.0244997
-2.79144,-0.881998
0.036097,0.262523
1.02328,0.0677804
-35.211,-133.77
0.687455,1.1e-08
-10.5555,-10.0865
-43.9374,-186.424
1.16556,1.1e-08
1.50413,1.1e-08
-61.3278,-356.107
0.996058,1.1e-08
0.672312,0.048172
-64.6695,-468.236
-5.26806,-2.94
-69.6545,-422.565
1.50411,0.292032
-19.5947,-40.4761
1.0626,1.1e-08
-59.0906,-280.939
-49.2087,-192.732
-32.9714,-157.766
0.855228,1.1e-08
1.011,1.1e-08
0.110501,0.0393571
0.620675,0.0417441
-3.54325,-1.3475
0.714088,1.1e-08
-33.651,-136.342
0.285952,0.0539938
0.616048,0.0990196
0.186299,0.391186
1.51308,0
