0.275711,0.19096
0.689133,0.03169
-54.0539,-318.59
1.68681,0.0365861
-50.4024,-331.655
-50.694,-228.916
-47.421,-136.16
0.776396,0.214388
-69.2572,-556.611
0.103049,1.1e-08
0.565799,0.0139815
-24.9668,-71.6871
-66.3431,-231.598
0,1.1e-08
0.363281,1.1e-08
-48.1725,-224.206
1.1e-08,0.103378
0.57423,0.00841287
-35.3324,-139.961
-65.5397,-339.249
-46.8009,-208.612
0.341635,0.26303
-81.0578,-496.243
-14.037,-22.0595
-35.6981,-118.85
0.919294,0.139076
1.78218,1.1e-08
-12.043,-19.7017
0.693607,0.242126
-53.6085,-348.519
0.678115,0.205446
0.443615,0.230932
0.467512,1.1e-08
-32.0099,-66.1878
-62.7809,-486.353
1.1e-08,0.491413
1.42931,0.232945
0.217452,1.1e-08
-1.48042,-0.245913
-25.363,-54.1695
-11.8347,-13.8492
-51.8922,-303.865
-29.6609,-109.391
0.107106,1.1e-08
1.04992,1.1e-08
1.00285,0.179135
-5.4539,-2.94004
-26.053,-89.5474
-23.6372,-47.8485
-8.02205,-7.35
-6.46648,-5.145
-18.1012,-35.0595
0.129402,0.160489
-52.7419,-136.319
-0.739285,-0.0735022
1.82957,1.1e-08
1.16877,0.00675538
-28.5136,-81.3645
-34.7116,-160.602
-47.3957,-296.186
-30.8112,-87.465
1.42197,0.102268
0.647525,0.0109021
-11.075,-16.1519
-34.8387,-109.393
-56.4335,-355.196
0.309478,0.0352299
0.797261,0.25268
1.04338,0.0346756
-71.0832,-352.86
0.781916,1.1e-08
-69.4001,-416.991
-50.11,-229.502
-12.7547,-19.113
0.493098,0.0285281
-14.5261,-26.4845
1.09508,0.170869
-70.5444,-548.175
-62.5693,-231.599
-58.652,-373.002
-58.4424,-331.573
-18.7595,-36.3825
0.0828276,0.0193668
0.855613,1.1e-08
-18.4775,-37.73
0.391465,0.156828
0.979233,0.136141
-3.59775,-1.37139
-64.9432,-390.309
-34.3127,-146.877
1.11317,0.0360323
-66.4788,-430.655
-28.0103,-63.4523
0,1.1e-08
-32.4522,-100.327
-52.0898,-335.542
0.429076,1.1e-08
0.596821,0.014248
0.896804,0.0854605
1.52593,1.1e-08
0.109011,1.1e-08
-43.578,-208.621
0.0157455,0.311382
-33.4938,-123.726
-29.7107,-75.4334
1.10516,0.0509355
-20.3146,-20.9691
-58.5869,-435.263
-34.4119,-114.072
-17.1256,-28.812
0.359328,0.170124
-2.82749,-0.822631
1.3992,1.1e-08
0.022553,0.496667
-46.8462,-245.266
1.49955,0.129777
0.229132,0.151854
0.22651,0.0479384
1.08393,1.1e-08
1.12162,1.1e-08
1.1e-08,0.0864839
0.46879,1.1e-08
-61.4333,-492.333
0.582648,0.251932
-9.12777,-7.9625
1.49626,0.00241369
0.752382,0.130723
0.169251,0.186704
-47.9178,-318.359
-52.7226,-231.632
1.1e-08,0.0240887
-17.0067,-37.7301
-23.6241,-49.3919
-15.7526,-28.812
0.772529,1.1e-08
-71.939,-487.349
0.0802028,1.1e-08
0.213749,0.106181
-65.2249,-474.416
-55.9878,-352.269
-60.2333,-477.062
0,1.1e-08
1.61949,1.1e-08
-3.08365,-1.3723
1.04497,0.00978579
0.0682205,0.00613965
0.00534034,0.425597
-35.1007,-65.7871
0.0235456,0.204142
-54.9181,-273.787
-71.2306,-537.667
0.846138,0.219318
-17.2512,-36.3825
-19.9343,-50.96
0.240813,0.0794704
1.00189,0.0818087
0,1.1e-08
-22.068,-44.835
0.912569,0.0293739
0.322871,1.1e-08
1.22125,0.0254311
1.05628,0.173656
-21.5622,-21.0505
0.133303,1.1e-08
-56.77,-426.079
-26.5973,-68.1907
-36.0087,-152.292
-22.7246,-62.1372
-62.2717,-445.33
-49.7465,-140.53
-57.2386,-311.643
-42.0628,-226.405
-29.2479,-111.719
-73.1117,-500.844
-42.4925,-205.217
-45.6507,-266.51
1.1e-08,0.232737
1.1e-08,0.0730338
-14.8251,-21.0378
0.241889,1.1e-08
0.094962,0.118117
0.971497,0.283648
-28.0976,-98.1226
0.101165,0.0585017
0.0330154,0.0578815
1.1e-08,0.182933
0.24364,1.1e-08
-35.3909,-127.481
-54.4104,-331.303
0.114554,0.270538
-28.4989,-107.089
-29.4832,-91.6546
-20.9102,-59.1703
0.788559,1.1e-08
0.493003,0.0954932
1.56994,1.1e-08
1.28378,0.0690868
-71.5607,-508.91
-30.443,-98.1224
-2.98193,-0.904367
0.284701,0.14911
0.445543,0.0866141
-29.8449,-85.4071
1.27693,0.0813804
1.01784,1.1e-08
-51.1348,-300.006
-41.0401,-160.599
-78.4611,-549.486
-28.4076,-87.465
-18.141,-43.3649
0.789414,1.1e-08
0.490701,0.00784288
1.15226,0.0853292
0.0568489,1.1e-08
-74.3161,-558.343
-48.3788,-284.886
0,1.1e-08
-50.9876,-219.601
-8.88797,-9.94691
1.1e-08,0.408254
-50.1476,-270.137
-63.5426,-435.27
-42.16,-192.935
-45.3221,-262.909
0.664911,0.11689
0.424011,0.400072
0.853597,0.0784284
1.16403,1.1e-08
0.29679,1.1e-08
-61.8517,-360.426
-78.839,-472.872
0.39912,0.0818633
-20.2263,-57.3951
-12.787,-16.2578
-61.8544,-543.216
0.696737,1.1e-08
0.208595,0.0165521
1.09664,1.1e-08
-9.71142,-12.9353
1.36759,1.1e-08
0.0435598,1.1e-08
-14.9581,-21.8231
1.42884,0.0487091
-28.3436,-89.547
1.48971,1.1e-08
-66.2157,-216.447
0.387662,0.00343994
-38.5384,-123.395
0.153287,0.0742999
-21.5886,-40.4985
-10.9622,-13.7458
-58.1471,-466.918
0.373359,1.1e-08
-108.398,-502.761
-86.0587,-357.485
-52.0343,-346.373
0,1.1e-08
-41.3371,-177.869
-31.9225,-131.229
-38.162,-177.872
-38.2658,-149.572
-47.9734,-215.113
-64.7058,-377.3
-63.2857,-233.108
-39.5553,-205.628
-10.4779,-12.9363
-40.8196,-231.445
1.40115,0.017529
0.998434,0.712138
1.16931,0.028521
0.672304,0.0084127
-67.0437,-507.811
1.54578,0.162822
-53.4248,-131.685
1.08732,0.00545529
0,1.1e-08
-37.0339,-114.07
0.592855,0.136544
0.817772,0.0102069
-95.8926,-494.883
-21.9632,-47.8488
-52.2578,-368.76
-59.0526,-324.016
0.711537,0.184606
-42.0782,-133.789
0.865847,0.262743
1.19429,1.1e-08
1.83248,1.1e-08
-77.7789,-466.797
-49.2722,-127.534
-64.4755,-342.236
-32.9874,-98.1225
-12.8928,-17.2235
-24.5991,-55.8109
1.01506,1.1e-08
0.313166,0.0355563
0.423445,1.1e-08
-25.0538,-57.4719
0.0769721,0.398607
0,1.1e-08
1.30556,1.1e-08
-73.7307,-519.782
-2.0221,-0.50239
-6.2605,-4.18951
-23.0925,-22.1237
-56.9468,-360.593
0.627953,0.128982
-71.2187,-492.308
1.8098,1.1e-08
-89.4703,-356.004
-16.6461,-20.8069
0.183186,1.1e-08
-23.1023,-64.373
-78.9783,-356.247
-3.43931,-1.16726
-48.4652,-259.332
-26.0151,-79.38
0.154022,0.24235
-47.2024,-231.624
0.668843,1.1e-08
0.52458,1.1e-08
0.28,0.106734
-39.0172,-131.247
-16.0063,-19.8403
0,1.1e-08
-74.7119,-557.017
-37.4076,-146.877
-55.5504,-459.156
-37.9263,-66.7274
1.07655,0.224857
-37.1478,-136.626
-15.4163,-20.0662
1.8325,1.1e-08
-74.6435,-476.727
0.666253,0.0196286
-51.1849,-296.215
-40.6316,-172.014
1.25952,1.1e-08
-41.4022,-202.23
-64.8161,-517.314
0.475172,1.1e-08
1.22345,0.185472
-6.09605,-4.65499
0.812498,0.10232
-36.5303,-121.198
-2.56842,-0.71971
-3.87893,-1.1072
0.447576,0.374684
-11.3313,-14.8996
-1.38547,-0.241249
-9.79467,-12.152
1.71286,0.0227591
1.0289,0.140375
-70.9021,-444.777
0.319451,1.1e-08
-17.2017,-20.2372
-35.8915,-163.415
-36.3909,-169.123
1.19758,0.00542689
0.0306054,0.372525
0.261135,0.0241948
0.61473,1.1e-08
-24.6937,-75.4843
0.44841,0.188243
-64.2406,-532.52
0.941846,0.0904498
-80.1023,-558.364
-44.0275,-172.014
1.0275,0.070009
-1.5347,-0.365782
-69.0369,-234.225
0.305163,0.0926354
1.83245,1.1e-08
0.386862,1.1e-08
1.08516,0.0590123
-13.7744,-16.32
-57.5149,-332.333
0.973989,1.1e-08
-34.5793,-68.2825
0.149379,0.120155
-61.2185,-426.082
1.1e-08,0.0460504
0.747079,0.184955
-77.8204,-458.557
-54.8285,-133.517
-34.9323,-127.187
-50.0152,-315.561
0.946605,1.1e-08
-56.9488,-368.747
-84.7764,-497.616
-2.52089,-0.823141
-45.2495,-230.363
-35.1321,-134.298
-55.1944,-322.953
0.395371,0.297448
0.0852267,1.1e-08
-53.942,-225.839
1.56718,1.1e-08
-49.2532,-327.533
-5.33792,-3.7485
1.54081,1.1e-08
0.837161,0.0635872
0.483563,1.1e-08
1.31954,0.0603067
0.254983,0.0835994
-0.631801,-0.0734342
-3.82809,-1.62258
0,1.1e-08
-82.8943,-357.444
-38.7362,-141.611
-0.947288,-0.146938
-18.0784,-39.102
0.0755794,0.148029
0.267424,0.00289029
0.444349,0.0416985
0.066482,0.281419
0.107063,0.193352
-62.9711,-480.455
-39.3912,-216.503
-34.8284,-144.208
-55.8406,-364.511
-73.8276,-527.478
-7.02773,-5.145
-22.9864,-46.3294
-55.7348,-381.6
-16.2672,-20.0892
0,1.1e-08
0.86415,1.1e-08
1.1e-08,0.254193
1.1e-08,0.134503
1.04423,1.1e-08
-45.1744,-136.366
-68.0277,-458.568
-70.26,-517.32
1.18589,0.0655885
-5.3645,-1.34524
-27.1253,-71.687
0.339384,1.1e-08
1.25671,1.1e-08
1.35983,1.1e-08
1.49093,0.0567893
-57.5808,-407.999
-35.7247,-141.829
1.22403,1.1e-08
-10.5055,-10.6575
-7.76567,-7.96248
0.74355,0.0859598
-42.8634,-169.123
0.406795,1.1e-08
0.0557054,1.1e-08
0.525858,0.386635
1.13858,0.183437
-3.49725,-1.01047
-76.8546,-506.812
0,1.1e-08
0.452063,1.1e-08
-19.3407,-52.5507
0.458344,0.0443368
1.1464,1.1e-08
0.840815,0.131989
-38.3528,-139.155
0.228215,0.0324257
-58.5488,-231.703
0.615673,0.259332
-33.6422,-107.09
-8.58716,-9.26102
-29.8465,-63.9839
0.168474,0.275069
-66.4725,-347.632
-66.3589,-444.023
-17.1168,-31.2375
0.16868,1.1e-08
0,1.1e-08
-20.9203,-55.8101
-55.1252,-135.776
-8.91361,-10.6574
-46.6715,-281.162
-63.3112,-527.552
-44.639,-196.037
-45.3354,-205.508
-13.9753,-18.7942
-62.364,-508.79
1.04881,0.0491202
-31.9372,-91.6545
0.403262,0.122184
0.417085,0.0339195
0.317271,0.286048
0.479638,0.213028
1.63351,0.0501383
-52.4702,-350.891
-5.76566,-4.18938
-53.5128,-346.831
-14.62,-27.6354
1.13807,0.0557131
1.17966,0.138397
1.74386,1.1e-08
0.115426,1.1e-08
0.555437,1.1e-08
0.0266856,0.0153319
0,1.1e-08
0.00150757,0.184745
-54.2904,-315.56
0.137028,0.207376
-17.9876,-33.761
-10.0642,-13.7499
0.246696,0.456894
-20.9716,-52.5539
-42.9183,-136.573
0,1.1e-08
0.836028,1.1e-08
1.1e-08,0.0481831
0.0467294,0.242835
1.394,0.158882
-88.315,-497.367
-18.2497,-41.9194
1.30641,0.0260951
-10.323,-11.3925
-41.7632,-214.066
1.1e-08,0.00901648
0.915616,0.257388
1.1e-08,0.0186695
1.02946,0.22811
-26.8876,-57.4788
0.30222,0.091645
0.155209,0.0168476
1.1e-08,0.00754114
-63.7731,-458.877
0.646937,1.1e-08
0.111431,1.1e-08
-5.8242,-3.7485
-66.6503,-399.105
1.34703,1.1e-08
-21.6347,-50.9601
-76.2572,-484.204
0.639099,0.0605082
1.1e-08,0.198542
-50.9295,-321.202
-26.6664,-64.3708
-32.7549,-133.322
0.336112,1.1e-08
-42.5685,-189.885
1.21405,0.0905428
0.64567,0.250411
0.436225,0.268018
-45.7088,-248.748
0.219927,1.1e-08
-61.6096,-311.639
0.717958,0.0614377
-15.2269,-22.2931
-27.2187,-91.6543
-49.2162,-262.91
0.335178,0.127808
0.797565,0.192084
0.0992189,1.1e-08
0.101137,0.0732832
-52.1882,-360.787
-7.78287,-6.19849
1.68175,1.1e-08
-31.9285,-116.446
-83.7989,-554.236
-61.8855,-472.361
-76.3816,-488.879
-3.02506,-1.36491
-75.97,-350.952
-54.4115,-270.137
-62.8542,-331.239
-46.7231,-273.787
-79.5866,-527.43
0,1.1e-08
0.729866,0.0151971
-11.2773,-13.5239
-69.9824,-347.717
0.673373,0.0814783
1.1e-08,0.00221264
-45.7449,-192.938
1.1e-08,0.392449
0.204324,0.359003
1.06778,1.1e-08
-7.16125,-6.1985
-8.08638,-6.76198
0.320807,1.1e-08
-37.4942,-172.015
-91.0307,-479.641
-65.4816,-547.714
-43.5536,-166.257
-35.1724,-102.555
-63.3192,-522.335
1.44574,0.455022
1.39393,0.335273
1.13763,0.0236701
0.637245,0.0624607
-66.9838,-475.757
-22.7309,-59.9691
-62.0227,-394.695
-44.7916,-177.87
-18.5374,-40.4973
1.00095,0.0118629
0.28986,1.1e-08
-17.0252,-21.3668
0.27948,0.0657443
-58.8955,-463.379
-62.6155,-240.616
0.00238452,1.1e-08
-25.2486,-85.4063
-69.0763,-350.832
-68.9532,-435.266
-37.4334,-133.569
0.759827,1.06694
1.20889,0.128786
0.359061,1.1e-08
-42.91,-186.839
-47.9071,-227.147
-4.57859,-2.2295
1.1e-08,0.0643292
-15.8368,-30.0124
-3.32013,-0.132274
0,1.1e-08
0.223902,0.106138
-48.5022,-292.418
1.42775,0.00270916
-52.6621,-292.414
0,1.1e-08
0.596612,1.1e-08
-14.8704,-23.2027
0.876205,0.142204
-63.6191,-463.469
-51.4942,-215.069
0.768083,0.094862
-59.8459,-390.309
0.735073,1.1e-08
-47.1687,-223.371
-21.4109,-43.365
-41.1577,-239.136
-2.87914,-0.684752
-107.101,-501.797
1.46201,0.19108
1.00601,1.1e-08
0.27608,1.1e-08
0.693232,0.00754567
0.167802,1.1e-08
-59.542,-449.33
-58.608,-343.2
-52.2537,-252.254
0.509066,0.277127
1.05209,1.1e-08
0.950412,0.17476
-65.6994,-537.638
-44.3922,-252.257
0.838727,0.414174
0.88862,0.0526729
-66.011,-501.835
0.868351,0.189669
-21.3216,-46.3297
-62.8417,-468.357
0.0388762,0.167377
-60.4821,-439.915
-26.4952,-83.3735
1.31713,1.1e-08
-49.6574,-248.749
-20.022,-40.4979
0.521654,0.213348
1.74822,0.0430151
0.385499,0.203219
0.30516,0.249864
-36.7096,-180.835
1.38734,1.1e-08
-57.294,-345.97
0.189092,0.0539622
0.0201073,0.00851484
-20.0304,-37.73
-52.3581,-221.341
0.124518,0.0479207
-30.4129,-102.555
-32.542,-95.9419
0.723622,1.1e-08
1.1e-08,0.345666
0.989506,1.1e-08
-50.8608,-245.272
-71.1153,-472.287
1.1e-08,0.0241386
-60.1128,-228.215
-71.5268,-487.128
-8.69317,-7.35
0.905572,1.1e-08
-49.4555,-238.058
-4.8174,-2.57249
-8.42805,-7.96249
-33.0745,-126.086
-46.4611,-199.136
-44.7606,-202.28
-52.4617,-357.107
-59.5371,-300.028
-3.31003,-1.37161
-36.7439,-131.203
-17.1812,-40.5005
0.248578,0.037057
-70.1829,-421.466
0.321631,0.196593
-27.0972,-93.786
-56.3861,-231.465
-4.22469,-2.2295
-1.87492,-0.369708
1.34418,0.0616966
-14.5333,-20.1686
-37.9143,-67.2551
1.1e-08,0.0418424
-62.4269,-407.998
-71.838,-469.55
-49.4726,-217.939
-52.6229,-259.332
0.0478152,0.0477076
0.215118,1.1e-08
0.609544,0.0778594
-44.0841,-231.676
0.500235,1.1e-08
1.22751,0.232503
-46.7848,-211.715
0,1.1e-08
-13.2325,-15.3939
-23.9333,-59.7671
-1.64459,-0.372568
1.1e-08,0.0420269
-17.1877,-30.0125
-51.1633,-323.705
-40.959,-67.9875
-59.5998,-412.482
-60.699,-338.587
0.884886,0.00329787
1.1e-08,0.0521324
-40.4502,-208.618
-60.1598,-138.907
0.459818,0.00574649
0.17989,0.389694
-37.962,-157.806
0.706331,0.387738
-33.8205,-104.808
-50.8145,-281.162
-66.4382,-230.616
0.711945,0.101987
-38.4111,-174.93
0.595677,1.1e-08
0.958831,0.21456
-44.9292,-174.93
1.45057,0.0156391
0.400968,0.0736468
1.60765,0.0673992
-43.1725,-220.041
-84.4979,-354.329
1.22404,1.1e-08
1.1e-08,0.0147656
-12.1933,-18.1509
-1.88485,-0.521785
-67.9997,-563.577
-83.648,-353.133
-80.8357,-548.88
0,1.1e-08
0,1.1e-08
-21.8183,-49.392
-77.016,-497.717
-67.3964,-470.931
-55.7329,-226.109
-39.202,-69.1479
-56.9936,-394.695
-23.6224,-62.3449
-11.3996,-15.4683
-0.669615,-0.0734918
0.608653,0.181389
-45.9357,-255.78
0.401751,1.1e-08
0.450813,0.0197628
0.540784,0.260706
-60.5574,-343.314
-15.5724,-32.487
-106.118,-499.302
0.153198,1.1e-08
-19.655,-41.9198
-55.9185,-307.743
0.295942,1.1e-08
-32.6842,-102.56
0.573688,0.0944325
-40.3064,-183.823
0,1.1e-08
-55.7087,-337.561
-68.3619,-449.264
0.184763,0.0591548
-72.536,-449.232
0.491975,1.1e-08
-12.1165,-12.9361
-51.8195,-205.433
0.0263394,1.1e-08
-24.9655,-65.3638
0.570729,0.325362
-22.6927,-52.5546
0.837104,0.00704717
-34.434,-116.45
0.712396,0.275649
-53.3131,-327.402
0.907992,1.1e-08
-25.1116,-77.42
1.0721,0.0921579
-41.6252,-131.211
0.479145,0.150877
0.869457,0.0123384
-12.4431,-20.1801
-62.7615,-486.826
-79.9636,-477.647
1.70447,1.1e-08
-15.8356,-26.4845
-28.2289,-102.563
-67.4698,-512.44
0.0357992,1.1e-08
0.544554,0.0925976
0.00684338,1.1e-08
0.415151,0.00210487
0.197976,1.1e-08
-66.2518,-481.348
-40.3049,-137.801
-43.4389,-211.965
-5.02042,-1.34501
0.21071,0.247695
-34.5251,-111.72
0.30452,1.1e-08
1.7492,0.023282
-60.1924,-403.54
-82.6976,-351.704
-80.1912,-532.532
1.05405,1.1e-08
0.409361,0.00490861
0.0960173,1.1e-08
1.78199,0.078589
-23.4586,-50.9599
-22.7937,-59.1648
0,1.1e-08
-37.0116,-67.7859
0.288448,0.317324
0.257725,0.341227
0,1.1e-08
0.0755572,0.225606
1.11675,0.104071
1.2978,0.206458
1.21066,0.280409
-44.5987,-224.385
-48.6921,-241.815
0.712124,0.144525
-51.758,-307.757
0.0376853,0.121729
-29.5326,-116.449
-102.931,-497.325
-48.2119,-202.3
-30.0142,-95.942
0.442992,0.133944
0.716826,0.362536
-65.1927,-356.111
-49.6094,-266.511
-21.7999,-57.5782
0.534177,1.1e-08
-13.5359,-20.4712
0.13914,0.365168
-27.4716,-85.4069
-0.708146,-0.073516
-17.1924,-27.6359
-103.814,-496.256
1.65969,1.1e-08
-68.0379,-220.833
-57.0264,-472.575
-65.1909,-453.926
-26.2072,-87.4653
-23.6726,-69.9491
0.671976,1.1e-08
1.83242,1.1e-08
-56.5614,-228.264
-20.3575,-44.8351
-38.1542,-202.131
-48.0589,-303.886
0.375756,0.0284282
-18.7773,-44.8348
1.28975,1.1e-08
-74.4271,-532.529
-91.6232,-497.356
0.198441,0.206152
-70.5474,-439.903
1.7333,0.125605
0.0547361,0.0140791
1.81824,0.0113974
0.102186,0.129949
-56.0297,-421.619
-19.2618,-21.1082
-22.9064,-71.6866
0.838122,1.1e-08
-57.3462,-327.485
1.18124,1.1e-08
1.1e-08,0.00917388
0.612152,0.0822694
-13.2504,-18.1586
0.877924,1.1e-08
-78.5409,-234.91
-42.626,-227.374
-17.5947,-21.0681
0.892573,0.35749
-34.3137,-121.425
-48.7289,-137.668
1.1e-08,0.0871209
-30.2713,-118.849
-2.43836,-0.627265
-2.67547,-0.969288
-56.1842,-348.403
0.269019,1.1e-08
-28.2713,-64.289
0,1.1e-08
1.1e-08,0.132542
0.284567,0.0066025
-61.2547,-319.516
-2.16111,-0.52271
-47.2059,-277.462
-18.3739,-32.487
0.534134,0.161663
-84.7528,-489.202
0.524431,0.049789
1.14831,1.1e-08
0.52329,0.0523086
-41.5025,-174.93
-47.2278,-288.632
-54.9746,-296.205
1.70358,0.1528
-47.2406,-300.049
1.1e-08,0.330427
-30.7682,-89.5477
-39.4786,-199.137
1.17991,0.214387
-63.2748,-385.948
-73.8915,-347.787
-3.48431,-0.880859
1.53979,0.0649842
-76.1381,-351.917
1.04361,0.106585
0.386306,1.1e-08
0.184335,0.00598628
1.39684,0.069368
-72.6697,-459.031
0.663466,0.15672
-67.6824,-407.998
0.235442,0.189851
-48.1831,-196.025
-41.5062,-128.537
-23.55,-54.1695
1.25065,1.1e-08
-3.69588,-1.03106
0.824834,0.174532
1.06357,0.0171739
-40.2079,-166.257
0.787439,0.0567616
-69.9346,-236.584
-63.7901,-553.362
1.02358,1.1e-08
-73.6647,-522.352
0.324847,0.158853
-55.8019,-439.902
-20.337,-54.1691
-15.8618,-27.6365
0.805568,0.016285
0.92433,0.0406671
-11.9423,-17.2233
-69.2085,-532.541
0.177043,0.0289174
-16.5199,-33.761
0.447405,1.1e-08
1.50471,1.1e-08
-32.1409,-109.392
-29.7452,-114.073
-39.1556,-152.292
-31.8346,-64.1698
1.1e-08,0.0244979
0.00694847,0.27005
0.420752,0.174246
0.0818197,1.1e-08
-55.1631,-390.309
-43.0081,-245.259
-37.8111,-124.947
-62.5301,-512.089
-10.4106,-9.947
-68.9559,-559.161
0.388683,0.341145
-52.7402,-126.358
-20.3374,-19.0609
0,1.1e-08
-67.0252,-488.028
-18.216,-46.3294
-37.8431,-144.207
1.5476,0.0100129
0.763111,1.1e-08
-3.6989,-1.30318
-13.9459,-17.2237
0.0722889,0.070523
-13.6563,-23.1772
-83.5756,-493.907
0,1.1e-08
-32.8851,-118.85
-51.2503,-288.634
-52.5685,-284.886
0,1.1e-08
-63.523,-560.134
0.625186,0.0206179
-32.1492,-121.115
0.244306,1.1e-08
-3.81957,-1.91099
-16.9264,-32.487
-38.2467,-67.3459
1.24607,0.0458075
0.442495,0.0748122
-33.0341,-130.003
-27.4343,-100.328
-4.12009,-1.09792
-82.3596,-338.052
0.848955,1.1e-08
-50.66,-273.788
-38.674,-128.653
1.71412,1.1e-08
-49.0895,-235.334
-4.64862,-2.94001
-57.1892,-430.65
-13.7523,-19.0433
-44.654,-292.4
-60.6339,-421.237
-5.04335,-2.94002
1.1e-08,0.0602069
1.25528,1.1e-08
-55.2753,-403.54
0,1.1e-08
-70.9474,-426.079
1.24577,0.114821
-4.8452,-1.43877
-55.5408,-277.462
0,1.1e-08
1.38185,1.1e-08
-3.52293,-1.62723
-60.6223,-356.487
-2.30537,-0.511987
-62.8401,-499.532
-28.7241,-104.742
-73.7156,-463.421
-96.5887,-497.239
1.1e-08,0.16611
-49.4861,-311.646
-63.077,-348.248
-60.2447,-303.872
-60.6755,-381.596
-51.332,-232.228
-19.608,-35.0595
0.750157,0.0298345
1.65048,1.1e-08
-51.5765,-140.716
-43.514,-217.144
0.919559,0.0940501
0.0214575,1.1e-08
-28.2828,-79.38
1.83244,0.0648034
-55.0387,-377.3
-79.367,-522.366
0.0208668,0.261702
0.125323,0.0377615
0.527086,0.0016379
-57.5034,-319.7
1.19185,0.0760525
-10.051,-9.26099
-25.3021,-63.003
-24.455,-52.5517
-72.1719,-545.419
-13.7892,-24.255
0.706467,1.1e-08
1.45616,1.1e-08
-19.7276,-46.3291
-29.85,-121.333
0.688574,0.0764129
-52.0516,-138.928
-15.5066,-25.3575
-22.0171,-63.1875
-18.3448,-21.0827
0,1.1e-08
-60.0102,-453.945
1.59746,0.120851
-58.1127,-444.088
-49.9919,-255.78
1.1e-08,0.284828
0.132579,0.103522
-65.2856,-421.743
1.62394,1.1e-08
-64.1177,-449.131
-55.6339,-288.634
0.692433,1.1e-08
1.1e-08,0.382596
-90.5244,-501.289
-40.2494,-211.736
-46.2667,-270.137
-46.1753,-238.46
-39.2581,-189.835
-76.1422,-444.497
-62.9188,-235.873
-40.2103,-126.588
-30.9971,-107.089
-76.1663,-517.317
0.338912,0.0423037
-73.948,-501.582
0.548819,1.1e-08
-58.814,-351.882
-81.5434,-353.167
-79.5055,-491.863
-44.8191,-215.077
-72.1641,-480.058
1.1e-08,0.215864
0.678086,1.1e-08
0.575814,1.1e-08
0.220348,0.309997
0.789828,0.149088
-27.0082,-73.5735
-34.402,-131.218
0.751194,0.0325039
-7.39097,-7.34997
-68.5912,-505.104
0.168961,0.311855
-78.2469,-472.377
0.851612,0.0430359
0.628535,1.1e-08
0.14015,1.1e-08
0.148905,0.0429351
-61.7071,-430.673
0.189508,0.130185
0.394116,1.1e-08
0.0975752,0.323761
-81.1013,-481.54
0.566618,0.183044
-9.62249,-9.94695
1.1e-08,0.165353
1.23681,0.0646098
0.52691,0.327068
-2.71444,-0.678521
0.00828411,0.015914
-103.914,-504.61
-25.8048,-69.8278
-44.6404,-259.333
-45.9693,-189.89
-25.1487,-61.9891
-26.869,-61.4567
-44.0657,-133.768
0.956207,0.0154816
0.596624,1.1e-08
0.614565,1.1e-08
0.596594,1.1e-08
-45.018,-217.816
1.14402,0.145968
-30.2301,-66.2161
0.176196,0.0924301
-4.42954,-2.57249
-37.7704,-160.588
0.640529,1.1e-08
-42.2163,-163.415
-65.8042,-494.697
-36.4783,-186.843
-29.4539,-93.786
0.519906,0.127244
-39.1553,-121.297
-48.1679,-252.246
0.574482,0.0549313
-26.8785,-75.4845
1.48484,0.0649135
0.958797,0.0986837
-21.6687,-22.0978
1.25088,1.1e-08
-21.9164,-54.1695
-65.4113,-439.878
0.522948,1.1e-08
-51.2391,-277.463
-77.2633,-537.648
-63.8007,-217.67
1.34103,1.1e-08
0.789368,0.375561
-3.41722,-0.968425
1.14559,1.1e-08
0.279871,0.0263411
-43.8009,-183.825
-1.08877,-0.147001
-31.8103,-111.72
-53.3148,-311.634
-75.6366,-489.48
-20.4146,-47.8474
-54.3258,-340.989
0.494831,0.0938316
-0.334837,-0.0244994
1.1e-08,0.116146
1.28666,0.182735
-43.7457,-132.992
-55.2384,-300.03
-31.9309,-93.7859
-32.7682,-138.766
-41.474,-195.969
-8.40446,-8.59949
-26.1784,-81.3644
-10.6566,-12.152
-45.0382,-229.97
1.1e-08,0.0445768
-37.8697,-155.035
-24.0854,-67.751
0.334155,0.0670157
-31.1839,-104.85
0.731865,0.239735
-33.9065,-66.168
-39.6906,-133.781
-24.781,-73.5735
0,1.1e-08
-27.4074,-77.42
0.356328,0.230561
-32.0446,-114.081
0.550718,1.1e-08
-31.0728,-123.705
-85.3322,-352.657
1.30445,0.00628905
-9.29118,-9.26098
0.726771,1.1e-08
0.0385015,1.1e-08
-68.9916,-477.796
-75.6869,-548.015
-74.4328,-234.918
1.1e-08,0.27526
0.932417,1.1e-08
-59.5152,-417.002
1.15753,0.31189
-41.2161,-157.808
0.0425142,0.1228
-68.3537,-484.779
-65.8545,-426.079
0.94323,1.1e-08
-35.0103,-157.789
-9.6988,-10.6576
-48.2568,-139.798
1.41429,1.1e-08
0.484651,0.338891
0.36159,0.102018
1.26764,0.149325
-68.4791,-344.647
1.54771,1.1e-08
-34.8944,-65.7237
-9.54219,-11.3925
-29.6844,-60.8953
-70.2287,-464.409
-76.2757,-542.647
-59.1902,-296.205
0.239613,0.497805
-68.4241,-463.393
-11.2623,-12.9358
1.1e-08,0.284706
0.569409,1.1e-08
-27.7113,-61.2115
-40.7704,-219.02
-24.9211,-64.4041
-59.7196,-377.3
-34.6929,-155.035
-33.8959,-67.6173
1.19948,1.1e-08
0.162656,0.122879
0.352401,0.0133348
1.63937,0.0205221
1.1e-08,0.35205
-71.4502,-543.194
1.21275,1.1e-08
-26.2225,-59.9563
1.02572,1.1e-08
-59.7334,-457.636
-39.61,-186.832
0.576199,0.0652891
1.34616,1.1e-08
1.42719,1.1e-08
-21.0664,-41.919
1.08056,0.0659146
1.49068,1.1e-08
-34.9223,-137.208
0.106077,0.233701
-19.7414,-43.365
-67.4896,-227.934
-46.4111,-220.331
-28.4453,-66.3268
0,1.1e-08
0.190125,1.1e-08
1.58773,1.1e-08
-20.174,-49.3921
-42.8327,-199.135
0.356628,0.0895974
-38.5214,-196.086
1.61748,1.1e-08
0,1.1e-08
0.433596,1.1e-08
-64.314,-416.988
-63.6542,-373.013
0.276672,0.225567
-4.82291,-1.33631
0.3853,0.0455089
-37.1013,-116.448
1.83245,0.0214985
-3.3011,-0.880491
0.559507,0.130067
-36.2337,-129.621
0.652653,0.372882
-37.0449,-183.822
-77.6099,-449.229
-16.712,-35.0595
-12.2804,-15.3888
0.0559651,1.1e-08
-81.8711,-542.827
0,1.1e-08
-2.14471,-0.671244
1.56951,0.022184
-47.813,-335.386
-15.0283,-24.255
-28.791,-83.3735
-65.5057,-319.506
-60.17,-231.594
0.734803,1.1e-08
1.30416,0.119637
-47.8184,-307.729
-38.8797,-192.941
-66.3629,-234.164
-66.5124,-492.628
1.60666,0.00648782
0.985843,0.0384376
0.246022,1.1e-08
0.906801,0.189496
-56.8724,-292.404
-46.0424,-186.836
-6.86051,-5.6595
0.527263,0.0835014
0,1.1e-08
0.808017,1.1e-08
-4.82292,-0.464573
0.159477,0.149512
-55.9208,-303.879
-1.28992,-0.249995
0.0117294,1.1e-08
0,1.1e-08
-56.7806,-399.105
-65.6277,-227.657
-62.9125,-502.636
0.358803,0.0139571
0.983541,0.240393
1.52523,0.00959577
-19.6347,-39.102
-15.6939,-31.2375
1.1e-08,0.144208
-60.7269,-364.511
1.1e-08,0.209295
-78.0474,-512.293
-53.3886,-262.909
1.45785,1.1e-08
1.48287,0.0152414
0.245025,0.00308919
0.00507676,0.294325
0.501193,0.180503
0.971951,0.0447477
-27.689,-95.942
0.0581347,0.0862915
-50.3857,-208.62
-44.3298,-219.699
1.42262,1.1e-08
1.1e-08,0.235899
1.30228,1.1e-08
-1.01914,-0.147009
0.00463588,0.33012
-31.2205,-124.599
0.0753403,1.1e-08
0.436429,1.1e-08
0.126545,1.1e-08
0,1.1e-08
-48.3314,-205.422
-61.9054,-368.748
-32.8839,-141.678
0.0893507,0.173559
0.803412,0.06002
0.0369925,1.1e-08
-75.4206,-492.393
-80.5698,-485.92
-71.6853,-430.663
0.772604,0.022622
-18.9156,-47.8497
-62.4856,-352.254
-0.348244,-0.0244999
0.00938944,0.453723
-54.0827,-373.037
1.49965,-633.525
-53.4712,-385.948
-70.6961,-453.94
-35.883,-123.486
-68.3937,-527.312
-39.5331,-169.123
-10.6248,-15.7478
0,1.1e-08
-13.638,-20.7568
-22.6325,-41.9197
-50.4283,-211.874
-39.9865,-180.834
0.824835,1.1e-08
-23.9896,-58.4007
-3.13886,-0.880078
-50.0237,-136.015
-55.0065,-416.974
-2.30268,-0.737873
1.76149,1.1e-08
-66.7688,-542.159
-72.4842,-512.27
0.268232,1.1e-08
1.36207,1.1e-08
1.29246,1.1e-08
-73.4305,-351.887
-60.2703,-307.744
-58.8777,-315.56
0.0200321,1.1e-08
-5.3066,-3.332
0.840126,1.1e-08
-35.1759,-66.7851
0.163938,0.00690815
-0.316508,-0.0244972
1.11782,0.00121127
0.640788,1.1e-08
0.0670271,0.340687
-22.6993,-55.8114
1.1e-08,0.0354975
-59.7333,-347.154
0.878157,1.1e-08
-60.273,-548.345
-43.4454,-180.835
1.13907,0.220694
1.5805,1.1e-08
-58.1707,-385.948
-56.6339,-335.633
-11.8752,-16.4942
-58.9917,-333.555
-31.4239,-128.911
1.54386,0.108101
0.568644,0.216161
-44.7448,-241.815
0.382499,1.1e-08
-20.1982,-22.4769
0.63159,0.0349398
-53.8301,-266.511
0.147494,1.1e-08
1.31858,1.1e-08
-14.2213,-25.3575
0.869115,0.0916373
-61.4832,-399.105
-26.8502,-65.6266
-92.7029,-505.617
0.396855,0.24507
0.514701,0.0151803
-1.76052,-0.361962
0.800792,0.0337929
1.46003,1.1e-08
0.547458,0.0158294
-61.7338,-327.466
-29.9102,-100.327
0.641961,0.194314
-55.1087,-281.162
0.985715,1.1e-08
-52.9569,-217.803
-92.4533,-355.983
-30.7916,-128.349
0.00926234,0.138239
-7.46215,-6.76198
-35.0974,-149.572
0.751864,1.1e-08
-11.172,-11.3925
-64.8702,-412.482
1.39324,0.408398
-4.15905,-1.911
-6.63799,-4.655
0.340964,1.1e-08
1.73674,1.1e-08
-38.9349,-163.415
0.0583794,0.197205
-14.6971,-19.3309
-47.8528,-221.145
1.6297,0.136129
0.440196,0.319289
-65.2969,-403.539
0.249823,0.265559
0.00228255,0.0986792
-68.3169,-522.408
-9.13665,-8.59949
-73.797,-474.102
1.33873,0.118432
-23.3753,-57.4502
1.09649,1.1e-08
-63.3965,-323.234
-53.5389,-228.019
-36.1785,-189.833
1.2756,0.0131932
0.464568,0.101506
0.475253,0.272237
1.35448,0.0438708
-7.44886,-5.6595
0.522972,0.418844
-37.1749,-166.257
0.107884,0.300308
0.990231,0.0958084
0.812664,1.1e-08
1.88038,0
