1.40738,1.1e-08
1.25818,0.0362713
-57.4106,-359.326
1.71768,0.274473
-53.4748,-373.193
-54.4214,-263.634
-51.9375,-163.215
0.167677,0.0182849
-72.5238,-610.062
1.08544,1.1e-08
0.948394,1.1e-08
-28.2517,-91.6546
-71.1859,-266.511
-1.01073,-0.147
0.784285,0.100411
-51.7406,-258.576
0.148815,0.188319
0.613299,0.0767433
-38.6653,-167.375
-69.4886,-381.246
-50.4011,-241.809
1.70088,1.1e-08
-85.091,-546.779
-17.3779,-33.6833
-39.3427,-144.207
1.50721,0.0887992
1.2847,0.027045
-15.128,-30.7574
0.34882,0.00216173
-56.8211,-391.084
0.730697,0.0489606
0.329507,0.265237
1.13676,0.231286
-36.3951,-85.4221
-65.9512,-536.397
0.182351,0.0826452
1.61332,1.1e-08
0.775048,0.0655567
-5.22447,-2.57666
-29.2096,-71.687
-15.421,-23.3273
-55.1968,-343.677
-32.8148,-133.768
0.0715442,0.269792
1.71768,1.1e-08
0.811375,1.1e-08
-9.10181,-7.96256
-29.1163,-111.72
-27.4533,-64.386
-11.3634,-14.5775
-9.69615,-11.3925
-21.5159,-49.392
0.713594,1.1e-08
-57.7651,-163.389
-4.57319,-1.911
0.646483,0.156933
1.16792,1.1e-08
-32.0346,-102.557
-37.7551,-189.879
-50.4528,-335.507
-34.481,-109.392
1.71768,1.1e-08
0.344441,0.223236
-14.1464,-26.2725
-38.5468,-133.77
-59.7527,-398.14
0.74923,0.482539
1.55351,0.000490718
1.43809,1.1e-08
-75.2916,-395.668
1.1e-08,0.27843
-73.1734,-463.419
-53.8213,-264.266
-16.0221,-30.0155
0.156028,0.230332
-17.6824,-39.102
1.71768,0.173096
-73.8876,-601.228
-67.1367,-266.511
-62.0226,-416.979
-62.006,-373.106
-22.2351,-50.96
1.27294,1.1e-08
-0.333321,-0.0244998
-21.8366,-52.5525
1.33687,0.266153
1.63331,0.221513
-7.22332,-5.24887
-68.5925,-435.267
-37.4599,-174.93
1.71768,0.01442
-70.034,-477.817
-31.9575,-82.3131
-3.51636,-1.34739
-36.0601,-123.725
-55.2461,-377.315
1.31477,0.0677291
0.415372,0.0139607
0.525798,1.1e-08
1.67627,0.268885
0.469053,0.170066
-46.9295,-241.819
0.518365,0.0300047
-36.8424,-149.574
-33.7886,-95.9471
0.625872,1.1e-08
-25.2694,-32.3303
-61.7025,-482.67
-37.9966,-138.94
-20.6949,-41.9195
0.193725,0.0481808
-6.35526,-4.04404
1.71768,0.00347825
0.899301,1.1e-08
-50.1685,-281.158
1.4884,0.137053
1.11416,0.141011
0.111784,1.1e-08
1.71768,0.0410036
1.22724,0.177629
0,1.1e-08
0.298044,0.0742715
-64.5042,-542.675
0.56858,0.0646435
-12.786,-15.435
1.62597,0.00147853
1.1e-08,0.169989
0.138227,0.266798
-50.8924,-359.08
-56.5715,-266.547
0.389712,0.0120747
-20.0967,-52.5526
-27.3767,-66.1744
-19.033,-41.9195
1.16221,0.0218203
-75.5541,-537.441
0.346201,0.0577387
0.733203,1.1e-08
-68.551,-523.854
-59.3001,-395.041
-63.2915,-526.639
-0.656745,-0.0735054
1.71768,0.245687
-6.32333,-5.2513
0.332383,0.102886
0.690848,0.38985
0.134406,1.1e-08
-39.8548,-84.9788
0.841174,1.1e-08
-58.6047,-311.64
-74.6386,-590.22
0.235758,0.128137
-20.4443,-50.96
-23.0469,-67.9874
0,1.1e-08
0.811012,0.25199
0.217896,1.1e-08
-25.7485,-60.8824
0.975507,0.206909
0,1.1e-08
1.42474,0.152004
1.12446,1.1e-08
-26.8227,-32.4321
0.948928,0.0846298
-59.8213,-472.996
-30.1915,-87.6956
-39.252,-180.834
-25.9703,-80.8147
-65.5484,-493.269
-54.4467,-168.004
-60.8386,-351.945
-45.1553,-260.935
-32.3249,-136.341
-76.7316,-551.608
-45.7855,-238.152
-48.7551,-303.873
0.231947,1.1e-08
0.104267,0.0130903
-18.4373,-32.4159
0.234169,1.1e-08
0.493661,0.081495
1.4908,1.1e-08
-31.2533,-121.275
0.538373,0.141168
0,1.1e-08
0.0944399,1.1e-08
1.71768,0.0158856
-38.8815,-153.704
-57.7277,-372.82
0.768391,0.209517
-31.5619,-131.222
-32.9111,-114.072
-23.9378,-77.4232
1.24069,1.1e-08
0.955486,1.1e-08
1.71768,0.0556143
1.71768,0.00384301
-75.0859,-560.072
-33.8632,-121.275
-6.707,-4.24566
0.606993,0.00200612
0.382776,0.288378
-33.4428,-107.09
1.03685,0.0616199
1.20076,0.015189
-54.412,-339.573
-44.6417,-189.876
-82.1624,-602.599
-31.789,-109.392
-21.2127,-59.1673
1.26288,0.144852
0.809096,0.0256595
1.71768,1.1e-08
0.309113,0.194436
-77.8054,-611.874
-51.5609,-323.474
0,1.1e-08
-54.7118,-253.664
-12.0577,-18.1544
0.0894518,0.303273
-53.5357,-307.744
-66.9224,-482.678
-45.5326,-224.907
-48.4255,-300.027
0,1.1e-08
0.994918,1.1e-08
1.33718,1.1e-08
0.505651,1.1e-08
1.07527,0.0414041
-65.4698,-403.676
-82.8305,-522.258
1.15731,0.0905188
-23.1959,-75.3904
-16.3395,-26.4083
-64.7987,-596.034
0.0601975,0.327553
-0.940292,-0.147002
1.52165,1.1e-08
-12.7418,-22.1226
1.71768,0.0587154
0.582373,0.431698
-18.6172,-33.396
1.70564,0.0742658
-31.6779,-111.719
1.66004,0.084508
-71.0202,-250.296
1.28111,1.1e-08
-42.3941,-149.208
0.134922,0.0620686
-25.3812,-55.811
-14.2838,-23.1787
-61.1277,-515.975
0,1.1e-08
-113.766,-553.62
-91.1247,-400.564
-55.1496,-388.797
-2.89824,-0.881937
-44.7815,-208.616
-35.0199,-157.813
-41.3409,-208.619
-41.7451,-177.87
-51.6083,-248.804
-68.4041,-421.522
-67.8811,-268.129
-42.6197,-238.596
-13.7501,-22.1239
-43.7976,-266.346
1.1e-08,0.0918015
0.837478,0.0903401
1.11951,0.0949972
0.418144,0.268336
-70.3463,-558.919
1.71768,0.116626
-58.4685,-158.333
1.45693,0.0602978
-2.88964,-1.1025
-40.8939,-138.938
0.886382,0.0845216
1.71768,1.1e-08
-100.644,-545.354
-25.5059,-64.3863
-55.2775,-412.493
-62.6979,-365.087
1.00411,0.0351306
-46.1258,-160.618
1.53976,0.0355186
1.71768,1.1e-08
0.692034,1.1e-08
-81.7687,-515.848
-53.9276,-153.805
-68.3365,-384.412
-36.6955,-121.275
-16.3761,-27.636
-28.2726,-73.5734
0.411099,0.168069
-1.077,-0.146998
1.14519,1.1e-08
-28.7401,-75.4786
0.634189,0.0119491
0.0819746,1.1e-08
1.21942,0.118294
-77.4011,-571.506
-5.38015,-3.29611
-9.7431,-9.94702
-28.5909,-33.7612
-60.2769,-403.853
1.1e-08,0.296098
-74.7797,-542.649
1.34365,1.1e-08
-94.736,-398.995
-20.7156,-32.1257
0.183321,1.1e-08
-26.3093,-83.3587
-83.6288,-399.253
-7.32756,-4.81087
-51.8074,-296.205
-29.266,-100.327
0.105519,0.23366
-50.6476,-266.538
0.0199578,1.1e-08
0.6632,0.190398
0.0717698,1.1e-08
-42.8058,-157.832
-19.9281,-30.9244
0.650001,0.0283798
-78.2354,-610.484
-40.8402,-174.93
-58.4266,-507.814
-43.1213,-86.0414
1.71768,0.157389
-40.6844,-163.725
-19.2719,-31.2076
0.853353,0.0458601
-78.4327,-526.284
1.60678,0.00888841
-54.4868,-335.538
-44.0747,-202.272
1.71768,1.1e-08
-44.6361,-234.935
-67.9772,-568.887
0.00552253,0.114495
1.56996,1.1e-08
-9.30131,-10.6575
1.71768,0.191977
-40.2206,-146.793
-6.23447,-3.84001
-8.19254,-4.66586
0.0572065,0.0191276
-14.6641,-24.6718
-4.83999,-2.5564
-12.9515,-21.0945
1.38487,1.1e-08
1.63206,1.1e-08
-74.6342,-492.686
1.71768,1.1e-08
-21.5023,-31.4295
-39.0116,-192.938
-39.5002,-199.136
1.58321,0.130041
0.268399,1.1e-08
0.702974,0.164206
0.844864,1.21369e-05
-27.8585,-95.9418
0.920342,1.1e-08
-67.3283,-584.827
1.71768,1.1e-08
-83.8643,-611.896
-47.7602,-202.272
0.462401,1.1e-08
-4.55677,-2.93381
-74.0431,-269.329
0.68116,1.1e-08
1.24376,1.1e-08
0.50557,1.1e-08
1.34274,0.13392
-17.608,-26.4884
-60.9799,-373.915
0.358608,0.172273
-39.2716,-87.8001
0.00439246,0.0184224
-64.5094,-473
0.52017,1.1e-08
0.490572,1.1e-08
-81.8552,-507.184
-60.0036,-160.328
-38.3703,-153.374
-53.1403,-356.109
0.106743,1.1e-08
-60.2405,-412.479
-88.995,-548.221
-5.65518,-4.05046
-48.6015,-265.189
-38.5096,-161.177
-58.6012,-363.958
0.764962,1.1e-08
0.722603,1.1e-08
-57.9384,-260.33
1.62719,0.0724365
-52.2738,-368.82
-8.4745,-9.26099
1.71768,0.264546
0.0558677,0.423567
0.589065,1.1e-08
1.67866,1.1e-08
0.0829627,1.1e-08
-3.68996,-1.91048
-7.3159,-5.6713
-2.68756,-0.882078
-87.7751,-400.521
-42.3575,-169.178
-4.06864,-2.2292
-21.305,-54.1696
0.671189,1.1e-08
0.16546,0.388264
-0.68992,-0.0735037
0,1.1e-08
0.165898,0.294641
-66.1672,-530.202
-42.374,-250.3
-38.0524,-172.015
-59.0867,-407.998
-77.3944,-579.542
-10.5452,-11.3925
-26.7595,-62.6218
-58.9011,-426.067
-20.3353,-31.2364
-3.77072,-1.34765
0.329822,0.141632
1.1e-08,0.313722
0.0581369,0.235455
1.0549,1.1e-08
-49.4771,-163.441
-71.5526,-507.196
-73.6872,-568.892
1.29026,0.0407012
-10.7302,-5.14025
-30.6967,-91.6545
1.13098,1.1e-08
0.93981,0.0108617
1.71768,1.1e-08
0.851842,0.00153281
-60.7436,-453.936
-39.0632,-169.418
1.71768,1.1e-08
-14.134,-19.11
-10.8658,-15.435
1.09092,0.0677084
-46.5283,-199.136
0.892863,0.345654
0,1.1e-08
0.084199,1.1e-08
0.873264,1.1e-08
-7.41338,-4.45644
-80.6414,-557.87
0.378055,1.1e-08
0.390544,1.1e-08
-22.3121,-69.8229
0.929742,1.1e-08
0.199043,1.1e-08
1.23525,1.1e-08
-41.9726,-166.492
0.00840931,0.242692
-62.8253,-266.623
1.48242,0.0529935
-37.2613,-131.222
-11.7633,-17.2235
-33.992,-82.9125
0.283771,0.0380966
-70.4295,-390.13
-69.8511,-491.892
-20.5416,-44.835
0,1.1e-08
0.486823,1.1e-08
-24.0413,-73.5725
-60.3743,-162.793
-11.9819,-19.1099
-49.7611,-319.504
-66.3685,-579.62
-48.1819,-228.256
-48.8494,-238.467
-17.4823,-29.5996
-65.4358,-559.948
1.67826,0.0227562
-35.6524,-114.072
0.284371,0.332742
0.649485,0.0606183
0.201805,0.0488991
0.735749,0.160879
0,1.1e-08
-55.574,-393.582
-8.96426,-9.94681
-56.7148,-389.271
-17.7283,-40.4978
1.02959,0.0996047
0,1.1e-08
1.57668,1.1e-08
-0.347433,-0.0244997
1.22983,0.211126
0.145726,1.1e-08
-1.3688,-0.244999
0.375708,0.0786545
-57.6833,-356.107
0.537809,1.1e-08
-21.4483,-47.8485
-13.1086,-23.184
0.19814,1.1e-08
-24.1964,-69.8267
-47.006,-163.668
0,1.1e-08
1.21728,0.0434147
0.176182,1.1e-08
0.4219,0.121736
1.50587,0.0616581
-92.7098,-547.959
-21.3941,-57.4769
0.853388,0.236724
-13.7628,-20.09
-44.9259,-247.677
0.124078,0.340985
1.45186,1.1e-08
0.198362,0.332769
1.50559,0.00232488
-30.8477,-75.4865
1.4266,0.225893
0.256956,0.176863
0.0130058,1.1e-08
-67.0767,-507.521
0.131858,0.157762
0.704549,1.1e-08
-9.25357,-9.26099
-70.3538,-444.552
1.64941,0.0409162
-25.0147,-67.9876
-80.1088,-534.138
0.263213,0.0428059
0.139637,0.0384399
-54.0917,-362.1
-30.3703,-83.3561
-35.9031,-160.106
0.0521801,0.115165
-46.002,-221.614
1.52845,1.1e-08
0.376768,1.1e-08
1.45885,1.1e-08
-48.9271,-284.885
0.0498666,1.1e-08
-65.4858,-351.942
1.05324,1.1e-08
-18.8536,-33.9714
-30.3825,-114.072
-52.587,-300.027
1.05481,0.204767
1.15375,1.1e-08
0.70317,0.108423
0,1.1e-08
-55.2391,-404.058
-11.3236,-12.936
0.719596,0.0137581
-35.2191,-141.558
-87.7531,-607.575
-65.042,-521.696
-80.22,-539.049
-6.22565,-5.16288
-80.4464,-393.667
-58.0891,-307.744
-66.6878,-372.749
-49.8582,-311.639
-83.4328,-579.492
-1.26801,-0.245
0.990627,1.1e-08
-14.6022,-22.8781
-74.1486,-390.219
1.35267,0.0507396
0.0563221,1.1e-08
-49.4056,-224.911
0.384987,0.213002
0.989171,0.106761
1.62731,1.1e-08
-10.4133,-12.936
-11.6064,-13.7445
1.28514,1.1e-08
-40.6703,-202.272
-95.5429,-529.372
-68.5843,-600.745
-47.3097,-196.024
-39.0401,-126.197
-66.3919,-574.151
1.63741,0.0511835
1.71768,1.1e-08
1.71768,1.1e-08
1.66025,1.1e-08
-70.3838,-525.264
-25.9902,-78.3504
-65.4882,-439.897
-48.5257,-208.618
-21.7876,-55.8095
1.1e-08,0.188933
0.440696,1.1e-08
-21.1845,-32.8294
1.31,0.180715
-61.9305,-512.254
-67.1601,-276.185
0.2541,0.299494
-28.2887,-107.089
-73.1661,-393.518
-72.6218,-482.673
-41.0327,-160.376
0.0675728,1.1e-08
1.71768,0.00201267
-0.621791,-0.0735
-46.3992,-218.322
-51.4296,-261.734
-8.10676,-6.76199
0.0957202,0.0359951
-19.0668,-43.3649
-7.04518,-3.0023
1.05437,1.1e-08
0.272656,0.138466
-51.6509,-331.496
1.65745,0.128334
-56.0823,-331.492
0.55255,1.1e-08
1.71768,0.0812123
-18.3306,-35.0915
0.318234,1.1e-08
-66.8981,-512.349
-55.3977,-248.757
0.816864,1.1e-08
-63.2078,-435.267
1.07697,0.123344
-50.6757,-257.686
-25.0433,-59.1675
-44.1163,-274.594
-7.025,-3.7452
-112.406,-552.609
1.59468,1.1e-08
0.572385,0.247577
0.222585,0.270233
1.71768,1.1e-08
0.680258,0.291706
-62.6586,-497.478
-62.1384,-385.435
-55.9086,-288.637
0.34006,1.1e-08
1.71768,0.102087
0.954959,1.1e-08
-68.8422,-590.19
-47.4959,-288.64
0.612824,1.1e-08
0.758111,1.1e-08
-69.2934,-552.651
1.01702,1.1e-08
-24.8178,-62.6223
-66.0639,-517.488
0.440175,0.194068
-63.6817,-487.568
-29.7252,-104.811
1.71768,1.1e-08
-53.155,-284.886
-23.5353,-55.8103
1.3285,1.1e-08
0.479333,0.00838631
0.0944616,1.1e-08
1.42705,0.0425158
-39.742,-211.827
1.2279,1.1e-08
-60.7243,-388.37
1.1e-08,0.0926734
0.482445,0.304557
-23.6748,-52.5525
-56.2368,-255.499
1.71768,0.198161
-33.7541,-126.197
-36.242,-118.849
1.35276,1.1e-08
0.248347,1.1e-08
1.55423,0.214742
-54.4692,-281.164
-74.7509,-521.623
0.664342,0.242387
-64.534,-262.88
-75.0863,-537.22
-12.3212,-14.5775
1.71768,1.1e-08
-53.0135,-273.435
-8.26357,-7.34998
-11.7983,-15.435
-36.3475,-152.167
-50.1204,-231.599
-48.258,-234.988
-55.5469,-400.163
-63.3554,-339.595
-6.60147,-5.21585
-40.3112,-157.784
-20.1915,-55.8133
0.568408,0.29359
-73.9776,-468.135
1.33178,1.1e-08
-30.2097,-116.448
-60.5039,-266.367
-7.46828,-6.76199
-5.6835,-2.94808
1.71768,0.000752871
-18.1669,-31.3363
-43.0564,-86.6323
0.411022,0.0339186
-65.8567,-453.936
-75.5156,-518.737
-53.1928,-251.842
-56.2531,-296.205
0.482838,0.22671
0.102433,0.00501627
1.65267,1.1e-08
-47.3012,-266.594
1.1e-08,0.163328
1.71768,0.122986
-50.3565,-245.148
-2.48333,-0.882375
-17.0204,-25.3044
-27.3518,-78.1041
-4.91278,-2.95816
0.130601,1.1e-08
-20.6974,-43.365
-54.3207,-364.757
-46.494,-87.465
-62.8562,-458.665
-64.355,-380.544
0.771685,0.158689
0.317751,1.1e-08
-43.5604,-241.816
-65.8353,-166.221
0.861718,0.404227
0.575064,0.105597
-41.3212,-186.839
1.53544,0.0470126
-37.4986,-128.695
-54.1796,-319.505
-71.2616,-265.457
0.142692,0.0310413
-41.6379,-205.432
0.128233,0.0918418
1.31866,0.0166206
-48.7061,-205.433
1.71768,0.0675911
0,1.1e-08
1.71768,0.119345
-46.3957,-254.106
-89.4711,-397.224
1.71768,0.0479961
0.368639,0.523674
-15.3997,-28.8074
-5.00489,-3.35307
-71.1773,-617.352
-88.5733,-395.958
-84.6679,-601.968
-2.28766,-0.686001
-1.69271,-0.367499
-25.2809,-66.1745
-80.8477,-548.327
-70.8527,-520.194
-59.8011,-260.624
-44.5181,-88.7858
-60.1771,-439.897
-26.9491,-81.05
-14.6538,-25.4
-3.96779,-1.91099
1.08305,1.1e-08
-49.1251,-292.407
0.455797,0.0537525
0.890003,0.0576496
0.979433,1.1e-08
-64.1833,-385.554
-18.6233,-46.3295
-111.377,-549.989
0.934277,0.00541395
-23.0427,-57.4773
-59.458,-347.8
0.567226,1.1e-08
-36.2761,-126.203
0.431161,0.0664504
-43.61,-215.06
0.0212097,0.0632634
-59.0703,-379.462
-71.9409,-497.409
0.235723,0.375879
-76.3338,-497.374
0,1.1e-08
-15.9094,-22.1237
-55.8391,-238.386
0.0957462,0.0755795
-28.3854,-84.4919
0.330049,0.0761702
-26.1849,-69.8274
1.59866,0.02634
-37.9844,-141.562
1.1e-08,0.0108249
-56.5835,-368.68
1.58175,0.0430711
-28.2896,-98.1225
1.70186,1.1e-08
-45.6686,-157.793
1.39049,0.0457017
0.438074,0.236618
-15.5502,-31.3505
-65.9153,-536.895
-84.0242,-527.25
1.35972,0.00458133
-19.2797,-39.102
-31.3291,-126.206
-70.7768,-563.775
0.410829,0.376964
1.55047,1.1e-08
0.254445,0.231645
1.3767,0.25191
0.135115,0.124655
-69.6015,-531.144
-44.1434,-165.014
-46.7541,-245.418
-10.042,-5.13904
0.437297,0.0410297
-38.1612,-136.343
0,1.1e-08
0.294076,1.1e-08
-63.5178,-449.232
-87.5909,-394.442
-84.0478,-584.84
1.54253,1.1e-08
0.207055,0.484952
0.618627,0.279221
1.54226,1.1e-08
-27.1265,-67.9874
-26.0969,-77.4169
0.239332,1.1e-08
-42.0343,-87.2363
0.825369,0.192425
0.647091,1.1e-08
0.228605,0.0958008
0.996862,1.1e-08
0.843558,0.0452615
1.71768,0.0341701
1.11421,0.0160615
-47.9268,-258.77
-52.1707,-277.463
0.888968,0.184661
-55.0331,-347.815
0.515625,0.194125
-32.5748,-141.562
-108.053,-547.915
-51.9806,-235.009
-33.4245,-118.849
0.655907,1.1e-08
1.1e-08,0.0227717
-69.0288,-399.109
-52.9841,-303.874
-25.0032,-75.6009
0.805493,0.057937
-16.9185,-31.7164
0,1.1e-08
-30.7811,-107.089
-4.26214,-1.9112
-20.8533,-40.4983
-108.961,-546.792
0.430307,1.1e-08
-72.9768,-254.972
-59.9339,-521.921
-68.5862,-502.312
-29.3258,-109.393
-26.8279,-89.6886
0.172054,1.1e-08
0.761453,0.0176994
-60.7204,-262.933
-23.7498,-60.8826
-41.133,-234.828
-51.1187,-343.699
0.777287,0.00235417
-21.9048,-60.8822
1.29665,0.112724
-78.0054,-584.836
-96.182,-547.948
1.1e-08,0.0549408
-74.2815,-487.556
1.71768,1.1e-08
0.621086,0.134434
1.12424,1.1e-08
0.230988,0.204126
-59.0575,-468.297
-23.9601,-32.5041
-25.9183,-91.6541
1.57493,0.0276234
-60.8645,-368.769
0.900531,0.140351
0,1.1e-08
0.597818,0.366413
-16.7396,-28.8172
1.10666,1.1e-08
-84.2327,-270.063
-45.7832,-261.979
-21.8893,-32.4538
1.3344,0.00413346
-37.7793,-147.043
-53.335,-164.867
0.183144,0.19333
-33.3587,-144.206
-5.91796,-3.59125
-6.00988,-4.40001
-59.5279,-390.946
0.168458,0.0192775
-32.1981,-83.2619
-3.2778,-1.34776
0.173197,0.115824
0.0711129,1.1e-08
-65.0602,-360.309
-5.76119,-3.35692
-50.3519,-315.559
-21.9797,-46.3295
0.299351,0.155344
-89.0122,-539.387
0.06744,0.194816
1.20889,0.280489
0.893095,0.0294321
-44.9897,-205.432
-50.3141,-327.464
-58.5213,-335.527
1.6796,0.200051
-50.2672,-339.618
1.1e-08,0.336578
-34.3901,-111.72
-42.5865,-231.599
1.1e-08,0.192918
-66.8506,-430.661
-78.2908,-390.294
-7.86437,-4.18298
1.65225,1.1e-08
-80.6437,-394.668
1.71768,0.199893
0.498553,0.407757
0.015649,0.192559
1.26037,0.0750301
-76.436,-507.683
0.347484,0.0310208
-71.4023,-453.936
1.05385,1.1e-08
-52.0094,-228.243
-45.5789,-154.859
-27.1183,-71.687
0,1.1e-08
-7.81846,-4.49581
0.85054,1.1e-08
1.43731,0.0918934
-43.6738,-196.024
1.61208,0.158693
-75.0092,-271.859
-66.7981,-606.659
0.828288,1.1e-08
-77.2409,-574.169
1.08668,0.0352809
-58.7533,-487.555
-23.4157,-71.6866
-19.236,-40.4991
1.67508,1.1e-08
1.08681,0.0817656
-15.1667,-27.6358
-72.5354,-584.849
0.975002,0.00890065
-19.6953,-47.8485
0.529842,0.0549761
0.558252,0.341276
-35.5598,-133.769
-32.8421,-138.941
-42.6838,-180.834
-36.2575,-83.1261
0,1.1e-08
0.0295649,1.1e-08
1.1e-08,0.361722
0.287535,1.1e-08
-58.2616,-435.267
-46.0573,-281.151
-41.5562,-150.914
-65.5946,-563.406
-14.1343,-18.1545
-72.1933,-612.732
0.94288,0.0645156
-57.7174,-152.512
-25.1918,-29.9877
0.806393,0.133692
-70.393,-538.155
-21.1982,-62.6219
-41.3479,-172.014
1.47701,0.00521767
0.717609,0.346716
-7.87324,-5.02116
-17.7195,-27.6362
0.445378,0.00652423
-16.8302,-35.0598
-87.7534,-544.33
1.02617,1.1e-08
-36.2404,-144.207
-54.5998,-327.467
-56.0277,-323.473
0,1.1e-08
-66.5043,-613.752
1.69527,0.0915835
-35.3957,-146.701
0.874084,0.290664
-6.99771,-6.19849
-20.2448,-46.3295
-43.4238,-86.7341
1.71768,0.078995
1.37313,1.1e-08
-36.272,-156.469
-30.4806,-123.725
-8.70227,-4.64466
-87.2137,-380.001
0.771866,0.332958
-54.0598,-311.64
-42.4662,-154.985
1.66575,0.080332
-52.6721,-270.532
-7.73713,-7.96251
-60.2464,-477.811
-17.2784,-29.928
-47.5516,-331.477
-63.9111,-467.894
-8.4042,-7.96253
0.850504,0.145782
1.71768,1.1e-08
-58.3285,-449.232
0.30499,1.1e-08
-74.763,-472.996
0.879779,1.1e-08
-9.73346,-5.34865
-59.2447,-315.56
0.00132216,1.1e-08
1.71768,0.0633326
-6.71817,-5.6811
-64.1884,-399.507
-6.18291,-3.32423
-65.9662,-550.232
-31.8446,-128.622
-77.5165,-512.299
-101.394,-547.825
0,1.1e-08
-52.5974,-351.949
-66.8316,-390.782
-64.0836,-343.684
-64.1235,-426.062
-55.0823,-267.188
-23.3101,-49.392
0.0222749,0.00573222
1.71768,0.307021
-56.4534,-168.202
-46.7846,-250.988
0.738506,4.77594e-05
0.373295,1.1e-08
-31.8192,-100.327
0.783493,1.1e-08
-58.1831,-421.523
-83.2212,-574.184
0,1.1e-08
0.290045,0.240142
1.1554,0.0484155
-61.0749,-360.504
1.53895,1.1e-08
-13.7792,-17.2235
-28.8659,-81.7999
-28.222,-69.824
-75.5766,-598.338
-16.9214,-36.3825
0,1.1e-08
0.0638547,1.1e-08
-22.96,-62.6215
-32.8634,-146.941
0.0471761,0.169686
-56.9682,-166.245
-18.954,-37.73
-25.116,-82.0103
-22.8204,-32.4723
-2.08435,-0.514488
-63.135,-502.333
1.71768,1.1e-08
-61.17,-491.961
-53.4641,-292.407
0.381379,0.0459255
1.60349,1.1e-08
-68.8147,-468.427
1.71768,1.1e-08
-67.4743,-497.268
-59.2708,-327.467
0,1.1e-08
0.0888865,0.138781
-95.0093,-552.075
-43.3202,-245.172
-49.392,-307.745
-49.4975,-273.868
-42.4232,-221.56
-80.1516,-492.391
-67.4863,-271.094
-44.1951,-152.718
-34.3299,-131.222
-79.8826,-568.889
1.36813,0.171375
-77.6271,-552.386
0.562607,1.1e-08
-62.2933,-394.631
-86.3462,-395.995
-83.4807,-542.181
-48.2141,-248.765
-75.8085,-529.783
0.348769,0.317295
1.54755,0.101367
0,1.1e-08
0.0651275,0.0427883
1.04131,0.0427043
-30.5165,-93.786
-37.7413,-157.8
1.19189,1.1e-08
-10.4658,-14.5775
-71.9869,-556.079
0.241162,0.0107692
-82.1749,-521.706
0.316891,1.1e-08
1.31596,1.1e-08
0.546012,1.1e-08
0.910848,0.00727209
-65.0065,-477.836
0.310064,0.0274625
1.60674,0.0924121
0.388223,0.137434
-85.1987,-531.34
0.677041,0.0786133
-13.058,-18.1544
0.67673,0.0208861
1.13675,0.171859
1.43218,0.0126383
-6.59513,-3.72758
1.1e-08,0.397765
-109.065,-555.561
-29.2466,-89.5507
-47.7183,-296.205
-49.679,-221.619
-28.7405,-80.6441
-30.6542,-80.0332
-48.3037,-160.596
0.780043,0.00480735
0.561076,0.169347
1.50492,1.1e-08
0.957177,0.0454825
-48.3857,-251.696
0.257549,1.1e-08
-34.3716,-85.4544
0.453756,1.1e-08
-7.58834,-7.34998
-41.0834,-189.865
1.4232,1.1e-08
-45.8884,-192.937
-69.078,-545.157
-39.4421,-218.326
-32.8391,-116.449
0.598935,1.1e-08
-43.113,-146.902
-51.5361,-288.628
0.15139,1.1e-08
-30.3256,-95.942
1.71768,1.1e-08
0.474384,1.1e-08
-26.8276,-33.7291
1.36312,1.1e-08
-25.2358,-71.687
-68.8724,-487.53
0.799569,0.0115822
-54.6548,-315.56
-80.9609,-590.2
-68.434,-251.591
1.69856,0.150533
1.47504,0.0064488
-7.26355,-4.41351
1.71768,0.0451397
0.563724,0.0198564
-47.3925,-215.062
-4.76314,-2.22951
-35.1585,-136.343
-56.6674,-351.936
-79.4028,-539.675
-23.706,-64.3847
-57.5784,-383.089
1.71768,0.12148
-3.66128,-1.617
1.1e-08,0.231358
0.307106,0.0316169
-47.9184,-159.743
-58.7796,-339.597
-35.6034,-116.448
-35.8583,-166.068
-44.7648,-228.182
-11.6341,-16.317
-29.4095,-102.557
-14.0969,-21.0945
-48.3497,-264.766
0.0221244,1.1e-08
-41.2517,-183.823
-27.3848,-87.1995
0.409744,1.1e-08
-34.5731,-128.742
1.44197,1.1e-08
-38.5513,-85.3996
-43.5078,-160.61
-27.9985,-93.786
-1.92683,-0.514597
-30.8775,-98.1225
1.1e-08,0.0132546
-35.3818,-138.95
0.197091,0.238726
-34.1785,-149.55
-90.3588,-395.456
0,1.1e-08
-12.7311,-17.2235
0.594891,0.196723
0.230181,0.0326052
-72.4897,-527.403
-79.2747,-601.06
-79.8261,-270.071
0.0747509,0.0932141
0.510598,0.127699
-62.7491,-463.43
1.18094,1.1e-08
-44.865,-186.841
0.415711,1.1e-08
-71.8051,-534.742
-69.3951,-472.997
1.59298,1.1e-08
-38.1074,-186.82
-13.0428,-19.1101
-52.8226,-167.21
1.71768,0.126667
0.606512,0.0270996
1.18002,0.137233
1.42048,1.1e-08
-72.5811,-386.967
1.58793,0.303272
-39.6435,-84.8856
-12.7181,-20.0899
-33.9284,-79.3946
-73.8303,-513.336
-79.9082,-595.437
-63.0101,-335.528
1.1e-08,0.0838196
-71.9512,-512.27
-14.7819,-22.1233
0.175739,0.0944319
1.71768,0.0664389
-31.6697,-79.7568
-43.8341,-253.006
-28.3819,-83.3942
-63.132,-421.523
-37.7898,-183.822
-38.4901,-87.0533
1.37478,0.102998
1.01432,0.271857
0.741755,0.00149616
1.71768,1.1e-08
1.1e-08,0.260606
-74.8524,-596.011
1.1e-08,0.141782
-29.9675,-78.3199
1.22218,0.0563983
-62.8272,-506.215
-42.8297,-218.314
0.586803,0.140848
0.46243,0.0992886
0.639264,0.219044
-24.6985,-57.4764
0.0141684,1.1e-08
1.59552,0.0675034
-38.2478,-164.363
0.54502,0.219441
-23.0871,-59.1675
-72.3867,-262.589
-49.8729,-254.416
-32.3421,-85.5806
-1.56598,-0.367499
0.505473,1.1e-08
1.71768,1.1e-08
-23.3741,-66.1746
-46.2051,-231.598
0.121186,1.1e-08
-41.5772,-228.308
0.473631,0.141051
-2.47196,-0.685999
0.0268444,0.137441
-67.8095,-463.415
-67.3134,-416.991
0.170813,1.1e-08
-9.76944,-5.11503
0.728148,0.0714823
-40.9291,-141.561
0.527049,0.0769138
-7.43445,-4.18581
1.00883,0.219321
-39.7852,-156.05
1.29199,1.1e-08
-40.0802,-215.06
-81.6744,-497.372
-19.8634,-49.392
-15.7895,-25.2976
0.288029,0.0854243
-85.7712,-595.626
-3.12725,-1.1025
-5.18704,-3.70891
1.71768,0.0128531
-50.7087,-377.15
-18.4456,-36.3825
-32.3032,-104.811
-69.577,-360.298
-64.5635,-266.506
1.03523,0.145541
1.5018,1.1e-08
-50.8433,-347.786
-41.9892,-224.914
-71.1784,-269.262
-69.8378,-542.984
0.107389,0.065167
1.71768,0.106816
0.361418,0.441091
1.71768,1.1e-08
-60.5677,-331.481
-49.7875,-218.318
-10.1239,-12.152
1.2156,1.1e-08
1.1e-08,0.115942
0,1.1e-08
-9.70993,-3.52745
0.688913,0.0309352
-59.4829,-343.691
-4.48088,-2.59199
1.1e-08,0.148801
-3.04551,-1.34617
-59.9346,-444.552
-70.3904,-262.289
-66.0264,-553.489
0.618738,1.1e-08
1.71768,0.236096
1.71768,1.1e-08
-23.1425,-54.1695
-18.8313,-44.835
0.18918,0.146057
-64.258,-407.998
1.1e-08,0.124242
-81.8743,-563.621
-57.0464,-300.027
1.06768,0.18022
0.580563,1.1e-08
1.1e-08,0.0510374
0.421953,0.0823614
0.228652,0.0552084
1.16326,1.1e-08
-30.8339,-118.85
1.01873,0.411928
-54.2634,-241.818
-47.6323,-253.746
1.71768,1.1e-08
0.268343,1.1e-08
1.71277,0.0274784
-4.40738,-2.22956
0.349344,1.1e-08
-34.3101,-150.534
0,1.1e-08
0.663203,0.119938
0.359332,1.1e-08
0.21607,0.164843
-52.0786,-238.374
-65.4849,-412.48
-35.9563,-169.252
0.970897,0.157787
0.536303,1.1e-08
1.1e-08,0.210006
-79.1916,-542.737
-84.6191,-535.944
-75.5203,-477.825
0.0033382,1.1e-08
-21.9638,-64.3874
-66.1828,-395.025
-3.95932,-1.617
0.261858,0.023389
-57.1902,-417.016
1.49962,-690.553
-56.4913,-430.661
-74.3791,-502.328
-39.4711,-149.308
-71.6972,-579.369
-42.9118,-199.136
-13.6556,-25.7609
-1.82097,-0.367499
-16.9629,-32.065
-26.5379,-57.4773
-54.28,-245.32
-43.2909,-211.827
0.879122,0.00365455
-27.4584,-76.5291
-7.0654,-4.18424
-54.788,-163.056
-57.9947,-463.4
-5.58477,-3.88598
1.71768,1.1e-08
-69.9477,-594.926
-76.0374,-563.596
1.1e-08,0.0740964
0.515288,0.289945
0.373429,0.100871
-77.777,-394.636
-64.0867,-347.802
-62.5586,-356.107
0.127935,1.1e-08
-8.62322,-8.59949
0.639621,0.0168529
-39.9768,-86.1164
0,1.1e-08
-3.37489,-1.61696
0.208863,1.1e-08
0.448083,1.1e-08
1.0177,0.00913187
-26.0869,-73.5739
0,1.1e-08
-63.2886,-389.623
0.356616,1.1e-08
-63.1279,-601.406
-47.0376,-211.827
1.71768,0.0070741
1.71768,0.22154
-61.457,-430.661
-60.0669,-377.412
-15.1709,-26.7125
-62.564,-375.202
-34.534,-155.273
1.71768,0.00221796
0.59756,1.1e-08
-47.9402,-277.462
1.6875,0.0304117
-25.0296,-34.2047
1.71768,0.163516
-57.4934,-303.874
0.239057,0.102467
1.71768,1.1e-08
-17.38,-37.73
0.728999,1.1e-08
-64.8987,-444.552
-30.5282,-84.7836
-97.2952,-556.618
0.0578672,0.0889406
1.1e-08,0.0342969
-5.29113,-2.92
0.973635,1.1e-08
1.65552,0.00390677
0,1.1e-08
-65.5224,-368.748
-33.2335,-123.725
0.927329,0.114324
-58.7596,-319.504
1.71768,0.0375685
-56.941,-251.696
-97.8932,-398.973
-33.8086,-154.652
0.037192,0.0650554
-10.7024,-13.7445
-38.2874,-177.87
1.18385,0.0591733
-14.902,-20.09
-68.4154,-458.664
1.71768,0.146289
-7.62975,-6.1985
-10.1349,-10.6575
1.05391,0.292176
0.996797,0.0539674
-42.3203,-192.937
0.733024,0.0959316
-18.4621,-30.3073
-51.4123,-255.283
1.67701,1.1e-08
0.104231,1.1e-08
-68.9051,-449.232
0.271598,0.0962238
0.793417,1.1e-08
-71.6328,-574.227
-12.6535,-16.317
-77.5629,-523.526
1.48085,1.1e-08
-26.8122,-75.4537
0.453316,1.1e-08
-67.311,-364.256
-57.4756,-262.67
-39.094,-221.557
0,1.1e-08
0.317619,1.1e-08
1.13525,0.03127
1.71768,0.0590579
-10.9994,-12.152
1.39347,1.1e-08
-40.3785,-196.024
0.104422,0.184625
0,1.1e-08
1.71768,1.1e-08
1.67789,0
