0.193727,1.1e-08
0.0139235,1.1e-08
-64.4595,-452.844
1.36229,0.0801064
-59.9267,-468.398
-62.2489,-344.515
-61.4223,-228.006
0.118251,0.00074117
-79.3835,-730.284
0.918038,1.1e-08
0.7229,1.1e-08
-35.1499,-141.561
-81.3558,-347.802
-8.05511,-7.35
1.47869,1.1e-08
-59.2335,-338.729
1.39455,0.129293
1.07934,0.0715383
-45.6645,-232.921
-77.7813,-477.413
-57.9614,-319.497
-3.66156,-0.881539
-93.5608,-660.879
-24.394,-66.0681
-46.9963,-205.433
1.1e-08,0.0183695
0.114301,0.0192491
-21.6064,-61.9491
0.618168,0.0950387
-63.5675,-488.444
-1.25047,-0.244813
0.114456,0.0612245
1.1e-08,0.0481623
-45.6041,-133.789
-72.6089,-649.463
1.12517,0.0840134
0.167476,0.341196
1.0841,1.1e-08
-13.087,-15.446
-37.2875,-116.448
-22.9522,-51.2059
-62.1365,-435.256
-39.4382,-192.935
0.0789364,0.0118217
1.1e-08,0.0226127
1.13781,1.1e-08
-16.7624,-26.4846
-35.5491,-166.257
-35.4672,-107.089
-18.3803,-37.73
-16.4785,-32.487
-28.6867,-87.465
0.910791,0.147548
-68.3137,-228.211
-12.6244,-13.7445
1.1e-08,0.0102552
0.345658,0.433129
-39.4287,-155.036
-44.1464,-259.338
-56.8727,-426.056
-42.1874,-163.415
-4.10924,-0.38813
1.2472,1.1e-08
-20.5963,-55.5007
-46.3336,-192.938
-66.7231,-496.296
0.873717,0.070679
0.0486639,1.1e-08
1.58274,0.208201
-84.1294,-493.538
1.1e-08,0.0398352
-81.0974,-568.891
-61.6152,-345.246
-22.8837,-60.8855
0.929786,0.0352024
-24.3106,-73.5735
0.134113,0.314723
-80.9085,-720.613
-76.7281,-347.802
-69.1008,-517.305
-69.4897,-468.3
-29.5338,-89.5475
1.1e-08,0.327476
-7.18146,-6.1985
-28.8908,-91.6544
0.742042,0.0841865
1.52801,1.1e-08
-14.837,-21.3663
-76.2558,-537.652
-44.0691,-241.815
-3.03235,-0.601849
-77.4999,-584.832
-40.2465,-129.895
-10.9021,-12.1516
-43.6366,-180.834
-61.8743,-473.014
0.003928,1.1e-08
0.546303,1.1e-08
0.92724,0.0998523
0.57179,0.0245614
0.213298,1.1e-08
-53.9677,-319.509
0.164606,0.219249
-43.8746,-211.829
-42.352,-147
0.799315,0.0399634
-35.6745,-64.1635
-68.2454,-590.2
-45.5243,-199.137
-28.1903,-77.42
0.965175,1.1e-08
-13.7636,-18.7837
0.158862,1.1e-08
0.0642823,1.1e-08
-57.1453,-364.506
0.00163791,1.1e-08
1.31891,1.1e-08
0.0373387,1.1e-08
0,1.1e-08
0.975097,1.1e-08
-4.16813,-1.911
1.76334,1.1e-08
-70.9533,-656.367
0.111257,0.0436782
-20.4684,-39.102
0.575469,1.1e-08
0.169273,1.1e-08
0.500992,1.1e-08
-57.139,-452.569
-64.6543,-347.844
1.24071,0.217747
-26.5858,-91.6546
-35.257,-109.392
-25.9218,-77.42
1.15188,0.0573512
-83.1457,-650.61
0.979546,0.176456
0.791685,1.1e-08
-75.536,-635.648
-66.256,-492.837
-69.7138,-638.725
-7.54102,-6.76209
1.1e-08,0.00724152
-13.1608,-21.387
0.167883,0.0203563
1.50399,0.105282
0.695223,0.138837
-49.8385,-133.256
0,1.1e-08
-66.3467,-399.105
-81.7954,-708.557
0,1.1e-08
-27.1497,-89.5475
-29.5835,-111.72
1.01955,1.1e-08
1.04476,0.136686
1.67821,0.0133103
-33.4777,-102.557
1.09526,0.281292
0.848487,0.0182748
1.43732,0.0634561
0.947227,1.1e-08
-37.8699,-64.308
0.212255,1.1e-08
-66.2291,-579.498
-37.7393,-136.631
-46.063,-248.748
-32.7862,-128.012
-72.4295,-601.915
-64.3171,-233.674
-68.3985,-444.556
-51.6495,-341.422
-38.7866,-196.023
-84.3335,-666.187
-52.7009,-315.292
-55.2742,-390.309
0.346427,0.253444
-0.324794,-0.0242516
-26.0228,-64.2846
0.212998,0.00338916
0.0812742,0.0848043
1.73411,1.1e-08
-37.8803,-177.87
1.1e-08,0.0483327
-5.23303,-3.332
0.0713847,0.230685
0.405354,1.1e-08
-46.2118,-216.747
-64.694,-467.979
0.684966,0.0705767
-37.9942,-189.875
-40.1097,-169.124
-30.2959,-123.729
0.458173,1.1e-08
1.32653,1.1e-08
-2.56829,-0.686021
-2.96213,-0.853964
-82.4887,-675.487
-41.0456,-177.87
-14.5297,-19.2371
1.66482,0.0580713
1.343,0.141903
-40.9985,-160.598
0.418347,1.1e-08
1.63949,0.0260734
-61.2941,-430.636
-52.2051,-259.334
-89.9351,-722.112
-38.89,-163.415
-27.6633,-100.327
1.51574,0.0348201
0.730567,1.1e-08
0,1.1e-08
1.12244,1.1e-08
-85.133,-732.264
-58.2432,-412.482
-6.48951,-4.1895
-62.5325,-333.171
-18.7142,-43.3648
1.10466,1.1e-08
-60.6507,-394.695
-74.0198,-590.209
-52.6148,-300.023
-54.9427,-385.948
0.555505,1.1e-08
1.6338,1.1e-08
0,1.1e-08
0.379715,0.198412
0.198081,0.155864
-73.0679,-502.477
-91.2126,-633.944
0,1.1e-08
-29.4323,-121.155
-23.7998,-55.699
-70.9817,-714.925
0.515836,0.124563
-7.43857,-7.35002
0.623087,0.346795
-19.1055,-49.3906
0.0707623,0.26966
1.2873,1.1e-08
-26.3014,-65.6738
0.00895121,0.257325
-38.6798,-166.256
0.827123,0.305909
-81.1098,-329.353
1.1e-08,0.225412
-50.4911,-211.391
1.60285,1.1e-08
-33.3458,-95.942
-21.2591,-50.9625
-67.3869,-626.969
1.38397,1.1e-08
-125.041,-668.4
-101.763,-499.005
-61.6918,-485.862
-10.5499,-10.6572
-52.0149,-281.16
-41.5244,-221.612
-48.0168,-281.164
-49.0517,-245.269
-59.2416,-327.531
-76.1704,-522.364
-77.5314,-349.648
-49.0551,-315.803
-20.6216,-49.3925
-50.0515,-347.614
0.369479,0.0860341
0.541676,0.321825
1.01314,0.0212753
0.671811,1.1e-08
-77.2817,-674.221
0.774542,1.1e-08
-69.0602,-222.267
0.559031,1.1e-08
-9.61226,-11.3925
-48.9998,-199.134
0.332242,0.0624373
1.1e-08,0.400202
-110.623,-659.317
-32.9458,-107.09
-61.6189,-512.308
-70.3529,-459.311
0.493828,0.0452904
-54.6257,-224.935
0.728647,0.0332581
-4.2733,-0.508389
0.255027,0.201895
-90.1475,-626.828
-63.7038,-216.947
-76.4448,-480.954
-44.4826,-177.87
-23.691,-57.477
-35.9867,-118.849
1.57208,0.107059
-8.73044,-7.34998
0,1.1e-08
-36.4814,-121.268
1.27588,1.1e-08
1.1661,1.1e-08
1.37515,0.0169683
-85.1089,-688.101
-12.4321,-17.1377
-17.0566,-30.0125
-40.1377,-66.1748
-67.2702,-502.674
0.588352,0.117394
-82.2579,-656.338
0.494949,0.0975311
-105.794,-497.252
-29.2614,-63.87
1.30586,1.1e-08
-33.0441,-131.203
-93.3949,-497.54
-15.4929,-20.4372
-58.826,-381.612
-36.0929,-152.292
0.843647,1.1e-08
-57.8826,-347.833
1.23835,0.00844635
0.0123464,1.1e-08
0,1.1e-08
-50.7618,-221.636
-28.164,-62.1759
0.0167084,0.102644
-85.6347,-730.74
-48.0487,-241.815
-64.4667,-617.971
-54.0309,-134.576
0.535946,1.1e-08
-48.1114,-228.609
-27.3686,-62.5792
0.0128213,0.05679
-86.3899,-638.327
0.953498,0.0685277
-61.4207,-426.091
-51.3052,-273.787
1.1e-08,0.0762581
-51.4272,-311.588
-74.6155,-685.163
0.486155,0.00173124
0.448601,0.54681
-16.0324,-31.2375
0.088255,1.1e-08
-47.9702,-208.516
-13.9332,-18.3674
-17.2511,-20.1138
0.43178,0.0489057
-21.6629,-53.1683
-12.0945,-15.393
-19.581,-47.8484
0.22248,1.1e-08
0.888997,0.184438
-82.4716,-601.27
0.56027,1.1e-08
-30.5334,-62.908
-45.5638,-262.91
-46.0296,-270.137
1.10134,0.00625717
0.418972,1.1e-08
0,1.1e-08
0.933451,1.1e-08
-34.5044,-146.877
1.30036,0.000521957
-73.8123,-702.646
-2.74871,-0.686009
-91.7646,-732.287
-55.5989,-273.787
0.473157,0.0900868
-10.9031,-16.3014
-84.5562,-351.021
1.54861,1.1e-08
0,1.1e-08
0.672655,0.11769
1.46776,1.1e-08
-25.6588,-55.8168
-68.2566,-469.212
0.528759,0.231245
-49.1254,-136.762
0.870955,1.1e-08
-71.4203,-579.502
1.70039,1.1e-08
0.838139,0.0221443
-90.3283,-617.275
-70.8712,-224.606
-45.59,-216.34
-59.703,-449.234
-0.337859,-0.0243572
-67.1531,-512.292
-97.854,-662.465
-12.2372,-18.8026
-55.6408,-346.3
-45.6025,-225.597
-65.7554,-458.044
1.67754,1.1e-08
1.73034,0.0551294
-66.331,-340.737
0,1.1e-08
-58.6171,-463.496
-15.0613,-28.812
-2.01684,-0.514271
0.326551,0.101458
0.806432,1.1e-08
0.142604,0.0510051
0.581794,0.0230352
-10.1121,-13.743
-14.6403,-22.1484
-9.73616,-10.6578
-98.0249,-498.957
-49.9621,-235.044
-10.6235,-14.5767
-28.081,-93.7861
0.46784,1.1e-08
0.691465,1.1e-08
-8.16908,-6.76204
0.011524,0.00326198
0.591057,1.1e-08
-72.8789,-642.645
-48.6377,-329.249
-44.8228,-238.386
-65.9035,-507.297
-84.8847,-696.853
-17.9318,-32.487
-34.683,-104.811
-65.5502,-527.422
-28.8782,-62.6205
-11.7377,-12.1525
0.751745,0.0445815
0.323277,0.0412796
0.927492,0.37268
0.232739,1.1e-08
-58.5128,-228.273
-78.9548,-617.288
-80.8842,-685.17
0.868619,1.1e-08
-21.9982,-21.0845
-38.1968,-141.561
1.16354,0.167453
0.440825,0.0665254
0.218127,0.0733077
0,1.1e-08
-67.3856,-558.38
-46.0741,-235.328
0.404018,0.292173
-21.7537,-44.835
-17.3761,-39.102
1.38887,1.1e-08
-54.2244,-270.137
0.369398,1.1e-08
-3.11343,-1.3475
0.139844,0.176436
0,1.1e-08
-15.6372,-19.6677
-88.5937,-673.068
0.95356,0.145321
0.598221,0.201391
-28.552,-114.069
1.34434,0.0039254
-3.39771,-1.3475
1.1e-08,0.052573
-49.5743,-231.876
0,1.1e-08
-71.8059,-347.931
1.47765,0.156651
-44.8614,-189.875
-18.4333,-41.9195
-42.6974,-130.637
1.4991,1.1e-08
-78.7392,-487.349
-77.1848,-600.392
-27.7337,-81.3645
-5.54593,-3.7485
1.1e-08,0.288151
-30.5952,-118.848
-71.3976,-227.503
-18.4252,-44.8348
-56.2494,-407.998
-72.7889,-696.938
-55.6219,-303.889
-56.2289,-315.654
-24.8468,-60.2656
-71.8864,-675.354
1.09738,1.1e-08
-43.4543,-169.123
0.158446,0.543517
1.47559,1.1e-08
0.0486941,0.116014
1.44423,1.1e-08
1.60375,0.0618054
-62.0922,-491.206
-15.6813,-30.0122
-63.4389,-486.369
-24.2559,-75.4835
0.117536,1.1e-08
0.562882,0.229849
0,1.1e-08
-7.79512,-6.19849
0.12947,0.143745
0.214796,0.412092
-8.59253,-7.96249
0.677078,0.036687
-64.8086,-449.231
1.40943,1.1e-08
-28.7157,-85.407
-19.5019,-50.9705
0.649307,0.07669
-30.9685,-114.074
-55.5902,-228.542
0.391351,1.1e-08
0.68779,0.00119799
0.992079,0.0608239
1.31633,0.0386977
0.0995845,0.206363
-101.939,-662.177
-27.9972,-98.1223
0.52248,0.181181
-20.9862,-46.3296
-51.5678,-326.236
0.882755,0.0287541
0.16482,0.393155
0.616817,1.1e-08
1.1e-08,0.119949
-39.1639,-121.278
0,1.1e-08
1.43125,0.132998
0.549902,0.00723373
-74.0144,-617.647
0.520451,0.000531436
1.36993,1.1e-08
-16.4552,-28.812
-78.1311,-547.967
0.210784,0.0306185
-32.1126,-111.72
-88.1973,-646.976
0.608604,0.522676
1.03794,0.0501414
-60.7323,-455.963
-38.1486,-131.2
-42.5144,-224.328
1.28852,1.1e-08
-53.2123,-296.218
0.744855,1.1e-08
1.27823,0.0624088
0.0214727,0.378951
-55.6854,-368.749
0.394487,1.1e-08
-73.626,-444.552
0.0315706,0.0800206
-26.4696,-66.4705
-37.0264,-169.123
-59.6656,-385.949
1.34408,1.1e-08
1.1e-08,0.0572348
1.1e-08,0.0898964
1.1e-08,0.134762
-61.6461,-502.903
-18.7593,-35.0595
0.188404,1.1e-08
-42.1293,-202.268
-96.0567,-727.56
-71.6708,-633.274
-88.2806,-652.38
-12.9127,-21.0983
-89.8469,-491.345
-65.8119,-394.695
-74.7383,-467.897
-56.442,-399.104
-91.5099,-696.798
-7.88758,-7.9625
1.57747,1.1e-08
-21.5845,-50.4967
-82.8975,-487.449
1.05055,0.06083
0.458364,0.110345
-57.0932,-300.028
0.650615,0.00130752
1.41265,0.0371235
0.18229,0.013262
-17.2425,-35.0595
-18.9984,-36.3824
0.997177,0.0133081
-47.3403,-273.788
-105.018,-641.783
-75.0999,-720.083
-55.1976,-266.511
-47.1623,-183.82
-72.8445,-690.94
1.1e-08,0.0095591
1.1e-08,0.0046756
0.789201,0.0482238
1.4425,1.1e-08
-77.5238,-637.204
-32.8349,-124.926
-72.7656,-542.797
-56.3674,-281.162
-28.613,-95.9401
0.941499,1.1e-08
0.202572,0.108869
-29.9188,-64.8756
0.0164906,0.199412
-68.304,-622.867
-76.7036,-358.853
0.586848,0.344941
-34.673,-160.597
-81.7546,-491.133
-80.3258,-590.204
-48.5911,-224.648
0.140222,0.0644275
0.00319359,0.439439
-6.92714,-6.76198
-53.7266,-292.41
-58.8267,-342.34
-15.5159,-24.255
1.78626,1.1e-08
-25.8498,-79.3799
-14.8678,-17.0041
1.55901,1.1e-08
0.320071,1.1e-08
-58.2631,-421.535
1.1e-08,0.0320836
-63.2646,-421.531
0.260791,0.134758
-4.34009,-1.05594
-25.5971,-68.0327
0.916619,1.1e-08
-73.7839,-622.972
-63.595,-327.477
0.63776,0.153026
-70.2679,-537.652
1.11189,1.1e-08
-58.0405,-337.723
-32.6712,-100.328
-50.3292,-357.029
-15.7313,-18.1469
-123.547,-667.287
1.15828,0.0572725
0.970002,1.1e-08
0.652298,0.306049
-4.23071,-1.10251
0.780941,0.224944
-69.2035,-606.563
-69.5523,-482.103
-63.584,-373.015
0,1.1e-08
0.0816512,1.1e-08
0.161788,0.0343869
-75.4422,-708.523
-54.0137,-373.019
1.17038,1.1e-08
0,1.1e-08
-76.1862,-667.339
1.0833,0.00189092
-32.16,-104.811
-72.8305,-628.638
0.0886389,0.184117
-70.4009,-595.615
-36.5083,-157.804
1.1e-08,0.364159
-60.5002,-368.75
-30.9134,-95.9411
0.00553094,0.00847307
0.542063,0.0459776
0.617997,1.1e-08
0,1.1e-08
-46.11,-284.886
1.53397,1.1e-08
-67.928,-485.385
-2.20374,-0.685997
0.867012,0.254409
-31.328,-91.6545
-64.3819,-335.204
-3.91431,-0.878128
-40.7705,-183.821
-44.012,-174.93
1.37934,0.0450482
1.76903,1.1e-08
0.0630837,0.15484
-62.0467,-364.514
-82.3856,-633.205
0.0227247,1.1e-08
-73.8185,-343.653
-82.5612,-650.387
-19.9401,-37.73
-4.3013,-0.584088
-60.4853,-355.704
-15.5005,-25.3575
-18.8757,-39.102
-43.221,-214.913
-57.8049,-307.745
-55.6025,-311.65
-62.0257,-498.557
-71.3741,-430.662
-13.5135,-21.2635
-47.8026,-221.578
-26.5132,-95.945
1.19932,1.1e-08
-81.9466,-574.116
0.469149,0.156925
-36.7459,-172.014
-69.1515,-347.638
-14.2798,-24.255
-13.6815,-16.3374
0.189818,0.0538701
-25.7976,-62.7632
-53.8546,-135.299
1.54653,0.0265593
-73.0594,-558.379
-83.2385,-630.004
-61.0052,-331.014
-63.8765,-381.612
1.02914,1.1e-08
0.504271,1.1e-08
1.1e-08,0.276834
-54.0572,-347.897
0.388119,0.0547589
-2.38973,-0.685944
-57.8569,-323.334
-8.96454,-10.6589
-24.9751,-54.091
-34.5309,-124.586
-11.776,-16.3627
0.28268,0.180719
-28.0677,-79.38
-60.9513,-458.94
-58.1175,-136.342
-69.6948,-563.623
-72.0326,-476.627
1.04118,0.303013
0.273063,0.0690669
-50.0919,-319.505
-77.7537,-231.556
1.65388,1.1e-08
1.27467,0.148657
-48.3753,-255.782
0.467889,1.1e-08
-45.2228,-186.833
-61.2464,-407.999
-81.3908,-346.597
-3.78821,-1.617
-48.4143,-277.462
0.457962,0.191715
0.0376718,0.179136
-56.6375,-277.463
0.122374,1.1e-08
-6.80267,-5.65948
1.1e-08,0.114468
-53.1644,-333.616
-99.9147,-495.278
1.14448,0.260341
0.966151,1.1e-08
-22.1334,-59.1609
-11.557,-17.2735
-77.8502,-738.255
-98.9163,-493.865
-92.7157,-721.426
-9.12736,-9.947
-8.78902,-8.59949
-32.5523,-109.393
-88.8941,-662.582
-78.111,-631.623
-68.3442,-341.079
-55.6819,-138
-66.8624,-542.797
-33.935,-128.306
-21.4875,-54.2313
-10.894,-13.7445
0.41548,0.104686
-55.8228,-377.3
1.78622,1.1e-08
1.1e-08,0.302977
0.00118438,0.0468219
-71.7977,-482.233
-25.0302,-83.3735
-122.421,-664.406
0.330522,1.1e-08
-30.1569,-98.1229
-66.891,-439.895
0.105244,0.36462
-43.819,-183.828
1.05882,0.159077
-50.5475,-288.633
0.25416,1.1e-08
-66.1296,-475.43
-79.4569,-606.486
1.14384,0.018863
-84.3091,-606.448
-6.31232,-4.65499
-23.8743,-49.3922
-64.2803,-315.561
1.16621,0.315753
-35.5674,-132.636
0.848429,0.163737
-33.5185,-114.075
1.22729,1.1e-08
-45.4401,-202.274
1.7608,0.389373
-63.4512,-463.34
-2.15878,-0.514518
-34.9633,-149.573
1.2283,0.133693
-54.1599,-221.589
0.576615,0.0482349
0,1.1e-08
-22.075,-62.7832
-72.5382,-650.014
-92.5513,-639.391
-0.620617,-0.0735011
-26.5123,-73.5735
-37.8395,-183.832
-77.7215,-679.553
0.417367,0.0229243
0.0540827,0.0127731
0.992134,0.125936
0.0732378,1.1e-08
0.864885,1.1e-08
-76.6358,-643.69
-52.2043,-230.135
-53.716,-323.645
-20.5874,-21.0812
1.1e-08,0.00190998
-45.7972,-196.025
-6.16244,-5.14464
0.290748,1.1e-08
-70.5013,-553.161
-97.8669,-492.168
-92.1466,-702.66
1.36172,0.0559223
0.0443624,0.0473922
1.42326,0.0139836
1.1e-08,0.267864
-34.8292,-111.72
-33.0337,-123.721
0.718608,0.00151791
-52.582,-136.057
1.1e-08,0.223237
0.974122,0.0166496
0.359646,0.0084443
0,1.1e-08
1.0832,0.108816
-3.08066,-0.431677
0.764741,1.1e-08
-54.9156,-338.955
-59.4758,-360.297
1.5118,0.2651
-61.911,-439.912
1.17813,0.0253785
-38.9635,-202.273
-118.807,-662.128
-59.8949,-311.674
-40.5862,-174.93
0.872116,0.0738169
0.601555,0.00408723
-77.0844,-497.379
-60.0707,-390.31
-31.7301,-121.423
1.09124,0.222568
-24.0222,-63.306
-6.68541,-5.14486
-37.7311,-160.597
-11.7255,-13.7451
-28.5411,-75.4843
-119.769,-660.892
0.718031,0.217625
-83.3483,-334.64
-66.0397,-633.523
-75.7161,-611.9
-35.8748,-163.415
-33.4541,-139.116
0.0967468,1.1e-08
1.66362,1.1e-08
-69.4543,-343.713
-30.8738,-102.557
-47.3887,-311.465
-57.5441,-435.282
0.205305,0.0418459
-28.4726,-102.557
1.04531,1.1e-08
-85.5198,-702.657
-105.756,-662.165
0.648427,1.1e-08
-82.123,-595.602
-3.00763,-0.913696
1.24968,0.177239
0,1.1e-08
1.00524,1.1e-08
-65.4156,-574.295
-33.8267,-64.4103
-32.2434,-141.56
0.06014,1.1e-08
-68.253,-463.439
1.20217,0.19894
1.08101,1.1e-08
0.0628095,1.1e-08
-24.0669,-59.1749
0.358018,0.0413397
-96.1853,-351.858
-52.4134,-342.624
-30.9081,-64.3386
0.594017,1.1e-08
-45.0573,-208.815
-63.0078,-229.961
1.61386,0.00677122
-39.8421,-205.431
-13.2251,-17.7904
-13.0121,-19.5793
-66.5498,-488.262
0.554633,0.0399571
-40.4445,-131.08
-10.1446,-12.1529
0.672572,1.1e-08
0,1.1e-08
-73.0519,-453.95
-13.3214,-17.2835
-56.9586,-403.539
-29.5518,-83.3735
0.993915,0.0638331
-97.9571,-652.752
0.43236,1.1e-08
0.565793,0.0815654
0.63718,1.1e-08
-52.3129,-277.462
-56.7952,-416.987
-65.9694,-426.079
-0.70155,-0.0734996
-56.6232,-430.687
0.0996638,1.1e-08
-41.996,-166.257
-49.1131,-307.745
0.522961,1.1e-08
-74.3599,-532.532
-87.5294,-487.532
-17.0625,-19.0922
1.1e-08,0.0806028
-90.1054,-492.42
0.636109,0.208903
0.825801,0.0529165
0.610316,0.0313622
0.146787,0.112104
-84.3454,-617.826
0.7372,0.0360701
-79.2141,-558.379
0.767056,1.1e-08
-60.0446,-303.874
-54.1317,-218.108
-34.6119,-116.449
-4.85224,-2.93998
-16.4759,-19.7465
1.46804,0.0337536
0.50706,0.0512577
-50.952,-266.511
0.0714072,0.0628366
-85.6659,-353.911
-73.1148,-726.558
0.894677,1.1e-08
-84.7508,-690.959
1.14029,0.0313845
-64.951,-595.601
-29.881,-116.448
-26.3219,-75.4853
0,1.1e-08
0.830514,1.1e-08
-21.938,-57.4767
-79.5219,-702.671
0.325375,0.0772041
-26.3637,-85.407
1.3364,1.1e-08
0.0580407,0.369559
-42.7394,-192.937
-39.3456,-199.138
-50.0932,-248.748
-45.5457,-130.909
-4.94655,-2.5725
0.157037,1.1e-08
1.1e-08,0.154016
0.58517,0.159931
-64.7685,-537.652
-52.4604,-364.499
-49.4209,-213.419
-72.03,-679.148
-21.9541,-43.365
-78.992,-733.206
-1.35552,-0.245
-68.1696,-215.409
-35.386,-60.9088
1.74175,0.00147655
-77.4655,-651.396
-27.4607,-104.811
-48.7081,-238.385
0.279179,0.0364778
0.245436,0.303924
-16.6393,-20.8037
-25.6442,-57.4773
1.26414,1.1e-08
-23.4954,-67.9878
-96.5267,-658.194
1.44281,1.1e-08
-43.2866,-205.433
-61.6336,-416.99
-63.292,-412.482
0.976385,0.00251581
-72.7651,-734.322
0.0393071,0.231822
-42.2134,-208.407
0.122687,1.1e-08
-13.6718,-23.177
-27.2133,-83.3735
-54.2958,-135.424
0.423879,0.243649
0.761911,0.446123
-43.0715,-220.024
-36.8778,-180.835
-18.3248,-20.0676
-97.4073,-476.069
1.14566,0.519076
-61.1994,-399.105
-50.4297,-218.259
0.686434,0.23238
-60.1958,-352.423
-14.223,-26.4845
-66.6663,-584.826
-24.6831,-60.7607
-53.6366,-421.514
-70.7931,-573.848
-15.462,-26.4845
0.0853824,1.1e-08
0.17417,0.189152
-64.7403,-553.161
1.21885,1.1e-08
-82.7757,-579.498
0,1.1e-08
-19.9988,-21.5341
-67.0229,-403.539
0.413647,0.194113
1.1e-08,0.0345379
-13.4282,-22.169
-71.6773,-497.824
-14.3257,-17.2047
-72.5309,-664.677
-38.3976,-186.745
-85.4984,-622.917
-111.486,-662.03
-3.48502,-1.617
-59.1312,-444.56
-74.7162,-488.079
-72.1454,-435.265
-71.3643,-527.417
-62.9578,-348.579
-31.0845,-87.465
0.980309,0.208906
0.354159,1.1e-08
-66.695,-233.897
-53.6529,-330.033
1.15438,1.1e-08
0.981801,0.281388
-39.2455,-152.292
-1.85876,-0.363041
-64.7863,-522.365
-91.3148,-690.975
1.28953,0.22589
0.75322,0.188696
0.953953,1.1e-08
-68.5753,-454.169
0.17144,0.133647
-21.6083,-41.9195
-36.35,-129.248
-36.1327,-114.071
-82.7265,-717.443
-23.4988,-69.825
0,1.1e-08
-5.26416,-2.94
-29.7479,-104.81
-39.1915,-208.694
1.59482,1.1e-08
-67.2929,-231.584
-26.1936,-71.687
-31.6237,-129.513
-32.2191,-64.3651
-9.40524,-9.26093
-69.6969,-611.922
0.0720383,1.1e-08
-67.5904,-600.469
-60.7559,-377.3
0.729945,1.1e-08
-3.11528,-0.899654
-76.2259,-574.439
1.1e-08,0.246752
-74.5232,-606.331
-66.9085,-416.99
-2.53295,-0.884154
0,1.1e-08
-104.427,-666.7
-49.7689,-323.361
-55.9551,-394.695
-56.4742,-356.199
-49.0698,-296.156
-88.5714,-600.945
-77.0779,-353.033
-52.5632,-215.567
-41.3288,-189.875
-87.6868,-685.166
0.38356,0.0266158
-85.3531,-667.047
0.239552,0.242951
-69.5998,-492.378
-96.4321,-493.909
-91.8285,-655.823
-55.3436,-327.487
-83.4619,-642.18
0.444259,1.1e-08
1.1e-08,0.0211332
0.0298338,1.1e-08
-1.8558,-0.515985
0.327685,0.158781
-37.8841,-144.207
-44.7538,-221.597
1.49314,0.0172128
-16.923,-37.7299
-79.1178,-671.103
1.29341,0.124958
-90.4237,-633.271
0.498614,1.1e-08
0.770849,0.0263264
1.35508,1.1e-08
1.00143,0.252008
-71.935,-584.854
1.10701,0.038622
-2.93702,-0.685992
1.18525,0.0855754
-93.8032,-643.894
0.649756,0.0420517
-20.2724,-43.3649
0.307996,0.0144747
1.71337,1.1e-08
0.42736,0.00720889
-14.7446,-18.1053
0.911647,1.1e-08
-119.881,-670.534
-36.4742,-138.943
-54.1818,-381.612
-57.4693,-296.224
-36.2835,-127.794
-38.6032,-127.018
-57.2034,-224.908
1.47395,1.1e-08
0.00899155,0.150195
0.0404478,0.0246686
0.276724,0.0356799
-55.4579,-330.819
0.72197,1.1e-08
-43.0688,-133.829
1.02436,0.096486
-14.2218,-25.3575
-48.0406,-259.321
1.1e-08,0.165678
-53.5999,-262.909
-75.953,-659.098
-45.6662,-292.415
-39.9482,-172.015
0.701601,0.0703504
-51.4242,-208.647
-58.6092,-373.005
1.1e-08,0.00126032
-37.5645,-146.877
0.0937521,0.0984365
0.346773,1.1e-08
-37.6614,-66.1294
1.36364,1.1e-08
-32.2065,-116.448
-76.1409,-595.572
1.1e-08,0.371932
-61.8279,-403.54
-88.726,-708.535
-78.1639,-330.799
-0.344969,-0.0244388
1.04502,1.1e-08
-15.3408,-19.6229
0.236317,0.0260256
0.625962,0.0421727
-54.9349,-288.636
-12.4793,-14.5775
-42.1897,-196.025
-63.7079,-444.545
-87.3118,-653.059
-30.618,-107.088
-64.4087,-479.475
0.229138,0.163389
-10.6465,-12.936
0.295743,0.121036
0.320425,0.333153
-56.6811,-223.897
-66.2163,-430.664
-43.3158,-172.014
-42.3475,-231.376
-51.6754,-303.805
-18.4165,-40.4985
-36.1949,-155.036
-21.3216,-47.8485
-55.3037,-345.814
0.259414,0.0131542
-48.3537,-252.251
-34.3135,-136.016
0.995276,1.1e-08
-41.6905,-186.89
1.46497,0.083821
-48.3055,-133.761
-51.5239,-224.925
-34.7553,-144.207
-8.64504,-9.26145
-38.1646,-149.572
-2.76735,-0.951339
-42.3899,-199.148
0.480716,0.274739
-40.7005,-211.801
-100.915,-493.309
-5.68037,-3.332
-19.9549,-41.9195
0.120305,0.0860533
-2.90823,-1.10681
-79.8357,-639.552
-86.8089,-720.429
-91.1521,-351.867
0.206821,0.215415
1.23931,0.0669796
-69.5405,-568.904
0.0967925,0.135903
-52.5277,-255.784
1.51032,1.1e-08
-79.0531,-647.639
-76.8304,-579.498
0.149334,1.1e-08
-44.6114,-255.76
-20.0652,-44.8351
-62.4107,-232.749
1.22457,0.0798418
1.20191,0.116781
1.52178,0.0645408
0.376781,0.0924174
-81.1953,-483.815
0,1.1e-08
-49.6167,-133.1
-19.3876,-46.3294
-42.8408,-126.218
-81.3936,-624.058
-87.5365,-714.272
-71.0317,-426.08
0.414418,0.116791
-79.358,-622.885
-22.1733,-49.3916
0.633709,0.0100804
0.137434,1.1e-08
-39.9823,-126.677
-50.2678,-332.35
-35.6495,-131.248
-70.298,-522.365
-44.2932,-252.25
-48.1378,-135.844
0.586881,0.272404
0.789348,0.0962408
1.4207,1.1e-08
0.675388,0.18327
0.488631,0.219313
-81.9971,-714.9
0.121255,1.1e-08
-37.8321,-124.858
0.822017,1.1e-08
-69.3241,-616.205
-49.5911,-292.401
1.52022,0.325758
0.814471,0.127571
0.0811225,0.00832426
-32.326,-98.1217
0.533156,0.0669464
0,1.1e-08
-45.2314,-229.363
0.882661,0.0237118
-30.1131,-100.327
-82.6707,-343.34
-57.1426,-333.971
-40.5253,-133.988
-8.1061,-8.59949
0.54509,0.1507
0.906249,1.1e-08
-30.0944,-109.393
-53.2871,-307.744
1.19344,1.1e-08
-47.9943,-303.95
0.29339,1.1e-08
-9.91115,-9.947
1.08826,0.0519944
-75.1502,-568.887
-74.9976,-517.319
0.812404,1.1e-08
-20.1572,-21.0251
0.24373,0.101849
-48.9675,-202.272
1.57623,0.183618
-16.1145,-19.1017
0.471436,0.0414566
-47.2434,-219.525
1.64178,0.00570684
-46.4544,-288.633
-90.2099,-606.445
-26.4814,-87.465
-23.1586,-54.0808
0.768634,0.148814
-93.9615,-714.479
-10.444,-11.3925
-11.5759,-18.0628
0.307915,0.244273
-56.7898,-472.829
-25.622,-69.825
-39.6788,-157.804
-78.1268,-453.938
-73.79,-347.796
1.3124,0.0651052
1.78628,1.1e-08
-57.1956,-439.879
-48.5191,-300.031
-81.2908,-350.944
-76.8212,-656.707
1.76923,0.0449379
1.11811,0.162846
0.856361,0.105866
0.767271,1.1e-08
-68.3278,-421.518
-57.6524,-292.406
-16.9772,-33.761
-0.662375,-0.0734973
0.125036,0.211541
-4.50134,-2.2295
-19.9726,-17.9343
0.805784,0.014719
-66.9632,-435.273
-11.1819,-15.4849
0.11419,0.240903
-9.40782,-12.1477
-66.558,-547.967
-80.392,-342.991
-72.5656,-668.255
0.823308,0.222359
0.278697,0.280074
0.266066,0.0686909
-30.509,-93.7859
-25.4197,-81.3645
0,1.1e-08
-71.6733,-507.297
1.69257,1.1e-08
-89.9108,-679.383
-64.7278,-385.948
1.1e-08,0.201788
0.0454926,1.1e-08
0.619143,1.1e-08
1.13479,0.124224
0.252757,1.1e-08
0.0840886,0.31195
-37.4381,-174.93
0.0382015,0.469275
-62.4066,-319.507
-54.5675,-333.22
0,1.1e-08
0.141028,0.00846259
0.0382308,0.316937
-11.5227,-14.5777
0.26228,1.1e-08
-40.7981,-212.973
-7.40023,-5.65949
1.26917,0.0501169
1.1e-08,0.18432
0.285782,1.1e-08
-59.9476,-315.547
-73.0017,-512.293
-42.4082,-235.131
0.892387,1.1e-08
0,1.1e-08
1.1e-08,0.0189361
-87.1109,-656.435
-93.1226,-648.968
-83.5736,-584.842
1.05844,0.203102
-28.3648,-107.091
-73.947,-492.819
-11.5439,-12.936
0.199792,0.310412
-63.716,-517.347
1.49957,-818.288
-62.8336,-532.532
-82.1134,-611.917
-47.006,-211.51
-78.6346,-696.662
-50.0071,-270.137
-20.0205,-54.763
-9.51914,-8.59949
-23.9452,-63.787
-34.7394,-98.1229
-62.3685,-323.531
-50.2303,-284.886
1.4664,1.1e-08
-34.7429,-122.574
-15.3111,-19.0977
-64.7931,-227.817
-64.27,-568.871
-12.4772,-18.4717
0.204718,1.1e-08
-76.6235,-713.711
-83.499,-679.356
1.15005,1.1e-08
0.248602,0.10372
-1.73231,-0.377676
-86.9047,-492.384
-72.1013,-439.897
-70.2885,-449.232
0.184971,1.1e-08
-15.5881,-27.636
1.1e-08,0.147192
-50.0585,-134.687
-3.8409,-1.911
-9.79637,-12.9359
0.342851,1.1e-08
1.52299,0.0103843
1.1e-08,0.0537556
-33.2008,-118.85
-5.51695,-4.18949
-70.7548,-486.782
-4.13557,-2.2295
-69.1232,-720.808
-54.5813,-284.886
-3.39267,-0.882002
-1.60637,-0.363541
-68.3582,-532.532
-67.2762,-473.123
-22.0918,-56.1455
-70.0659,-470.636
-41.0653,-218.609
1.05025,1.1e-08
0.325728,1.1e-08
-54.6507,-360.297
1.1e-08,0.100459
-35.1755,-66.8078
0.369123,1.1e-08
-65.1862,-390.31
1.52151,1.1e-08
-1.03146,-0.147095
-24.0134,-71.687
0.375809,0.143349
-72.0713,-547.967
-38.252,-132.988
-106.939,-671.696
1.21911,0.0259759
0.149661,0.00644502
-12.7054,-16.2666
1.07245,1.1e-08
1.32653,0.100388
-4.55589,-2.5725
-73.4786,-463.416
-40.2123,-180.834
1.1e-08,0.229778
-66.4264,-407.998
0.701443,1.1e-08
-65.3076,-330.845
-109.317,-497.227
-40.1444,-217.863
0.296328,1.1e-08
-17.5068,-36.3824
-44.9866,-245.269
0.169645,0.0701169
-22.7352,-46.3295
-75.8603,-563.622
-0.968953,-0.146639
-14.9182,-23.177
-17.4783,-31.2375
0.131596,0.269775
0.727526,0.132927
-49.4296,-262.909
0.684192,1.1e-08
-26.3688,-61.3326
-58.8872,-334.946
0.324621,0.0047784
0.337117,0.197276
-76.4825,-553.161
1.2533,0.00523364
1.39173,1.1e-08
-78.5961,-691.023
-20.039,-40.4985
-85.4714,-635.291
1.59029,0.00884996
-34.0297,-121.236
0.140169,1.1e-08
-75.5314,-458.378
-65.7425,-343.411
-45.2165,-296.152
-7.24251,-5.14506
0.696464,0.0424331
1.78626,1.1e-08
1.1e-08,0.0769254
-18.4556,-33.761
0,1.1e-08
-47.106,-266.511
0.913965,0.0337117
-5.9907,-4.1895
1.2179,1.1e-08
1.83251,0
