0.280369,1.1e-08
1.1e-08,0.0441188
-64.7952,-457.567
1.39159,0.115047
-60.2339,-473.201
-62.6217,-348.636
-61.8739,-231.36
0.0865545,1.1e-08
-79.7101,-736.278
0.820476,1.1e-08
0.757782,0.0474242
-35.4783,-144.207
-81.8401,-351.942
-8.39056,-7.9625
1.53334,0.0133641
-59.5903,-342.815
1.49453,0.172531
1.0346,0.122204
-45.9978,-236.311
-78.1762,-482.262
-58.3215,-323.466
-4.11906,-1.10197
-93.9641,-666.582
-24.7281,-67.8797
-47.3607,-208.618
0.00931307,1.1e-08
0.125117,1.1e-08
-21.9149,-63.704
0.69378,0.107356
-63.8887,-493.35
-1.56162,-0.367263
0.188396,0.00434942
1.1e-08,0.00189472
-46.0426,-136.362
-72.926,-655.117
1.25249,0.0601973
0.246554,0.384266
1.0037,0.0683279
-13.4614,-16.3283
-37.6722,-118.849
-23.3109,-52.803
-62.467,-439.887
-39.7536,-196.022
0.134165,1.1e-08
0,1.1e-08
1.11059,1.1e-08
-17.1272,-27.6361
-35.8554,-169.123
-35.8488,-109.392
-18.7144,-39.102
-16.8014,-33.761
-29.0282,-89.5475
0.899125,0.0741667
-68.816,-231.568
-13.0078,-14.5775
0.00583601,0.0831001
0.284822,0.33077
-39.7808,-157.804
-44.4507,-262.915
-57.1784,-430.638
-42.5544,-166.257
-4.57637,-0.575262
1.3132,1.1e-08
-20.9034,-57.162
-46.7044,-196.025
-67.0551,-501.24
0.844378,0.143882
0.0760789,1.1e-08
1.62214,0.204055
-84.5502,-498.468
0.000649665,0.0547944
-81.4747,-574.183
-61.9863,-349.371
-23.2104,-62.625
1.03192,1.1e-08
-24.6263,-75.4845
0.173473,0.296674
-81.2428,-726.567
-77.1849,-351.943
-69.4379,-522.352
-69.846,-473.102
-29.8814,-91.6545
1.1e-08,0.29621
-7.50754,-6.76199
-29.2267,-93.7859
0.69888,0.0396176
1.52779,1.1e-08
-15.1996,-22.4033
-76.6207,-542.797
-44.3838,-245.269
-3.4146,-0.808742
-77.8554,-590.198
-40.6412,-132.431
-11.2538,-12.9356
-43.9974,-183.823
-62.19,-477.841
0,1.1e-08
0.610296,1.1e-08
0.963726,0.122998
0.566533,0.0557958
0.122658,1.1e-08
-54.3028,-323.478
0.172344,0.138808
-44.2095,-215.063
-42.7598,-149.701
0.771896,0.0583434
-36.17,-65.9489
-68.557,-595.59
-45.8828,-202.273
-28.5472,-79.38
1.03445,0.0270656
-14.1164,-19.7551
0.206041,1.1e-08
0,1.1e-08
-57.4775,-368.745
0,1.1e-08
1.2955,1.1e-08
0.0151864,0.040441
0,1.1e-08
0.986798,1.1e-08
-4.51612,-2.2295
1.83241,1.1e-08
-71.2604,-662.05
0.105689,1.1e-08
-20.8342,-40.4985
0.481666,0.0374245
0.100581,1.1e-08
0.481638,1.1e-08
-57.4365,-457.29
-65.0392,-351.984
1.15334,0.247931
-26.8948,-93.7861
-35.6323,-111.72
-26.2498,-79.38
1.16034,0.0932235
-83.5072,-656.269
0.987902,0.167256
0.702394,0.00827406
-75.8686,-641.241
-66.5873,-497.763
-70.0196,-644.332
-7.86885,-7.35009
0,1.1e-08
-13.4864,-22.4249
0.173082,1.1e-08
1.5515,0.113725
0.754315,0.0935841
-50.3139,-135.824
-0.329165,-0.0246859
-66.7154,-403.539
-82.1362,-714.461
0,1.1e-08
-27.469,-91.6545
-29.8948,-114.072
1.10557,0.0269829
1.08943,0.19992
1.62833,1.1e-08
-33.8457,-104.811
1.10032,0.310155
0.970762,0.00133297
1.45815,0.0316727
0.928536,1.1e-08
-38.396,-66.0954
0.137973,0.00458506
-66.5342,-584.839
-38.0987,-139.231
-46.3873,-252.252
-33.1108,-130.529
-72.7572,-607.358
-64.7871,-237.07
-68.7585,-449.235
-51.9588,-345.524
-39.0943,-199.134
-84.6955,-671.913
-53.0302,-319.235
-55.5847,-394.694
0.354145,0.289569
-0.63438,-0.0728839
-26.384,-66.0717
0.201543,1.1e-08
1.1e-08,0.0966591
1.81171,1.1e-08
-38.1959,-180.835
0,1.1e-08
-5.55966,-3.7485
0.10875,0.302273
0.339868,1.1e-08
-46.5609,-220.018
-65.0258,-472.78
0.613255,0.0653078
-38.3004,-192.937
-40.4525,-172.015
-30.5986,-126.204
0.407592,1.1e-08
1.34379,1.1e-08
-2.93523,-0.882025
-3.33891,-1.08878
-82.8412,-681.253
-41.3877,-180.834
-14.9022,-20.2205
1.7438,1.1e-08
1.43003,0.169734
-41.3583,-163.415
0.528715,1.1e-08
1.62655,0.0427156
-61.6219,-435.242
-52.5653,-262.911
-90.3052,-728.072
-39.2282,-166.257
-27.9704,-102.557
1.53937,1.1e-08
0.720251,1.1e-08
0,1.1e-08
1.14471,1.1e-08
-85.482,-738.266
-58.5614,-416.99
-6.85072,-4.655
-62.9049,-337.227
-19.0311,-44.8348
1.00996,1.1e-08
-60.9895,-399.105
-74.3578,-595.599
-52.9521,-303.87
-55.253,-390.309
0.289474,1.1e-08
1.67196,0.00215599
0.0340679,0.0424303
0.462505,0.205903
0.31189,0.111055
-73.4297,-507.451
-91.6117,-639.532
0,1.1e-08
-29.7292,-123.604
-24.1551,-57.3633
-71.2761,-720.856
0.514795,0.0147569
-7.74801,-7.96252
0.562984,0.360016
-19.4085,-50.9586
1.1e-08,0.260737
1.23539,1.1e-08
-26.6673,-67.4804
0.0496824,0.290324
-39.0133,-169.123
0.781319,0.1798
-81.5903,-333.387
0.0117118,0.177564
-50.8766,-214.621
1.47927,1.1e-08
-33.725,-98.1225
-21.5912,-52.555
-67.685,-632.524
1.58871,0.021865
-125.577,-674.135
-102.27,-503.962
-62.0033,-490.753
-10.9143,-11.3922
-52.3594,-284.884
-41.8341,-224.92
-48.3347,-284.888
-49.3996,-248.748
-59.605,-331.549
-76.5403,-527.436
-77.991,-353.799
-49.3616,-319.749
-20.9489,-50.9606
-50.3494,-351.753
0.314678,0.152476
0.431326,0.27974
1.03971,1.1e-08
0.743725,1.1e-08
-77.612,-679.981
0.808223,1.1e-08
-69.5646,-225.581
0.430561,1.1e-08
-9.93239,-12.152
-49.3858,-202.27
0.243049,1.1e-08
1.1e-08,0.45491
-111.098,-665.014
-33.3,-109.393
-61.9209,-517.33
-70.7174,-464.068
0.420488,0.0608847
-55.0304,-228.267
0.665947,0.0548335
-4.75274,-0.701034
0.331105,0.242384
-90.5464,-632.383
-64.1693,-220.224
-76.8309,-485.821
-44.8534,-180.834
-24.0393,-59.1675
-36.3541,-121.275
1.4186,0.068575
-9.09489,-7.96248
1.1e-08,0.0148401
-36.85,-123.717
1.25319,1.1e-08
1.2482,0.0223173
1.40096,1.1e-08
-85.4759,-693.923
-12.7679,-18.0663
-17.4048,-31.2375
-40.6876,-67.9878
-67.6032,-507.649
0.674906,0.136251
-82.614,-662.022
0.419977,0.0537487
-106.321,-502.2
-29.6683,-65.6511
1.38749,1.1e-08
-33.3648,-133.751
-93.86,-502.49
-15.8817,-21.4508
-59.1602,-385.948
-36.418,-155.036
0.864349,1.1e-08
-58.2271,-351.974
1.10898,1.1e-08
0.0278701,1.1e-08
0,1.1e-08
-51.1407,-224.943
-28.5562,-63.9335
0.0458663,0.157075
-85.987,-736.736
-48.3919,-245.269
-64.7543,-623.486
-54.5504,-137.156
0.662125,0.0143467
-48.465,-231.969
-27.7542,-64.3426
0.0532448,0.10697
-86.7688,-643.932
0.86687,0.0357837
-61.7509,-430.672
-51.6495,-277.462
0.0153625,0.00228986
-51.7506,-315.508
-74.9316,-690.97
0.538301,0.0469025
0.357543,0.45792
-16.3529,-32.487
0.163309,0.0313415
-48.3392,-211.725
-14.2998,-19.3287
-17.6825,-21.1189
0.401832,0.0930925
-21.9961,-54.7947
-12.4399,-16.2737
-19.8967,-49.3919
0.310302,1.1e-08
0.936624,0.184155
-82.8448,-606.711
0.543779,1.1e-08
-30.9635,-64.6765
-45.8759,-266.511
-46.3405,-273.787
1.101,1.1e-08
0.455178,0.0405804
1.1e-08,0.0451706
0.885253,1.1e-08
-34.8209,-149.572
1.16674,0.0324905
-74.1211,-708.526
-3.14141,-0.88201
-92.1408,-738.289
-55.9722,-277.462
0.626575,0.135187
-11.2053,-17.2075
-85.0568,-355.181
1.60887,1.1e-08
0.0558877,0.0172946
0.752907,0.144212
1.56708,1.1e-08
-26.0421,-57.4828
-68.6031,-474.019
0.54718,0.180672
-49.5947,-139.363
0.940965,1.1e-08
-71.7494,-584.843
1.68347,1.1e-08
0.883792,0.0596633
-90.7318,-622.787
-71.3887,-227.936
-45.9338,-219.608
-60.0155,-453.938
-0.673438,-0.0731305
-67.4823,-517.315
-98.2759,-668.175
-12.5506,-19.7746
-55.976,-350.432
-45.9403,-228.934
-66.0961,-462.794
1.63897,0.0178005
1.82181,1.1e-08
-66.7306,-344.836
0,1.1e-08
-58.9191,-468.274
-15.375,-30.0125
-2.35309,-0.685721
0.402703,0.024756
0.855785,1.1e-08
0.0466036,0.0648314
0.45619,0.000910256
-10.4179,-14.576
-14.9891,-23.2025
-10.0718,-11.3928
-98.513,-503.913
-50.3243,-238.45
-10.9356,-15.4342
-28.4037,-95.9421
0.377526,1.1e-08
0.685926,1.1e-08
-8.52523,-7.35004
0.0448984,0.102046
0.559329,0.00565693
-73.1985,-648.268
-48.9359,-333.278
-45.1452,-241.816
-66.2281,-512.295
-85.2414,-702.708
-18.2835,-33.761
-35.0603,-107.089
-65.8668,-532.518
-29.285,-64.3845
-12.1171,-12.9365
0.810094,0.0567209
0.358609,0.0770585
1.00901,0.415459
0.103188,1.1e-08
-58.9431,-231.63
-79.3073,-622.8
-81.2269,-690.976
0.811499,0.00342552
-22.5347,-22.1133
-38.5539,-144.207
1.13908,0.178429
0.472715,0.0463205
0.314152,0.0655054
0,1.1e-08
-67.7019,-563.623
-46.4079,-238.736
0.290046,0.260875
-22.1165,-46.3295
-17.6861,-40.4985
1.36424,1.1e-08
-54.5909,-273.787
0.252014,1.1e-08
-3.42425,-1.617
0.16184,0.259245
-0.349148,-0.0244738
-16.0289,-20.6616
-88.9724,-678.823
0.95662,0.0725694
0.596434,0.230466
-28.8492,-116.446
1.39664,0.0534878
-3.738,-1.617
1.1e-08,0.0916966
-49.9363,-235.259
0,1.1e-08
-72.2335,-352.072
1.48894,0.124937
-45.2233,-192.938
-18.7509,-43.365
-43.112,-133.179
1.48892,1.1e-08
-79.1349,-492.248
-77.534,-605.829
-28.0761,-83.3735
-5.87216,-4.1895
1.1e-08,0.245656
-30.9073,-121.274
-71.9225,-230.854
-18.732,-46.3293
-56.5584,-412.482
-73.0946,-702.794
-55.9762,-307.761
-56.5803,-319.599
-25.1975,-61.9954
-72.1936,-681.119
1.07283,0.0252037
-43.8258,-172.014
0.106242,0.535249
1.55858,1.1e-08
0.082619,0.132035
1.37983,1.1e-08
1.47768,1.1e-08
-62.4025,-496.124
-16.0012,-31.2372
-63.759,-491.262
-24.5667,-77.419
0.0459096,0.0265538
0.651573,0.17719
0,1.1e-08
-8.14979,-6.76199
0.0784664,0.171305
0.180403,0.413089
-8.93652,-8.59949
0.739748,0.0372888
-65.1479,-453.935
1.35328,1.1e-08
-29.0617,-87.465
-19.8064,-52.5631
0.646697,0.00716443
-31.291,-116.451
-55.999,-231.9
0.454254,1.1e-08
0.635525,0.0410584
0.930024,0.106265
1.33536,1.1e-08
0.14477,0.218483
-102.378,-667.885
-28.3116,-100.327
0.47741,0.114634
-21.3301,-47.8486
-51.8841,-330.246
0.882735,1.1e-08
0.0372275,0.403526
0.615887,1.1e-08
0.0207451,0.131316
-39.5599,-123.728
1.1e-08,0.0133856
1.46412,0.0858003
0.631557,0.0802838
-74.3448,-623.161
0.52191,0.0286748
1.20152,1.1e-08
-16.7982,-30.0125
-78.5014,-553.161
0.253662,0.00539555
-32.4506,-114.072
-88.5824,-652.618
0.650539,0.503922
1.07406,0.0418508
-61.0485,-460.702
-38.5189,-133.748
-42.8292,-227.655
1.22498,0.00893007
-53.5556,-300.04
0.629155,0.00104129
1.33543,0.0627236
0.0381616,0.342663
-56.0072,-373.012
0.447418,1.1e-08
-74.0136,-449.231
0.0637207,1.1e-08
-26.8322,-68.2876
-37.3428,-172.014
-60.0027,-390.31
1.26683,1.1e-08
0.00935546,0.0957468
1.1e-08,0.125525
1.1e-08,0.181835
-61.9512,-507.88
-19.1134,-36.3825
0.241513,0.00630568
-42.4584,-205.429
-96.4521,-733.544
-71.9865,-638.857
-88.6644,-658.046
-13.2311,-22.1267
-90.2946,-496.265
-66.1797,-399.105
-75.1216,-472.697
-56.7555,-403.539
-91.8945,-702.653
-8.2028,-8.5995
1.39287,0.00413708
-21.917,-52.0813
-83.3141,-492.349
0.988,0.048112
0.455258,0.0917408
-57.4593,-303.874
0.68353,1.1e-08
1.46123,0.0607955
0.137273,1.1e-08
-17.5677,-36.3825
-19.3504,-37.7299
0.934116,1.1e-08
-47.6579,-277.463
-105.47,-647.405
-75.4101,-726.035
-55.5732,-270.137
-47.5491,-186.834
-73.1518,-696.771
1.1e-08,0.104064
1.1e-08,0.0498636
0.720753,1.1e-08
1.45596,1.1e-08
-77.8638,-642.804
-33.1608,-127.413
-73.1121,-547.967
-56.7408,-284.886
-28.938,-98.1205
0.949835,0.0331255
0.0901026,0.0922604
-30.3347,-66.6711
0.0770726,0.226604
-68.6075,-628.404
-77.158,-363.059
0.591502,0.312445
-34.977,-163.414
-82.1636,-496.051
-80.6927,-595.594
-48.9511,-227.978
0.0939904,0.0936305
0.00875321,0.473411
-7.22739,-7.34997
-54.0756,-296.208
-59.179,-346.448
-15.8687,-25.3575
1.6283,1.1e-08
-26.1728,-81.3644
-15.2403,-17.9404
1.5052,1.1e-08
0.369481,0.0107019
-58.578,-426.092
0,1.1e-08
-63.6066,-426.088
0.168755,0.169674
-4.83045,-1.29918
-25.9431,-69.8708
0.98202,1.1e-08
-74.1118,-628.51
-63.9853,-331.495
0.636906,0.247053
-70.6041,-542.797
1.12942,1.1e-08
-58.3912,-341.804
-33.0345,-102.557
-50.6251,-361.224
-16.1459,-19.1022
-124.078,-673.017
1.14395,1.1e-08
0.93135,1.1e-08
0.717654,0.282476
-4.71732,-1.34751
0.757711,0.210113
-69.5151,-612.027
-69.9054,-486.976
-63.9495,-377.302
1.1e-08,0.0499488
0.14848,1.1e-08
0.110887,0.0195615
-75.7565,-714.428
-54.3241,-377.307
1.13493,0.0194402
0,1.1e-08
-76.5145,-673.07
1.1224,0.063749
-32.5096,-107.09
-73.1527,-634.2
0.147029,0.126616
-70.7209,-601.029
-36.8313,-160.597
1.1e-08,0.326235
-60.85,-373.013
-31.2647,-98.1216
1.1e-08,0.0460198
0.591791,0.0755698
0.6515,1.1e-08
0,1.1e-08
-46.4132,-288.635
1.43518,1.1e-08
-68.2711,-490.274
-2.51755,-0.881997
0.877157,0.218783
-31.6924,-93.786
-64.7698,-339.269
-4.40393,-1.09807
-41.1046,-186.834
-44.382,-177.87
1.36199,1.1e-08
1.83244,1.1e-08
0.135401,0.0613413
-62.4076,-368.752
-82.7491,-638.788
0.0313601,1.1e-08
-74.2606,-347.768
-82.9172,-656.046
-20.3029,-39.102
-4.78402,-0.780498
-60.8411,-359.891
-15.8451,-26.4845
-19.2127,-40.4985
-43.5483,-218.17
-58.1708,-311.64
-55.9523,-315.57
-62.3342,-503.511
-71.7559,-435.268
-13.8426,-22.2972
-48.1593,-224.885
-26.8142,-98.1256
1.16658,1.1e-08
-82.3261,-579.432
0.379495,1.1e-08
-37.0572,-174.93
-69.5633,-351.777
-14.6042,-25.3575
-14.0624,-17.2445
0.300134,0.0694948
-26.1609,-64.5292
-54.3688,-137.886
1.58429,1.1e-08
-73.4024,-563.622
-83.6063,-635.572
-61.3773,-335.053
-64.2395,-385.948
0.961386,1.1e-08
0.557172,1.1e-08
1.1e-08,0.272446
-54.379,-352.038
0.469149,1.1e-08
-2.7312,-0.881936
-58.214,-327.327
-9.27316,-11.394
-25.3539,-55.7313
-34.8728,-127.069
-12.1028,-17.2705
0.354443,0.189241
-28.4187,-81.3645
-61.267,-463.695
-58.671,-138.939
-70.0204,-568.89
-72.3982,-481.472
1.06464,0.2521
0.302371,0.0235474
-50.4029,-323.474
-78.3213,-234.937
1.73652,1.1e-08
1.25099,0.147207
-48.7112,-259.335
0.403028,1.1e-08
-45.5906,-189.871
-61.5829,-412.482
-81.8732,-350.731
-4.13323,-1.911
-48.737,-281.162
0.482303,0.152681
0.106664,0.147744
-57.0152,-281.162
0.139985,1.1e-08
-7.12631,-6.19848
1.1e-08,0.0669802
-53.4867,-337.672
-100.412,-500.217
1.13179,0.227075
0.802374,1.1e-08
-22.454,-60.8758
-11.869,-18.2059
-78.1679,-744.282
-99.4089,-498.797
-93.0989,-727.384
-9.45306,-10.6575
-9.12693,-9.26099
-32.8986,-111.72
-89.2772,-668.292
-78.4567,-637.198
-68.751,-345.18
-56.2135,-140.613
-67.1808,-547.967
-34.2677,-130.825
-21.8129,-55.8737
-11.2238,-14.5775
0.284362,0.176004
-56.1418,-381.612
1.54576,1.1e-08
0.0154632,0.2663
0.0114977,1.1e-08
-72.1603,-487.107
-25.3353,-85.407
-122.947,-670.124
0.29012,0.034303
-30.4956,-100.328
-67.2449,-444.55
0.0980958,0.368836
-44.1782,-186.842
1.04355,0.0823985
-50.8779,-292.406
0.277121,0.0670497
-66.4657,-480.269
-79.8148,-611.95
1.29327,0.0390301
-84.6889,-611.912
-6.64455,-5.14499
-24.2536,-50.9602
-64.6823,-319.505
1.24701,0.2733
-35.9094,-135.198
0.886349,0.17302
-33.8677,-116.452
1.2822,1.1e-08
-45.7952,-205.434
1.83244,0.280661
-63.7783,-468.117
-2.52113,-0.686021
-35.2811,-152.292
1.20728,1.1e-08
-54.5642,-224.896
0.518024,0.0676179
0,1.1e-08
-22.3857,-64.5494
-72.8536,-655.67
-92.9574,-645.001
-0.923649,-0.147002
-26.8567,-75.4845
-38.1496,-186.845
-78.0522,-685.335
0.41331,1.1e-08
0.106902,1.1e-08
1.09246,0.0816542
0.0810849,1.1e-08
1.07466,1.1e-08
-76.9707,-649.318
-52.5881,-233.506
-54.0475,-327.639
-21.0896,-22.1099
1.1e-08,0.0383519
-46.1609,-199.136
-6.46994,-5.65912
0.132635,0.0548631
-70.8339,-558.38
-98.3563,-497.091
-92.5322,-708.54
1.36132,0.026258
0.104248,0.0630168
1.43629,1.1e-08
1.1e-08,0.213393
-35.196,-114.072
-33.3641,-126.196
0.714173,0.0693619
-53.0843,-138.651
1.1e-08,0.193988
1.00481,1.1e-08
0.233588,1.1e-08
0.0259863,1.1e-08
1.10937,0.118079
-3.46635,-0.629516
0.765867,1.1e-08
-55.2484,-343.042
-59.8236,-364.511
1.55147,0.227342
-62.2385,-444.567
1.0959,0.0016555
-39.2677,-205.434
-119.319,-667.837
-60.2718,-315.595
-40.9272,-177.87
0.877054,1.1e-08
0.561675,1.1e-08
-77.468,-502.328
-60.4082,-394.695
-32.0505,-123.875
1.03393,0.221835
-24.3605,-65.0797
-7.01953,-5.65935
-38.0621,-163.415
-12.0809,-14.5781
-28.9072,-77.4198
-120.284,-666.594
0.714687,0.245946
-83.8422,-338.703
-66.3305,-639.107
-76.0557,-617.388
-36.1867,-166.257
-33.7696,-141.74
0.107743,0.0188713
1.76392,1.1e-08
-69.8702,-347.829
-31.213,-104.811
-47.6866,-315.384
-57.8501,-439.913
0.317833,1.1e-08
-28.7854,-104.811
0.991546,0.0265745
-85.8776,-708.537
-106.211,-667.873
0.771166,1.1e-08
-82.4964,-601.016
-3.39179,-1.14791
1.25165,0.198706
0,1.1e-08
1.10662,1.1e-08
-65.7184,-579.612
-34.2965,-66.1991
-32.5446,-144.206
0.00252101,6.01679e-05
-68.6048,-468.217
1.20565,0.182201
1.14633,0.00248368
0,1.1e-08
-24.4158,-60.89
0.219057,0.0147508
-96.7545,-356.022
-52.7291,-346.733
-31.3376,-66.1264
0.513572,1.1e-08
-45.4038,-212.026
-63.4684,-233.331
1.73395,0.0369755
-40.1508,-208.616
-13.5731,-18.736
-13.3456,-20.5716
-66.8842,-493.166
0.559928,0.0285644
-40.8372,-133.626
-10.4716,-12.9369
0.676641,1.1e-08
0,1.1e-08
-73.4325,-458.678
-13.6814,-18.2162
-57.2732,-407.998
-29.9124,-85.407
1.0157,0.0671405
-98.383,-658.42
0.511999,1.1e-08
0.497335,1.1e-08
0.510258,0.00264409
-52.6616,-281.162
-57.1039,-421.52
-66.3241,-430.661
-1.06043,-0.147
-56.9258,-435.293
0.170642,1.1e-08
-42.3582,-169.124
-49.4239,-311.641
0.582708,1.1e-08
-74.7175,-537.652
-87.9693,-492.432
-17.5005,-20.0717
1.1e-08,0.119772
-90.556,-497.345
0.604143,0.184452
0.855387,0.0835647
0.594938,0.0148684
0.125917,0.132291
-84.722,-623.34
0.825743,1.1e-08
-79.5861,-563.622
0.708525,1.1e-08
-60.4272,-307.745
-54.539,-221.39
-34.9687,-118.85
-5.1752,-3.33198
-16.8881,-20.7422
1.3741,0.0378252
0.33298,1.1e-08
-51.2986,-270.137
0.119958,0.0835105
-86.1733,-358.088
-73.4156,-732.537
0.842204,1.1e-08
-85.1084,-696.79
1.05903,1.1e-08
-65.2461,-601.015
-30.1889,-118.849
-26.6594,-77.4208
0,1.1e-08
0.786982,0.0185092
-22.2604,-59.1672
-79.8546,-708.551
0.239791,0.0553551
-26.6812,-87.465
1.41103,1.1e-08
0.101164,0.436831
-43.0813,-196.024
-39.6553,-202.274
-50.446,-252.252
-45.988,-133.454
-5.30037,-2.94
0.0888947,1.1e-08
1.1e-08,0.156113
0.535236,0.21957
-65.0783,-542.797
-52.7654,-368.737
-49.7954,-216.665
-72.3365,-684.929
-22.3265,-44.835
-79.3157,-739.212
-1.69588,-0.367503
-68.6673,-218.673
-35.8714,-62.6508
1.77128,1.1e-08
-77.8023,-657.058
-27.7589,-107.089
-49.0586,-241.815
0.163247,0.0370293
0.215838,0.329509
-17.0568,-21.8247
-26.0216,-59.1678
1.29819,1.1e-08
-23.8128,-69.8254
-96.9445,-663.885
1.43533,0.0146926
-43.6221,-208.618
-61.9686,-421.522
-63.638,-416.99
0.980212,1.1e-08
-73.0632,-740.333
0.0823864,0.265258
-42.5381,-211.615
0,1.1e-08
-13.9896,-24.255
-27.5452,-85.407
-54.8135,-138.012
0.382631,0.244401
0.700499,0.332508
-43.3953,-223.32
-37.1825,-183.824
-18.7831,-21.0715
-97.8927,-480.913
1.07588,0.406982
-61.5393,-403.54
-50.8089,-221.542
0.687286,0.182614
-60.5541,-356.592
-14.5318,-27.636
-66.9721,-590.192
-25.0357,-62.4984
-53.9264,-426.07
-71.1208,-579.163
-15.7981,-27.636
0.0604549,1.1e-08
0.206432,0.126138
-65.0457,-558.38
1.17258,0.00305593
-83.1572,-584.839
0,1.1e-08
-20.4876,-22.5744
-67.3933,-407.998
0.437064,0.16894
1.1e-08,0.0314508
-13.7477,-23.2236
-72.0339,-502.775
-14.7135,-18.1352
-72.8435,-670.396
-38.7096,-189.782
-85.8785,-628.454
-111.966,-667.737
-3.80121,-1.911
-59.4423,-449.239
-75.0917,-492.982
-72.5293,-439.895
-71.7091,-532.513
-63.3328,-352.724
-31.4548,-89.5475
1.03545,0.166482
0.33036,0.0212007
-67.1827,-237.295
-53.98,-334.067
1.18582,1.1e-08
0.986712,0.215812
-39.5991,-155.036
-2.23299,-0.508933
-65.1008,-527.436
-91.7002,-696.806
1.36979,0.183198
0.723815,0.10975
0.893839,1.1e-08
-68.9325,-458.899
0.205788,0.086198
-21.9811,-43.365
-36.7063,-131.777
-36.5094,-116.447
-83.067,-723.384
-23.812,-71.687
0,1.1e-08
-5.61563,-3.332
-30.0711,-107.089
-39.4928,-211.904
1.45057,1.1e-08
-67.7845,-234.964
-26.5384,-73.5735
-31.9336,-132.044
-32.6667,-66.1533
-9.75386,-9.94693
-70.0094,-617.41
0.0847565,0.0145857
-67.8961,-605.906
-61.1031,-381.612
0.725959,0.0274545
-3.50907,-1.12281
-76.5788,-579.757
0.0321506,0.235426
-74.8589,-611.794
-67.2722,-421.522
-2.84802,-1.10498
0,1.1e-08
-104.876,-672.428
-50.076,-327.354
-56.2676,-399.105
-56.8064,-360.389
-49.3864,-299.977
-88.9723,-606.383
-77.5347,-357.204
-52.9617,-218.83
-41.662,-192.937
-88.0584,-690.973
0.348521,0.0410154
-85.721,-672.776
0.21823,0.270119
-69.9478,-497.303
-96.9123,-498.841
-92.226,-661.504
-55.6831,-331.505
-83.8263,-647.802
0.481364,1.1e-08
0,1.1e-08
0.0559648,1.1e-08
-2.16367,-0.687745
0.26344,0.0891251
-38.2349,-146.877
-45.0877,-224.905
1.51402,0.00370212
-17.2304,-39.1019
-79.4574,-676.85
1.31777,0.0388907
-90.8165,-638.853
0.621672,1.1e-08
0.681968,1.1e-08
1.32333,0.00811651
0.984437,0.268646
-72.265,-590.219
1.12949,0.0464341
-3.35746,-0.88199
1.21178,0.0385346
-94.2129,-649.524
0.647469,0.0927569
-20.616,-44.8349
0.4117,1.1e-08
1.78682,1.1e-08
0.365594,0.0620447
-15.1327,-19.0595
1.03493,1.1e-08
-120.396,-676.278
-36.8184,-141.565
-54.4896,-385.949
-57.8403,-300.046
-36.6426,-130.309
-38.9817,-129.525
-57.6272,-228.24
1.65446,1.1e-08
0.0430776,0.198758
0.0123449,1.1e-08
0.274836,1.1e-08
-55.7947,-334.856
0.832293,1.1e-08
-43.483,-136.403
1.05964,1.1e-08
-14.5377,-26.4845
-48.3719,-262.898
1.1e-08,0.221566
-53.9671,-266.511
-76.2804,-664.793
-45.9626,-296.213
-40.2867,-174.93
0.560181,0.0695437
-51.82,-211.857
-58.946,-377.293
1.1e-08,0.0113821
-37.9092,-149.572
0.149433,0.0926069
0.36094,1.1e-08
-38.1773,-67.9418
1.32984,1.1e-08
-32.5385,-118.849
-76.487,-600.987
1.1e-08,0.36071
-62.1695,-407.999
-89.0957,-714.439
-78.6272,-334.84
-0.707425,-0.0735809
1.04886,1.1e-08
-15.7255,-20.6167
0.278862,1.1e-08
0.611972,1.1e-08
-55.2941,-292.409
-12.8468,-15.435
-42.5246,-199.137
-64.0432,-449.224
-87.6884,-658.728
-30.9471,-109.391
-64.7339,-484.334
0.251548,0.128429
-10.9792,-13.7445
0.348887,0.128499
0.365419,0.340217
-57.0983,-227.221
-66.5705,-435.27
-43.6831,-174.93
-42.6565,-234.756
-52.0045,-307.675
-18.7395,-41.9195
-36.518,-157.804
-21.6656,-49.392
-55.6349,-349.943
0.32002,1.1e-08
-48.6919,-255.779
-34.6434,-138.61
0.955314,1.1e-08
-42.0294,-189.928
1.51986,0.0709223
-48.77,-136.333
-51.9056,-228.257
-35.077,-146.877
-8.96495,-9.94747
-38.5116,-152.292
-3.1136,-1.18181
-42.7236,-202.284
0.517354,0.270217
-41.0111,-215.034
-101.417,-498.238
-6.03583,-3.7485
-20.2988,-43.365
0.0481681,0.0243284
-3.23137,-1.35243
-80.1855,-645.162
-87.1676,-726.383
-91.6914,-356.032
0.254722,0.230343
1.22546,0.0874479
-69.8639,-574.196
0.106068,0.185711
-52.8926,-259.337
1.4713,1.1e-08
-79.3983,-653.284
-77.1845,-584.839
0.243568,1.1e-08
-44.9211,-259.312
-20.3996,-46.3296
-62.8673,-236.14
1.1934,0.128119
1.28185,0.0994555
1.55257,0.0281348
0.335812,1.1e-08
-81.6055,-488.696
0,1.1e-08
-50.0916,-135.666
-19.7052,-47.8484
-43.2652,-128.717
-81.7538,-629.6
-87.8997,-720.2
-71.4137,-430.661
0.515563,0.147644
-79.7107,-628.421
-22.5252,-50.9596
0.6791,0.0909586
0.22673,1.1e-08
-40.3782,-129.18
-50.5742,-336.398
-35.9956,-133.796
-70.6393,-527.436
-44.6029,-255.778
-48.5972,-138.437
0.558928,0.266648
0.764393,1.1e-08
1.49248,0.00619428
0.582098,0.138545
0.482032,0.259461
-82.3373,-720.831
0.195027,1.1e-08
-38.2066,-127.344
0.79537,1.1e-08
-69.6335,-621.712
-49.913,-296.199
1.56996,0.275057
0.891253,0.129519
0.0719718,0.0644028
-32.6892,-100.327
0.587778,0.0996582
0,1.1e-08
-45.564,-232.727
0.806209,0.00657691
-30.4477,-102.557
-83.1604,-347.454
-57.4887,-338.028
-40.915,-136.563
-8.41753,-9.26099
0.542799,0.120727
0.905557,1.1e-08
-30.4145,-111.72
-53.6243,-311.639
1.23523,1.1e-08
-48.2998,-307.821
0.357888,1.1e-08
-10.2654,-10.6575
1.15854,1.1e-08
-75.4998,-574.179
-75.3635,-522.366
0.920245,1.1e-08
-20.6518,-22.0522
0.165813,1.1e-08
-49.3503,-205.432
1.68658,0.111592
-16.5278,-20.0815
0.378965,1.1e-08
-47.5986,-222.817
1.68885,1.1e-08
-46.7579,-292.406
-90.6163,-611.909
-26.7965,-89.5475
-23.5095,-55.721
0.816857,0.0987144
-94.3515,-720.408
-10.7925,-12.152
-11.8802,-19.0158
0.302163,0.210299
-57.0794,-477.655
-25.9637,-71.687
-40.03,-160.597
-78.5339,-458.666
-74.2293,-351.937
1.34286,0.0818186
1.69714,0.0101639
-57.498,-444.534
-48.8301,-303.878
-81.7723,-355.103
-77.1538,-662.392
1.83249,0.053364
1.08122,0.153625
0.924246,0.0265841
0.740653,1.1e-08
-68.6973,-426.075
-58.0269,-296.204
-17.3035,-35.0595
-0.99273,-0.146995
0.121967,0.203905
-4.84808,-2.5725
-20.4613,-18.8898
0.803255,0.0577744
-67.3194,-439.904
-11.501,-16.3684
0.181517,0.209312
-9.71079,-12.9316
-66.8735,-553.161
-80.8683,-347.103
-72.877,-673.99
0.790542,0.235544
0.222251,0.220128
0.177014,0.0696796
-30.8597,-95.9419
-25.7334,-83.3735
0,1.1e-08
-72.0264,-512.295
1.83249,1.1e-08
-90.2935,-685.165
-65.0935,-390.309
1.1e-08,0.161402
0.0703805,1.1e-08
0.652378,1.1e-08
1.17013,0.0481654
0.308426,0.015154
1.1e-08,0.298136
-37.7526,-177.87
0.0582969,0.576524
-62.7943,-323.476
-54.8978,-337.274
0,1.1e-08
0.0496427,1.1e-08
0.0757518,0.320909
-11.8615,-15.4352
0.227275,0.0684701
-41.1071,-216.216
-7.75293,-6.19849
1.30722,1.1e-08
1.1e-08,0.14345
0.345252,1.1e-08
-60.3223,-319.491
-73.3597,-517.316
-42.7155,-238.537
0.875836,1.1e-08
0.0670431,1.1e-08
0.0350763,1.1e-08
-87.488,-662.119
-93.5276,-654.62
-83.9571,-590.207
1.15277,0.141273
-28.6696,-109.394
-74.3167,-497.745
-11.9051,-13.7445
0.263192,0.295377
-64.0268,-522.394
1.49957,-824.641
-63.1356,-537.652
-82.4817,-617.405
-47.3648,-214.741
-78.9649,-702.517
-50.3449,-273.787
-20.3236,-56.4136
-9.88572,-9.26099
-24.2777,-65.5671
-35.1299,-100.328
-62.7536,-327.525
-50.5608,-288.634
1.51708,1.1e-08
-35.0898,-125.036
-15.7038,-20.0774
-65.2696,-231.17
-64.5688,-574.163
-12.8054,-19.4358
0.319812,1.1e-08
-76.9414,-719.637
-83.8543,-685.138
1.2129,1.1e-08
0.248057,0.162744
-2.07776,-0.527026
-87.3393,-497.308
-72.4829,-444.552
-70.6566,-453.936
0.183014,0.0588732
-15.9198,-28.812
1.1e-08,0.0352063
-50.5386,-137.269
-4.16033,-2.2295
-10.1022,-13.7444
0.389247,0.022586
1.60044,1.1e-08
0,1.1e-08
-33.5395,-121.276
-5.8229,-4.65499
-71.1103,-491.678
-4.45321,-2.5725
-69.4086,-726.763
-54.9405,-288.635
-3.81661,-1.1025
-1.92617,-0.509651
-68.6869,-537.652
-67.6195,-477.95
-22.4214,-57.8166
-70.4231,-475.45
-41.3763,-221.894
1.06344,0.0754547
0.251656,0.0572433
-54.9702,-364.511
0,1.1e-08
-35.6586,-68.6299
0.417982,1.1e-08
-65.5525,-394.695
1.58479,1.1e-08
-1.37877,-0.245152
-24.3293,-73.5735
0.386115,0.128943
-72.4128,-553.161
-38.6198,-135.553
-107.398,-677.445
1.27356,0.0178338
0.174649,0.120495
-13.0585,-17.1717
0.941667,0.0104992
1.33015,0.127013
-4.88082,-2.94
-73.8575,-468.194
-40.5446,-183.823
0.0019167,0.306691
-66.7915,-412.482
0.598439,1.1e-08
-65.706,-334.883
-109.861,-502.175
-40.4461,-221.143
0.2091,0.0384355
-17.8309,-37.7299
-45.3056,-248.748
0.0824537,0.0173292
-23.1082,-47.8485
-76.2148,-568.89
-1.28845,-0.244494
-15.2653,-24.255
-17.828,-32.487
0.217585,0.180093
0.798069,0.139813
-49.7681,-266.511
0.573748,1.1e-08
-26.7453,-63.0795
-59.2432,-339.009
0.29557,1.1e-08
0.117671,0.261808
-76.8433,-558.379
1.25569,0.0634843
1.41821,1.1e-08
-78.9277,-696.854
-20.3907,-41.9195
-85.848,-640.883
1.64302,1.1e-08
-34.3734,-123.685
0.176551,1.1e-08
-75.9228,-463.13
-66.1361,-347.526
-45.5081,-299.974
-7.60542,-5.65956
0.684449,1.1e-08
1.71147,1.1e-08
1.1e-08,0.0940436
-18.8106,-35.0595
0,1.1e-08
-47.4263,-270.137
0.766409,1.1e-08
-6.32338,-4.655
1.1637,1.1e-08
1.88038,0
