1.03135,0.059473
0.620819,0.0706175
-77.2148,-649.533
0.600831,1.1e-08
-71.6016,-668.137
-76.413,-518.336
-78.5851,-372.71
0.77303,0.102559
-91.7963,-975.292
0.449345,0.0987816
1.00762,0.175606
-47.6323,-259.333
-99.7585,-522.364
-20.8021,-47.8485
-6.71965,-2.64303
-72.792,-511.232
-5.88515,-2.57338
0.229622,1.1e-08
-58.3297,-378.991
-92.7873,-678.895
-71.6421,-487.541
-21.0467,-26.4815
-108.887,-894.81
-37.0898,-152.134
-60.8456,-343.686
-9.05455,-9.947
0.970859,0.13574
-33.3293,-145.856
0.682468,0.0669081
-75.7752,-692.085
-13.0739,-22.1214
0.67077,1.1e-08
0.11293,1.1e-08
-62.2679,-248.774
-84.6562,-881.524
0.461049,0.21419
0.912313,1.1e-08
0.559235,1.1e-08
-27.3144,-66.1978
-51.9047,-224.91
-36.5802,-129.118
-74.6941,-628.437
-51.4234,-327.464
0.813968,1.1e-08
0.526886,0.121318
1.1e-08,0.161529
-30.6244,-87.4652
-47.1894,-292.407
-49.9685,-211.827
-31.0774,-107.089
-28.7512,-98.1225
-41.6625,-183.823
0.820273,0.0418537
-87.4017,-372.973
-27.1933,-62.622
1.09983,0.0134914
0.327501,0.0580947
-52.8086,-277.462
-55.7116,-412.488
-68.4897,-617.372
-56.1325,-288.634
-21.8599,-24.7227
0,1.1e-08
-32.2675,-135.854
-60.4242,-327.468
-79.3363,-701.377
-0.626676,-0.0735082
0.333753,0.188817
-4.3447,-1.97955
-100.122,-698.102
1.90014,1.1e-08
-95.4359,-787.211
-75.7184,-519.245
-35.2998,-144.21
0.00775989,1.1e-08
-36.3046,-163.415
0.0956934,0.269275
-93.6129,-964.107
-94.0841,-522.365
-81.9091,-726.312
-83.0315,-668.02
-42.741,-186.837
0.181664,0.0265233
-19.5726,-44.835
-41.6555,-189.875
1.18693,1.1e-08
0.263742,0.110263
-28.6142,-77.9958
-90.1228,-750.386
-56.0286,-390.309
-17.5442,-25.6031
-91.0096,-805.944
-55.2456,-243.461
-24.2667,-59.1667
-57.3465,-311.64
-73.8682,-673.648
1.34926,1.1e-08
0.376734,1.1e-08
-2.00275,-0.514496
1.95008,0
-9.61599,-11.3926
-66.7035,-487.556
1.68522,1.1e-08
-56.5995,-351.945
-57.8478,-266.847
1.58724,1.1e-08
-54.5027,-149.231
-80.0849,-812.243
-59.146,-335.528
-41.7534,-169.123
0,1.1e-08
-27.1691,-72.9201
0.943715,0.156707
-11.1764,-12.936
-69.77,-542.792
-0.672609,-0.0735
0.606735,1.1e-08
1.1e-08,0.130235
-12.0264,-13.7444
0.644109,0.0056278
-17.3917,-31.2375
1.42444,0.000358226
-82.6229,-889.56
0.825939,0.12548
-34.3697,-109.392
1.55708,1.1e-08
1.21633,1.1e-08
0.185362,1.1e-08
-68.4425,-649.203
-79.2802,-522.416
0.731755,1.1e-08
-38.3278,-189.875
-49.5168,-215.061
-38.3872,-169.123
0.426567,0.187228
-96.883,-882.856
0.697643,1.1e-08
0.788547,0.00265423
-88.1755,-865.407
-78.8429,-697.266
-81.3351,-869.013
-19.9983,-46.3297
0.197618,0.0628351
-25.5334,-78.0494
0.03373,1.1e-08
1.04587,1.1e-08
0.182707,1.1e-08
-67.9043,-248.079
-12.3307,-18.1634
-80.356,-584.839
-94.7458,-950.154
-12.3911,-16.317
-39.2834,-186.837
-41.4116,-218.319
1.09386,1.1e-08
-1.33363,-0.244996
1.43576,0.0992918
-47.4638,-205.432
0.84088,1.1e-08
1.02406,0.010695
-6.24828,-2.57245
0.865664,0.0961398
-57.8601,-149.453
0.833818,0.194277
-77.8241,-799.679
-51.3972,-252.645
-58.3876,-399.105
-45.1198,-240.881
-84.8811,-825.977
-82.1778,-379.969
-82.0784,-639.601
-63.401,-514.529
-50.4792,-331.483
-98.0892,-900.986
-65.2144,-482.342
-67.0707,-574.181
0.0463076,0.201756
-12.0425,-19.0955
-39.7491,-149.416
0.390162,0.00231638
1.16508,1.1e-08
1.95008,0
-49.8721,-307.745
-8.09839,-8.59957
-17.6449,-36.3825
1.03271,1.1e-08
0.190711,0.384952
-59.4762,-358.289
-77.2998,-667.636
-1.01865,-0.147006
-49.6335,-323.473
-53.1357,-296.205
-41.8009,-234.985
1.1e-08,0.181535
0.471357,0.0673095
-16.5122,-25.3576
-17.2794,-27.0002
-95.8844,-911.799
-54.0424,-307.744
-28.685,-73.8291
1.74154,1.1e-08
0.959098,1.1e-08
-54.6707,-284.886
-1.8507,-0.514508
0.590437,0.318512
-73.7475,-622.883
-65.8914,-412.484
-104,-965.837
-51.7395,-288.634
-39.3356,-202.272
0.137548,0.0532808
0.213192,1.1e-08
-9.39878,-10.6527
0.00231045,0.0683616
-98.3925,-977.576
-70.335,-601.01
-20.2158,-39.102
-76.6844,-504.506
-30.7592,-116.448
-4.93097,-3.09404
-73.5254,-579.498
-86.8628,-812.253
-65.4304,-463.413
-66.7356,-568.89
-13.3813,-16.3169
-4.09539,-2.25024
1.1e-08,0.209682
0.986343,1.1e-08
1.1e-08,0.0324598
-86.8169,-708.722
-106.38,-863.507
-11.4259,-15.435
-40.717,-231.432
-37.2994,-136.166
-82.1699,-957.527
0.128167,0.101205
-19.1974,-47.8485
1.04249,0.157306
-30.6208,-126.197
1.7835,1.1e-08
0.912396,1.1e-08
-40.2061,-151.546
0.645994,1.1e-08
-51.3501,-292.407
1.23217,0.016902
-99.3672,-499.874
1.39191,0.0557784
-65.1427,-351.376
0.94684,0.0269832
-47.7578,-196.024
-33.881,-128.702
-78.7131,-855.28
1.1e-08,0.0594352
-145.441,-903.562
-121.014,-704.6
-73.5301,-688.967
-24.3957,-55.8104
-65.1039,-439.896
-53.2945,-364.524
-60.0968,-439.9
-62.2731,-394.695
-73.0542,-497.453
-90.2239,-732.305
-94.9939,-524.623
-60.7001,-482.976
-33.0559,-126.2
-61.3682,-522.134
1.14729,1.1e-08
1.76154,1.1e-08
0.720246,0.0500455
-5.08782,-1.61703
-89.8316,-910.326
0.998154,1.1e-08
-88.2262,-365.423
1.45132,1.1e-08
-21.777,-57.477
-63.6678,-335.525
-7.12623,-5.65949
1.38316,1.1e-08
-128.679,-893.002
-46.4083,-211.828
-73.0938,-720.389
-84.2048,-657.277
0.103821,0.061927
-70.0064,-368.781
0,1.1e-08
-22.492,-25.0524
0.413358,0.0121657
-105.309,-855.115
-81.3941,-358.67
-91.1169,-683.115
-58.5734,-307.744
-36.9274,-138.94
-49.9457,-228.242
0.385294,0.236017
-22.5795,-47.8484
0.0996588,0.177321
-50.4893,-231.588
0,1.1e-08
0.383239,0.135829
0.959532,0.00552265
-99.0563,-926.547
-25.1927,-69.6488
-30.2905,-93.7861
-61.0319,-152.293
-79.9248,-708.957
0.140726,1.1e-08
-95.7897,-889.527
1.95008,0
-125.804,-702.514
-44.7253,-148.776
-5.39899,-2.5784
-45.2308,-245.244
-111.067,-702.857
-30.2683,-76.1779
-71.5263,-563.622
-48.4463,-273.787
0.819936,1.1e-08
-70.9746,-522.403
0.426472,1.1e-08
1.80307,1.1e-08
-12.659,-17.2235
-65.1584,-364.554
-43.0671,-146.191
0.657696,0.160327
-99.0239,-975.811
-61.0926,-390.309
-75.3964,-844.767
-73.772,-249.864
0.0322993,1.1e-08
-61.5506,-373.483
-42.0198,-146.811
0.105361,1.1e-08
-100.789,-868.537
0.314033,1.1e-08
-73.9679,-617.414
-64.3889,-430.661
1.33945,0.000947716
-63.7158,-477.76
-86.6276,-923.033
0.330102,1.1e-08
0.569708,0.0570168
-28.2123,-95.942
1.10172,0.161603
-61.9933,-347.671
-27.8642,-72.1195
-33.6429,-75.5317
1.1e-08,0.00847501
-34.3273,-132.198
-25.2217,-66.0855
-31.5771,-123.725
0.050495,0.302924
1.56655,0.00330743
-96.6535,-825.221
0.165492,0.326934
-46.8756,-147.334
-57.4202,-416.991
-57.8447,-426.079
0.811426,1.1e-08
1.54045,1.1e-08
1.22682,1.1e-08
0.401269,1.1e-08
-46.5305,-266.511
-7.57376,-6.19849
-85.5453,-943.308
-17.6713,-25.3576
-106.06,-977.603
-69.7832,-430.661
0.16419,1.1e-08
-22.387,-67.955
-103.58,-526.311
0.09911,0.209594
0.459796,1.1e-08
0.852955,0.0597861
0.499937,1.1e-08
-40.2268,-136.352
-81.4239,-669.118
1.48934,1.1e-08
-66.9562,-252.824
0.240845,0.0855245
-83.9257,-799.684
0.262628,1.1e-08
1.15891,0.00574005
-105.661,-843.952
-90.5365,-368.382
-58.6542,-357.744
-71.5784,-645.209
-13.0749,-19.1007
-79.6616,-720.37
-113.885,-896.658
-24.1475,-72.9614
-68.3786,-520.537
-58.4373,-369.631
-78.7011,-655.759
0.345936,0.0454554
1.13256,0.0162338
-81.5174,-513.7
-12.2589,-14.5775
-70.0953,-662.28
-26.9804,-91.6545
-14.7943,-24.2529
1.1e-08,0.28299
-5.00132,-2.22753
1.18649,0.127024
0.325165,0.147367
-21.733,-62.6188
-27.894,-79.4285
-22.4908,-55.8116
-116.572,-704.543
-63.7229,-381.695
-22.4846,-64.3843
-40.3423,-192.938
1.0595,0.0168149
1.1e-08,0.0936944
-21.7028,-46.3296
0.869428,1.1e-08
-7.6637,-7.34999
-85.0238,-873.577
-59.972,-499.574
-57.074,-385.95
-78.2386,-714.444
-98.4385,-936.593
-31.298,-98.1225
-49.0208,-208.617
-77.582,-738.291
-44.3369,-146.875
-26.1541,-59.1686
-4.40668,-2.22098
0.750761,0.0375876
0,1.1e-08
0.00248929,1.1e-08
-74.8631,-373.052
-92.3493,-843.967
-93.9074,-923.041
-0.324077,-0.0245
-42.3878,-77.4005
-51.7682,-259.333
1.31485,1.1e-08
0.180054,0.0778527
1.47662,0.17242
-11.6285,-17.2235
-79.4045,-774.837
-58.7604,-382.058
0,1.1e-08
-35.5417,-118.849
-29.1567,-109.392
1.27561,1.1e-08
-68.1508,-426.079
-3.4243,-1.34935
-14.9247,-28.812
0.730331,0.0132648
-13.4452,-18.1516
-30.5185,-74.6574
-102.984,-908.985
0.581653,1.1e-08
0.067953,1.1e-08
-39.8434,-221.599
-8.4424,-2.93808
-16.3287,-28.812
1.94731,0.0301585
-63.3298,-377.655
-11.3907,-16.317
-88.0565,-522.523
1.1e-08,0.00309511
-58.614,-323.474
-30.5027,-114.072
-58.4502,-244.461
0.434827,0.265748
-93.7758,-690.733
-90.4553,-824.191
-40.7479,-174.93
-17.9427,-37.73
0.432679,0.00406452
-42.4548,-228.24
-91.3443,-372.063
-30.0845,-118.849
-67.9901,-595.595
-84.4068,-936.692
-69.0849,-468.215
-69.5821,-482.791
-38.1732,-143.221
-83.559,-911.648
0.415561,1.1e-08
-57.5721,-296.205
0.950012,0.0605505
-1.72845,-0.367498
0.81213,0.0441413
-2.41804,-0.685992
1.28809,0.0560208
-73.8869,-695.324
-27.836,-93.7854
-75.6062,-689.534
-36.0676,-166.256
0.871534,1.1e-08
1.08344,1.1e-08
0.00851164,0.0210672
-21.2726,-44.835
0.0601177,0.160264
0.495173,1.1e-08
-21.664,-49.392
0.104635,0.324684
-77.7019,-645.207
-4.97786,-3.33406
-41.8662,-180.834
-31.0708,-128.715
0.0631582,1.1e-08
-43.2227,-221.605
-71.1235,-373.396
0.121901,0.137822
0.519515,0.193907
0.658678,0.0170779
0.27076,1.1e-08
1.5015,1.1e-08
-118.639,-896.322
-39.9456,-199.136
0.649937,0.0696306
-34.0571,-121.275
-63.5864,-495.854
0.194708,0.104494
-3.78773,-1.98214
1.84771,1.1e-08
0.723984,0.326028
-54.2124,-231.602
-8.82184,-8.59967
0.351888,1.1e-08
0.572721,1.1e-08
-86.5683,-844.388
1.38933,0.103973
-7.62768,-6.76199
-29.4868,-91.6545
-92.2043,-762.562
0.677241,1.1e-08
-44.9565,-218.32
-102.833,-878.622
0.115327,0.0171442
1.06235,1.1e-08
-72.7486,-653.273
-52.2234,-245.24
-54.4776,-368.002
0,1.1e-08
-66.2594,-458.681
0.684145,0.000981472
1.70134,0.0236943
0.15839,0.202996
-67.9147,-547.966
0.279143,0.199132
-88.3558,-639.596
1.52689,1.1e-08
-40.2509,-152.743
-49.0487,-296.205
-72.4746,-568.89
0.342692,1.1e-08
0,1.1e-08
0.472025,0.131257
0.863379,1.1e-08
-73.2398,-709.23
-32.2142,-102.557
0,1.1e-08
-54.6336,-339.59
-111.082,-972.142
-83.6658,-862.642
-102.866,-884.919
-25.0131,-77.3984
-106.857,-695.558
-79.7867,-579.498
-89.3058,-667.533
-68.3554,-584.839
-106.126,-936.529
-19.8658,-49.392
0.204627,1.1e-08
-34.2191,-127.938
-98.7288,-690.853
-2.64928,-0.882096
1.32987,1.1e-08
-71.0041,-463.419
0.25359,0.0745931
-3.69184,-1.33228
1.13674,0.0957752
-29.6001,-102.557
-32.3744,-104.811
1.3906,1.1e-08
-59.4098,-430.661
-122.164,-872.657
-86.8899,-963.494
-69.4708,-421.522
-61.8596,-315.556
-84.5207,-929.736
1.38086,0.041401
1.95008,0
-1.43067,-0.245
0.0870922,1.1e-08
-90.4438,-867.225
-45.2204,-236.67
-85.9343,-756.462
-70.557,-439.898
-40.9638,-196.022
0.0753505,0.361882
1.41565,1.1e-08
-45.7238,-150.328
0.214614,0.05506
-79.837,-850.489
-93.9728,-535.908
0.589816,0.0863094
-46.2256,-284.885
-97.2957,-695.235
-94.2664,-812.247
-62.2683,-368.413
0.694412,0.162455
0.723466,1.1e-08
-18.3368,-46.3294
-66.9858,-453.939
-72.2121,-515.664
-28.9229,-83.3735
-3.4545,-1.617
-38.1239,-172.014
-29.0808,-69.7912
1.70239,1.1e-08
1.1e-08,0.0916144
-70.2281,-611.927
-10.4543,-11.3925
-76.2611,-611.922
0.562417,1.1e-08
-22.9737,-27.5223
-38.746,-155.105
0.0885004,0.0482445
-86.244,-850.612
-78.4281,-497.387
1.25411,1.1e-08
-83.0432,-750.386
1.1893,0.01837
-71.3673,-510.016
-46.4742,-202.272
-61.5717,-533.663
-31.4856,-71.6716
-143.707,-902.264
0,1.1e-08
-0.953281,-0.147003
-1.23621,-0.24499
-22.7216,-27.636
0.862679,0.0195238
-81.0466,-831.419
-82.968,-684.491
-77.4728,-553.164
0.769582,1.1e-08
-7.32889,-2.99242
1.08285,1.1e-08
-87.385,-950.115
-65.8079,-553.169
1.1e-08,0.103295
0.116238,0.379978
-88.659,-902.334
0.749394,1.1e-08
-45.4457,-208.618
-85.0748,-857.23
1.95008,0.0229389
-82.5595,-818.593
-48.7825,-281.162
1.87438,1.1e-08
-73.7914,-547.968
-44.2642,-196.023
0.178902,1.1e-08
0.394945,1.1e-08
1.14137,0.165082
-10.9072,-12.152
-57.633,-444.553
-2.85875,-0.881966
-80.9634,-688.4
-14.1286,-25.3575
0,1.1e-08
-45.1767,-189.875
-79.1207,-506.897
-22.5197,-26.4596
-53.467,-315.556
-58.0719,-303.873
0.417116,0.121851
0.28359,1.1e-08
0.522432,1.1e-08
-75.7585,-542.801
-96.2007,-862.579
1.45755,0.0569647
-90.619,-517.276
-96.0872,-882.631
-33.7268,-107.089
-22.6446,-25.2711
-74.0057,-532.035
-28.596,-85.4069
-31.6824,-109.392
-55.6587,-355.916
-71.7101,-472.997
-68.8926,-477.836
-73.7494,-704.066
-85.8839,-622.914
-26.0209,-77.7666
-61.3584,-364.48
-37.9524,-196.029
0.284247,0.256374
-96.3667,-793.354
1.68746,0.09395
-48.5735,-300.027
-84.7994,-522.162
-26.6055,-83.3735
-28.1541,-68.0302
-4.65646,-1.8898
-39.6054,-147.095
-73.3943,-250.827
0,1.1e-08
-86.0929,-774.837
-97.2133,-858.809
-75.142,-501.741
-77.6712,-563.622
0.733478,0.270435
0.158663,1.1e-08
-4.58244,-2.57306
-66.2824,-522.481
0.403163,1.1e-08
-15.3654,-25.3571
-71.429,-492.278
-20.6924,-55.8143
-39.3692,-133.646
-47.5216,-236.162
-24.1951,-68.0829
-1.60374,-0.367486
-41.4045,-172.014
-72.9493,-656.832
-79.1505,-252.252
-82.0692,-781.011
-85.9255,-677.957
0.377079,1.1e-08
0.23413,0.0280493
-61.9108,-487.551
-99.3204,-377.246
1.15612,0.194093
1.62322,1.1e-08
-61.1399,-408.001
0.977068,0.0316766
-59.1998,-319.5
-74.0338,-595.595
-99.7199,-520.888
-16.8989,-30.0125
-60.6763,-435.267
1.23861,0.195676
0.723084,0.0610661
-70.9897,-435.267
-2.15788,-0.514497
-19.1008,-43.365
1.25415,0.0139131
-65.4124,-504.957
-118.813,-700.174
0.138998,0.101214
0.505641,0.0826454
-34.3181,-141.551
-23.4131,-69.9274
-89.9249,-984.497
-117.632,-698.495
-107.278,-965.053
-21.504,-54.1695
-21.6299,-50.96
-45.7101,-215.061
-103.454,-896.793
-91.2451,-860.719
-83.8031,-514.13
-75.8831,-254.519
-78.9598,-756.462
-46.5762,-241.28
-33.8534,-133.867
-23.427,-62.622
0.525194,0.0552239
-67.9425,-558.379
1.3031,0.0315088
0.112273,1.1e-08
0.545511,0.0222361
-85.5763,-684.641
-36.6236,-177.87
-142.404,-898.911
1.52605,0.118203
-43.0302,-199.137
-80.3411,-634.008
1.93341,1.1e-08
-57.468,-315.566
0.788224,0.0443029
-63.1011,-449.23
0.583451,0.00270939
-78.9036,-676.55
-93.0572,-831.329
0.144005,0.281006
-98.7406,-831.285
-18.937,-40.4985
-38.2872,-126.2
-79.5549,-482.675
0.33315,1.1e-08
-48.5633,-247.217
0.949634,1.1e-08
-46.7888,-221.607
0,1.1e-08
-58.9315,-339.597
1.43989,1.1e-08
-75.8786,-662.093
-15.9281,-24.2551
-47.0394,-270.137
0.740476,1.1e-08
-69.525,-364.493
1.20128,0.0609344
1.21108,1.1e-08
-33.8819,-147.126
-84.5225,-882.169
-107.981,-869.778
-12.1358,-20.09
-39.5998,-163.415
-49.6203,-315.571
-90.2882,-916.519
0.790905,1.1e-08
0.0485727,1.1e-08
1.31296,1.1e-08
1.69611,1.1e-08
1.33905,0.0490871
-89.3645,-874.808
-66.7905,-375.438
-66.3137,-492.662
-39.6696,-77.3936
1.95008,0
-59.6148,-331.485
-17.8473,-41.9184
0,1.1e-08
-83.1381,-768.688
-116.462,-696.468
-106.801,-943.324
-5.62319,-2.56856
0.646067,1.1e-08
-5.21797,-2.56876
1.95008,0
-48.7673,-218.319
-45.586,-234.974
0.368144,0.021895
-71.6684,-251.864
0,1.1e-08
0.602811,0.143322
1.92799,1.1e-08
1.65829,1.1e-08
1.51366,1.1e-08
-17.7369,-25.173
1.2885,1.1e-08
-67.5621,-511.514
-72.6945,-537.653
1.233,0.101584
-74.3566,-634.029
0,1.1e-08
-50.5239,-339.596
-138.267,-896.265
-74.2159,-477.866
-53.5454,-303.873
0.507748,1.1e-08
0,1.1e-08
-91.6613,-702.665
-72.8943,-574.182
-43.9027,-231.804
1.55819,0.0686612
-36.8764,-147.933
-19.3819,-41.9191
-50.3072,-284.886
-25.2307,-62.6233
-42.4525,-166.257
-139.327,-894.822
0.24286,1.1e-08
-102.116,-506.265
-77.0883,-862.934
-88.618,-837.665
-47.7255,-288.635
-45.4444,-256.021
1.10558,0.0398511
0.337403,0.230579
-85.2586,-517.35
-43.7647,-205.433
-58.7084,-477.607
-69.1711,-628.467
-4.06941,-1.80918
-40.3572,-205.432
-5.34535,-3.7485
-99.1173,-943.32
-123.079,-896.308
-2.23995,-0.685798
-96.3125,-818.577
-17.6059,-27.0378
0.0311786,1.1e-08
-9.87111,-9.94699
0,1.1e-08
-76.9209,-793.565
-51.6804,-149.61
-43.6887,-259.332
1.3247,0.113267
-81.6226,-662.212
1.27106,0.175888
-4.70434,-2.2334
0.210563,0.288767
-37.3258,-141.573
0.679326,0.0574804
-117.814,-527.332
-64.4109,-516.017
-47.2278,-149.499
-3.00301,-1.1026
-58.2268,-348.058
-80.511,-375.215
1.3108,1.1e-08
-51.5739,-343.685
-26.4476,-70.9485
-25.6829,-74.511
-79.2561,-691.822
1.06458,0.226921
-55.3664,-245.072
-22.5703,-59.1696
0.28623,1.1e-08
-10.3981,-14.5775
-87.513,-650.859
-27.0016,-69.9485
-68.9136,-590.204
-43.2538,-177.87
0.446369,0.00898291
-114.143,-885.353
0.297459,0.0535307
1.15822,0.0486145
0.546656,0.0103997
-65.5645,-435.267
-68.523,-606.445
-79.4468,-617.4
-14.3392,-20.09
-68.1244,-622.944
1.01126,1.1e-08
-55.7592,-292.408
-60.9231,-472.998
0.191216,0.0169518
-87.9482,-744.334
-104.247,-690.953
-33.7068,-73.5353
0.231728,0.239687
-107.227,-696.769
1.1e-08,0.064309
0.244183,1.1e-08
0.710876,1.1e-08
0,1.1e-08
-98.6576,-844.597
0,1.1e-08
-93.3498,-774.837
0.498124,0.00365799
-74.5844,-468.196
-69.6082,-360.025
-48.1717,-224.91
-17.1247,-35.0594
-32.1417,-74.8076
1.24148,1.1e-08
0.0585731,1.1e-08
-64.1223,-421.522
0.626027,1.1e-08
-104.949,-529.851
-84.5452,-970.981
0.123458,1.1e-08
-98.3402,-929.759
-6.94112,-6.19849
-76.166,-818.576
-41.5801,-224.909
-39.1441,-166.258
-11.3077,-14.5775
0.784232,0.149989
-34.1907,-138.939
-92.1642,-943.336
1.95008,0
-38.4302,-180.834
0,1.1e-08
0.08441,1.1e-08
-55.7312,-327.466
-51.1138,-335.53
-63.5005,-399.105
-62.3529,-244.838
-18.3915,-33.761
0.505091,0.249359
0.229114,1.1e-08
-6.15038,-4.65499
-76.5429,-750.386
-64.0472,-542.782
-63.6523,-353.989
-83.675,-916.049
-36.1043,-116.449
-91.2943,-978.67
-14.2891,-22.1236
-87.0829,-356.687
-53.8326,-144.326
0.0167384,1.1e-08
-90.2634,-883.773
-38.7929,-208.617
-62.0265,-385.948
0.29089,0.293609
0.206472,0.0125294
-32.5018,-76.827
-39.984,-138.94
0,1.1e-08
-35.5561,-155.037
-112.402,-891.697
1.26163,0.0432947
-56.0368,-343.686
-74.3616,-606.448
-76.437,-601.009
1.82637,1.1e-08
-84.094,-979.962
1.1e-08,0.000953273
-54.5502,-347.53
-10.2916,-12.936
-25.7488,-81.3645
-39.8231,-177.87
-73.9689,-250.994
1.38932,0.00413815
0.442498,1.1e-08
-55.3754,-362.491
-48.4538,-311.64
-35.7371,-75.4402
-115.853,-677.37
1.58322,0.104811
-74.1186,-584.84
-64.84,-360.219
0.975644,1.1e-08
-73.81,-528.072
-25.9593,-87.465
-78.2835,-805.936
-38.0822,-144.018
-64.6475,-611.901
-83.2464,-793.039
-28.2332,-87.4651
1.18019,1.1e-08
0.150132,0.238821
-76.3427,-768.688
1.36186,1.1e-08
-97.2749,-799.679
-12.4031,-15.435
-38.5742,-78.2867
-81.0977,-590.205
1.50035,0.0466713
0.640135,0.11045
-25.5701,-79.4687
-85.2285,-703.195
-29.0026,-69.8002
-84.4099,-899.232
-50.2554,-319.384
-99.9419,-850.547
-129.747,-896.15
-15.5001,-30.0125
-70.9542,-639.606
-88.9837,-691.604
-86.7334,-628.447
-84.4666,-738.285
-77.2086,-523.322
-45.1525,-183.823
-0.71297,-0.0734996
0.467564,0.00193664
-85.2275,-380.238
-66.0812,-500.533
0.76372,0.0106921
0.00954565,0.143367
-52.6835,-273.787
-16.0795,-23.1304
-76.7351,-732.305
-105.961,-929.777
1.25493,0.249322
-6.61762,-5.145
0.695726,0.00116827
-82.1474,-651.122
1.01891,0.0560397
-35.7753,-114.072
-49.8925,-242.572
-50.4472,-221.601
-95.6645,-960.431
-35.4009,-157.804
-10.0192,-12.152
-18.62,-35.0595
-42.0308,-208.617
-50.6423,-347.9
0.861881,0.167928
-85.9757,-377.281
-39.2939,-160.597
-43.3994,-242.935
-49.2263,-149.54
-22.6526,-52.5523
-81.5709,-837.691
0.922186,0.0841654
-79.2082,-824.282
-73.9504,-558.379
0.487661,0.151222
-18.0793,-26.6032
-89.6366,-793.735
0.140812,0.166905
-87.2784,-831.147
-80.7289,-606.448
-14.5055,-26.4992
-6.68069,-4.655
-121.47,-901.582
-61.438,-492.311
-67.8311,-579.499
-69.0985,-532.645
-61.0971,-458.603
-103.807,-824.839
-94.4342,-528.768
-67.7056,-356.759
-53.9933,-323.473
-101.809,-923.037
0.376303,0.169568
-99.3335,-901.994
0.455731,0.0138674
-82.8212,-696.719
-114.683,-698.552
-106.934,-888.925
-68.2447,-497.399
-97.3107,-873.029
0.536077,1.1e-08
0.698655,0.22437
0.147411,1.1e-08
-13.5549,-24.2664
0.00294016,0.0675824
-51.2159,-262.909
-57.443,-364.504
0.185613,0.195208
-28.6073,-107.089
-92.0213,-906.705
1.6568,1.1e-08
-105.35,-862.616
1.28459,1.1e-08
0.046553,0.0394115
1.01874,0.247199
0.786979,0.231418
-84.4725,-805.969
0,1.1e-08
-18.9272,-25.4416
0.0936689,0.494626
-109.373,-875.029
1.60108,1.1e-08
-33.3272,-116.448
1.88346,0.00295709
0.909007,0.0204225
0.0386413,0.120652
-29.4912,-71.5867
-3.76031,-1.617
-139.453,-906.044
-49.5529,-255.785
-65.8776,-563.623
-71.5662,-458.688
-49.9325,-240.578
-52.9869,-239.504
-73.3076,-368.747
0.625925,1.1e-08
0.605455,0.0317257
0.253008,0.0196689
1.1e-08,0.19991
-68.2553,-501.459
1.06773,0.0361829
-58.8066,-248.83
0.559677,0.134591
-26.2252,-85.4069
-60.6298,-412.467
1.4995,0.00507563
-67.5541,-416.99
-88.3936,-892.741
-56.9288,-453.945
-52.8121,-300.027
0.630262,0.0133742
-66.4635,-347.84
-71.4082,-553.152
0.917984,0.0244328
-50.6633,-266.511
0,1.1e-08
0.028836,1.1e-08
-57.2655,-152.223
0.0418376,0.079067
-44.8202,-224.91
-89.2933,-818.543
0.929624,1.1e-08
-74.8078,-590.205
-102.777,-950.129
-95.7703,-501.592
-14.1798,-19.1162
0.308434,0.0324525
-29.9569,-74.6093
0.556597,1.1e-08
0.746164,1.1e-08
-68.583,-449.234
-26.442,-64.386
-54.9129,-331.486
-76.448,-639.588
-101.623,-885.694
-43.1254,-211.825
-76.7683,-681.352
1.80429,1.1e-08
-23.2866,-60.8825
0.327371,0.0903636
1.8415,0.00366199
-72.5373,-367.448
-79.6732,-622.917
-57.2716,-300.027
-54.0897,-377.018
-64.1803,-468.109
-30.6893,-111.72
-48.473,-277.462
-34.3947,-123.725
-67.8872,-519.935
-2.44316,-0.882552
-61.2051,-403.539
-46.8511,-251.815
0,1.1e-08
-54.5696,-319.574
0.0861705,0.106448
-65.9559,-248.736
-66.0292,-368.769
-46.9818,-262.909
-20.8018,-52.5536
-51.3508,-270.137
-15.925,-26.9326
-55.0712,-335.543
0.0662944,0.238276
-52.5022,-351.908
-120.016,-697.842
-19.1878,-36.3825
-33.0264,-114.072
0.540037,1.1e-08
-15.1875,-27.6637
-93.1285,-869.954
-100.442,-963.894
-111.647,-527.344
0.89883,0.121446
0.90643,0.171689
-81.8295,-787.226
1.47711,1.1e-08
-66.3936,-408.004
0.602838,0.0146235
-92.1686,-879.393
-90.2848,-799.68
0,1.1e-08
-56.3806,-407.973
-32.7724,-118.85
-79.7606,-378.81
0.239687,0.184016
0,1.1e-08
0.849974,0.0652981
0.467238,1.1e-08
-96.7828,-686.528
-11.0927,-13.7445
-67.6633,-247.81
-31.4563,-121.275
-58.9679,-238.41
-95.0796,-851.878
-101.34,-956.77
-85.5471,-617.4
0.294914,1.1e-08
-92.761,-850.509
-35.548,-126.199
1.62042,1.1e-08
1.59676,0.0162575
-55.0242,-239.044
-61.9098,-503.391
-48.8004,-245.305
-83.2652,-732.305
-56.0613,-403.537
-65.5956,-251.596
1.95008,1.1e-08
1.27288,0.102102
0.290113,0.134104
0.0549655,0.117428
0.51951,1.1e-08
-94.9256,-957.498
0.431064,0.0580708
-52.0633,-236.535
1.1e-08,0.0554904
-81.0805,-842.7
-61.8259,-453.928
0.0676941,1.1e-08
0.37205,0.0155865
0.216303,0.155027
-46.128,-199.135
0,1.1e-08
-8.4409,-9.26098
-57.8684,-374.447
-6.53755,-5.65949
-42.8267,-202.272
-101.28,-516.924
-70.2972,-505.391
-55.333,-249.048
-19.9406,-50.96
-5.4285,-3.33188
1.72434,1.1e-08
-42.255,-215.061
-66.1022,-472.996
1.1e-08,0.225347
-59.6061,-468.29
1.69597,0.0486805
-23.3725,-54.1695
0.913915,1.1e-08
-88.4334,-787.206
-88.9024,-726.328
0.923569,0.0490957
-38.954,-77.2792
-8.36294,-7.34999
-63.5132,-339.594
-6.27116,-2.46057
-31.8212,-73.5569
-8.29356,-7.96245
-60.7392,-361.85
1.1e-08,0.264364
-57.9886,-449.23
-105.655,-831.281
-38.4566,-183.823
-36.4933,-133.629
0.74951,0.359323
-108.782,-957.01
-23.6839,-57.477
-23.1368,-71.5009
0.837064,1.1e-08
-67.7938,-673.427
-38.6078,-157.804
-53.025,-281.162
-93.5978,-650.844
-90.4855,-522.358
1.39439,1.1e-08
0.14081,1.1e-08
-68.6902,-633.989
-60.3352,-463.423
-99.5894,-526.213
-89.4579,-889.957
0.797424,1.1e-08
-5.83067,-3.74849
1.13333,1.1e-08
0.595406,0.197504
-82.3699,-611.907
-71.8839,-453.935
-29.3782,-100.328
-13.2159,-20.0899
0.366272,0.0732682
-17.6773,-32.487
-38.5433,-71.4682
1.4321,0.0099968
-80.499,-628.457
-23.3076,-66.2795
0.157302,0.0639199
-20.9206,-59.1579
-78.5433,-762.562
-98.4901,-516.486
-84.3984,-903.391
0.547569,0.0629077
0.788649,0.206696
1.1e-08,0.0296832
-43.8387,-192.937
-37.3416,-174.93
-10.2055,-10.6571
-85.0914,-714.444
0.115157,0.0200234
-104.453,-916.322
-78.6273,-568.89
-3.17483,-1.36679
0.372933,1.1e-08
0.0644559,1.1e-08
0.183964,0.139046
1.07981,0.0796821
0,1.1e-08
-49.3885,-303.874
0.779278,0.000878782
-77.1418,-487.554
-67.1169,-504.494
0,1.1e-08
1.61894,0.0330824
-0.334217,-0.0244997
-24.398,-64.3864
0.858825,1.1e-08
-52.5383,-353.421
-20.8026,-43.365
1.00778,0.104116
0.0262284,0.269239
1.95008,1.1e-08
-74.1868,-482.658
-86.6037,-720.371
-54.0833,-381.806
0.163274,1.1e-08
1.69656,1.1e-08
1.1e-08,0.00288995
-101.441,-889.639
-108.51,-880.953
-98.1463,-805.954
-5.32577,-2.22963
-39.9477,-211.83
-87.9964,-697.244
-25.2685,-60.8825
0,1.1e-08
-75.5247,-726.362
1.49948,-1076.89
-74.3102,-744.334
-96.1089,-837.685
-60.6406,-351.53
-91.188,-936.372
-62.8461,-426.079
-31.5377,-134.708
-23.4492,-50.96
-36.5799,-148.653
-49.58,-199.137
-77.0048,-492.521
-62.7873,-444.552
0.369797,1.1e-08
-47.9243,-233.356
-30.2319,-73.5485
-82.8976,-372.468
-75.6253,-787.187
-24.9491,-72.3295
1.92079,0.0224843
-88.7034,-956.12
-97.0011,-916.291
1.1e-08,0.418072
0.220832,1.1e-08
-14.8595,-23.2765
-103.421,-696.726
-86.6038,-634.011
-84.2759,-645.207
0.895378,1.1e-08
-28.1913,-89.5475
0.0462823,1.1e-08
-68.3016,-250.041
-15.9793,-31.2375
-21.4162,-60.8822
1.14132,1.1e-08
0.0527106,0.0597244
1.34598,0.0701462
-46.0735,-228.243
-17.143,-39.102
-84.2649,-690.058
-16.2059,-32.487
-79.9718,-964.333
-68.2317,-444.553
-19.5026,-26.4845
-13.759,-23.1392
-80.8461,-744.334
-80.3217,-673.778
-34.6153,-136.87
-83.6408,-670.791
-52.8837,-360.681
1.1e-08,0.399381
1.1e-08,0.221897
-66.7934,-537.652
1.1e-08,0.0941573
-53.5348,-153.268
0.379827,0.0844845
-79.1065,-574.182
0,1.1e-08
-14.2293,-21.0968
-36.0167,-160.597
1.64987,1.1e-08
-85.0502,-762.562
-52.2285,-247.68
-124.39,-907.396
1.46179,1.1e-08
1.1e-08,0.000611036
-26.1217,-67.8822
0.895639,1.1e-08
1.1e-08,0.0324484
-16.9033,-33.761
-87.8756,-662.185
-52.8406,-311.639
0.857601,0.0231309
-80.2996,-595.595
-9.20966,-9.26099
-80.4471,-501.532
-129.989,-702.484
-51.6091,-359.709
-5.80908,-4.1895
-29.8197,-104.811
-57.1088,-394.695
0.484928,0.0478012
-36.9094,-121.275
-89.332,-781.011
-13.1096,-21.0886
-28.1069,-81.3645
-30.7664,-95.942
1.6405,0.0964166
0,1.1e-08
-62.2941,-416.99
1.11819,1.1e-08
-40.676,-144.938
-72.4133,-506.563
-6.31699,-4.18949
1.03601,1.1e-08
-90.194,-768.687
1.6428,0.0473965
0,1.1e-08
-91.1963,-929.833
-33.4032,-111.72
-99.782,-864.998
0.236637,1.1e-08
-47.0899,-231.544
1.16461,0.0407272
-90.4064,-656.159
-80.7016,-516.98
-56.2954,-458.598
-21.0329,-41.9197
0.284223,0.0188468
1.09501,0.0100532
0,1.1e-08
-31.9477,-100.327
-10.2327,-13.7449
-59.2796,-421.522
0.466106,1.1e-08
-18.6324,-39.102
1.07794,0.122737
1.90067,0
