0.112198,0.0257466
0.25903,1.1e-08
-86.9491,-823.44
-3.61592,-1.61636
-80.5115,-844.371
-87.2225,-674.791
-91.6831,-506.943
1.1e-08,0.0875072
-101.269,-1186.07
1.0517,0.0397122
0.162025,1.1e-08
-57.1584,-373.013
-113.803,-679.385
-30.5301,-102.557
-20.6289,-23.4711
-83.1394,-666.68
-18.1053,-23.1798
-0.333484,-0.0245
-67.9952,-514.267
-104.239,-856.459
-82.0826,-639.587
-34.3144,-69.8201
-120.583,-1097.14
-46.7787,-241.617
-71.4149,-472.997
-18.4273,-40.4985
0.300619,1.1e-08
-42.2757,-233.692
1.1e-08,0.103953
-85.0917,-871.297
-22.097,-62.6185
0.303167,0.105161
0.593548,0.179822
-74.985,-360.328
-93.8502,-1082.42
0.402393,1.1e-08
1.11009,0.0809372
1.60662,1.1e-08
-38.1721,-128.731
-63.0599,-331.485
-46.9805,-212.378
-84.2776,-799.665
-60.57,-453.933
1.19475,1.1e-08
-4.06134,-2.22975
1.03796,0.114186
-41.2033,-157.805
-56.0728,-412.482
-61.0353,-315.56
-40.7673,-183.823
-38.1173,-172.014
-51.5651,-281.162
0,1.1e-08
-101.969,-507.251
-38.3116,-123.725
0.0106272,1.1e-08
0.65007,0.0414551
-63.0195,-394.695
-64.5377,-553.169
-77.3553,-787.178
-66.7748,-407.998
-35.4065,-67.0955
0.869595,0.0597474
-41.1745,-220.978
-71.1775,-453.937
-88.9621,-881.688
-9.56586,-12.1522
0.808827,0.0146951
-14.8406,-21.3405
-112.326,-878.018
0.244747,1.1e-08
-106.378,-977.625
-86.4813,-675.836
-44.7753,-231.602
0.129749,0.065823
-45.4578,-255.78
1.65522,0.0463632
-103.308,-1173.73
-107.329,-679.385
-91.6838,-909.619
-93.366,-844.24
-52.8202,-284.886
-4.43893,-2.23054
-29.029,-98.1225
-51.397,-288.634
0.171127,1.1e-08
1.65611,1.1e-08
-39.1283,-145.015
-100.706,-936.537
-65.1556,-527.436
-28.6182,-68.4817
-101.32,-998.488
-66.6923,-353.932
-34.466,-118.848
-67.8093,-435.267
-83.0215,-850.565
0.418538,0.0135282
-4.06052,-1.34743
-11.672,-15.435
-5.41198,-1.911
-18.9037,-43.3652
-76.4229,-639.604
-2.19886,-0.68578
-66.3106,-482.678
-69.6735,-382.111
1.1e-08,0.112224
-68.8716,-237.953
-89.1203,-1005.5
-69.5414,-463.418
-52.1043,-262.909
-9.40108,-9.94698
-37.3996,-138.036
0.665735,1.1e-08
-21.313,-46.3295
-79.4047,-702.654
-10.3747,-12.152
0.6437,0.125988
1.07564,0.0767327
-22.6086,-47.8484
1.87933,1.1e-08
-27.4834,-77.42
0,1.1e-08
-91.5287,-1091.32
-0.628497,-0.0736867
-44.9786,-186.837
-0.674495,-0.0735522
0,1.1e-08
0,1.1e-08
-77.0688,-823.068
-90.4421,-679.443
0.144594,0.0300404
-47.2889,-288.635
-60.3992,-319.504
-47.9003,-262.909
1.73627,1.1e-08
-107.367,-1083.9
1.06137,1.1e-08
1.66943,1.1e-08
-97.8214,-1064.55
-88.4487,-877.079
-90.2039,-1068.56
-29.5052,-100.328
1.28194,1.1e-08
-34.9757,-145.094
0.538564,0.0257071
-2.50778,-0.88222
1.01615,1.1e-08
-81.6913,-359.51
-21.7373,-55.8268
-91.0473,-750.386
-104.629,-1158.33
-22.3731,-52.5526
-48.5433,-284.886
-50.4383,-323.473
0.543768,0.105633
-10.9811,-13.7445
-2.71131,-0.881411
-58.1374,-307.744
0.404763,1.1e-08
1.77253,1.1e-08
-19.1934,-23.1768
0.945662,1.1e-08
-73.1157,-238.233
0.597116,0.0880164
-86.6729,-991.514
-61.8204,-364.983
-67.7932,-537.652
-54.5323,-350.82
-94.3836,-1020.77
-95.8084,-515.418
-92.5183,-812.253
-72.3692,-670.439
-59.4025,-458.662
-108.587,-1103.98
-74.7642,-633.629
-76.0733,-738.307
0.838839,0.100871
-20.984,-57.4516
-50.2244,-238.187
0.12985,0.0678693
0.989385,1.1e-08
0.396067,0.0527124
-59.0238,-430.661
-17.1222,-37.7301
-27.1171,-85.407
0,1.1e-08
1.28088,0.150015
-69.599,-490.11
-86.92,-843.808
-10.9562,-12.9361
-58.5161,-449.232
-63.0766,-416.99
-50.5811,-343.693
0.769436,0.122528
0.962572,0.059133
-27.1537,-67.9877
-28.2057,-70.7557
-106.107,-1115.94
-63.9609,-430.661
-39.4877,-139.293
0,1.1e-08
0.841666,1.1e-08
-65.1047,-403.54
-10.7397,-15.4351
0.320473,0.0476699
-83.2514,-793.399
-76.3361,-553.163
-114.734,-1175.64
-61.5456,-407.998
-48.2435,-303.873
0.781619,1.1e-08
1.22331,0.0119793
-18.7893,-41.9099
0.172276,1.1e-08
-108.512,-1188.59
-79.563,-768.688
-30.6911,-89.5475
-87.4845,-659.063
-39.9514,-196.024
-14.4642,-24.7069
-83.3509,-744.334
-96.6641,-1005.51
-75.2107,-611.907
-75.7355,-732.305
-24.1671,-52.5524
-13.2082,-22.192
0.794567,1.1e-08
0.999823,0.0176618
0.270018,0.096188
-97.3095,-889.922
-117.955,-1062.5
-20.8863,-50.96
-49.329,-339.393
-47.6017,-221.376
-90.7083,-1166.47
0.121192,0.135174
-28.1712,-102.557
1.1e-08,0.0011064
-39.4089,-208.615
0.733011,0.000484784
0.294947,1.1e-08
-50.8175,-240.882
1.12055,1.1e-08
-61.0194,-412.481
0.567743,0.0196048
-113.3,-653.81
0.436225,1.1e-08
-76.3242,-482.009
0.408193,1.1e-08
-58.7564,-296.205
-43.5136,-211.832
-87.3568,-1053.32
1.22197,0.00482202
-161.01,-1106.83
-135.705,-885.304
-82.5645,-867.77
-34.9623,-114.071
-75.0928,-584.837
-62.2769,-497.389
-69.3159,-584.842
-72.3631,-532.532
-83.5954,-650.933
-100.949,-916.324
-108.321,-681.959
-69.5871,-634.357
-42.5451,-208.619
-70.0045,-679.122
0.824123,1.1e-08
0.752686,0.0835224
-2.08531,-0.516933
-15.7192,-20.9268
-99.4091,-1114.31
0,1.1e-08
-102.853,-498.475
0.194502,0.00733099
-31.0607,-116.448
-74.8618,-463.414
-16.9773,-31.2375
1.23246,1.1e-08
-142.458,-1095.14
-56.6824,-315.561
-81.8509,-902.989
-94.776,-832.158
1.1e-08,0.0688635
-81.7443,-502.361
-6.61684,-5.65949
-36.3958,-67.5852
0.669679,1.1e-08
-116.88,-1053.14
-94.8946,-490.629
-102.314,-861.197
-69.3269,-430.661
-47.0289,-224.91
-60.5986,-335.527
0.969546,1.1e-08
-33.1486,-102.557
0.457593,0.0577682
-61.1796,-339.582
-8.65547,-9.94701
0.696572,1.1e-08
0.636983,0.00172078
-109.7,-1132.32
-34.931,-133.525
-40.39,-166.257
-76.9774,-241.816
-89.5822,-890.185
1.57301,1.1e-08
-106.117,-1091.29
0.248379,0.0350918
-141.074,-882.963
-56.5266,-237.375
-16.6456,-23.197
-54.5312,-356.077
-124.553,-883.348
-41.5442,-142.519
-81.2187,-726.327
-57.874,-390.309
0.21622,0.214287
-80.9658,-679.429
0.940736,1.1e-08
1.72939,0.0180259
-22.5876,-54.1695
-76.1453,-497.424
-54.4404,-234.109
1.02802,1.1e-08
-109.242,-1186.64
-71.0471,-527.436
-83.7375,-1041.65
-88.8376,-361.649
0.603645,0.00283901
-71.8069,-507.846
-53.201,-234.896
-7.19172,-5.65949
-111.777,-1068.02
-8.1594,-7.34999
-83.5433,-787.225
-74.3738,-574.182
1.51477,1.1e-08
-73.094,-628.376
-95.7948,-1128.37
0.0717947,1.1e-08
0.0969157,0.111944
-37.5076,-169.123
0.671509,0.186223
-72.6951,-477.669
-38.4957,-136.943
-46.1523,-141.626
1.31822,0.119113
-43.9923,-216.312
-35.2398,-128.574
-40.732,-205.432
0,1.1e-08
0.681932,1.1e-08
-107.477,-1019.93
0,1.1e-08
-59.3472,-235.566
-66.4685,-558.38
-66.8615,-568.89
0.856235,0.164541
0.943629,1.1e-08
1.37177,0.0943269
1.57876,1.1e-08
-55.7082,-381.612
-17.5649,-32.487
-94.4995,-1150.77
-29.0597,-67.9876
-116.97,-1188.62
-80.6081,-574.182
1.13167,0.0912951
-31.151,-131.176
-118.098,-683.886
1.61616,0.0282854
-3.33171,-1.61191
0.797411,0.15072
0.0179293,0.0920141
-51.3444,-221.614
-91.4727,-845.48
0.12059,1.1e-08
-80.5638,-365.199
0.999467,0.0760243
-93.4693,-991.52
1.48713,1.1e-08
0.0927858,0.285504
-117.362,-1040.74
-105.544,-501.908
-68.6243,-489.459
-80.6412,-818.572
-22.7949,-57.4607
-89.2075,-902.968
-126.119,-1099.19
-33.237,-138.095
-78.0995,-677.308
-68.2322,-503.353
-88.5807,-830.448
0.633548,1.1e-08
0,1.1e-08
-93.1071,-669.5
-22.7263,-49.392
-78.855,-837.785
-36.0765,-163.415
-24.5456,-66.1709
0.323097,0.0617932
-16.163,-22.1168
0.315638,0.251726
1.92936,0.00441715
-30.6016,-123.72
-38.0087,-146.944
-32.2246,-114.073
-130.727,-885.239
-74.2246,-517.415
-31.5366,-126.197
-49.6997,-292.408
1.13388,0.20674
0.458182,0.0838016
-32.0312,-100.328
1.40657,0.00677335
-16.918,-35.0595
-94.2923,-1073.62
-68.6218,-653.361
-66.4236,-522.366
-87.6522,-896.332
-108.782,-1143.35
-41.4985,-172.014
-59.9628,-311.64
-86.7641,-923.019
-56.1343,-234.977
-37.1561,-118.851
-14.2253,-22.0941
0.227648,0.0894075
0.198218,0.0175421
0.806352,1.1e-08
-87.3409,-507.343
-102.571,-1040.76
-103.846,-1128.38
-9.46579,-11.3925
-57.9484,-144.18
-62.1254,-373.013
0.72729,0.0499269
0,1.1e-08
0.390355,1.1e-08
-20.7362,-54.1694
-88.5768,-963.83
-68.4421,-517.839
-9.56988,-10.6575
-46.0641,-199.136
-38.1471,-186.837
0.340488,0.0871167
-78.7788,-568.89
-13.3405,-19.118
-23.9386,-73.5735
0.0264751,1.1e-08
-23.7097,-55.8059
-41.8753,-140.425
-113.965,-1112.83
1.1e-08,0.167812
0.740928,1.1e-08
-48.4605,-327.462
-24.7644,-24.2494
-26.1972,-73.5735
0.34581,0.000293591
-73.8274,-512.708
-20.5598,-52.5525
-100.458,-679.566
1.1e-08,0.0562872
-69.1094,-449.232
-39.7136,-192.938
-70.472,-355.128
1.73315,0.0521077
-105.251,-869.75
-100.583,-1018.79
-50.6798,-270.137
-27.4034,-87.465
0.57893,1.1e-08
-51.5055,-335.525
-106.567,-506.186
-38.9824,-199.136
-76.9501,-762.562
-93.273,-1143.46
-79.3592,-617.423
-79.7728,-634.145
-48.3433,-230.331
-92.467,-1115.78
0.0882819,1.1e-08
-68.3462,-416.99
1.11578,0.130023
-11.8024,-14.5775
0.628187,1.1e-08
-12.4739,-16.317
1.09419,0.0303532
-82.8881,-874.9
-37.1119,-166.256
-84.8919,-868.383
-45.0818,-259.331
-3.8197,-1.34808
1.48197,1.1e-08
-3.91193,-1.61787
-31.5581,-98.1225
0.408055,1.1e-08
0.0431255,0.0792114
-31.6397,-104.811
0.882564,1.1e-08
-87.5415,-818.569
-13.9883,-25.3635
-51.9021,-277.462
-39.8997,-211.848
-1.65762,-0.367509
-52.5747,-327.471
-82.9778,-507.745
1.14789,0.00994631
1.08013,1.1e-08
0.947289,0.0202714
1.16291,0.158967
1.38388,1.1e-08
-131.384,-1098.81
-49.0642,-300.027
0.89718,0.0738816
-44.0323,-202.272
-72.7584,-649.101
0.407111,0.0389488
-12.9244,-21.3442
0.545927,0.140323
0.649199,1.1e-08
-65.6967,-339.599
-18.6706,-37.7304
0.686643,0.0554106
0,1.1e-08
-96.1489,-1041.23
-2.37264,-0.685937
-17.2452,-33.761
-39.432,-163.415
-102.944,-950.134
1.37389,1.1e-08
-54.7584,-323.474
-114.003,-1079.21
1.42474,0.00423078
1.27868,0.0341353
-81.919,-827.654
-62.9648,-356.071
-63.6074,-501.451
-6.95367,-5.145
-76.2164,-606.467
1.30296,1.1e-08
-1.93615,-0.510836
0.17545,1.1e-08
-77.2476,-708.539
1.14864,1.1e-08
-99.597,-812.247
0.0708407,0.176729
-50.7682,-242.384
-58.2236,-416.989
-82.2499,-732.305
1.0942,1.1e-08
0.330037,1.1e-08
1.36058,0.0253482
0.962373,0.165481
-82.0876,-890.491
-42.4825,-177.87
-6.39085,-5.14499
-64.1763,-468.19
-122.549,-1182.6
-92.8198,-1061.49
-113.998,-1086.18
-34.2476,-144.166
-119.839,-875.207
-90.4516,-744.334
-100.423,-843.689
-77.4472,-750.385
-117.28,-1143.28
-29.0071,-104.811
0.501904,1.1e-08
-43.8613,-210.839
-110.811,-869.884
-12.2485,-17.2239
0.469894,1.1e-08
-81.6203,-611.913
1.30708,0.0061926
-14.4515,-19.0472
0.840357,0.0383427
-39.0309,-177.87
-42.5824,-180.834
1.68281,1.1e-08
-68.6207,-574.182
-135.25,-1072.65
-95.8876,-1173.06
-80.3636,-563.622
-73.076,-439.893
-93.4315,-1135.78
0.716064,1.1e-08
0.821113,1.1e-08
-11.9116,-13.7445
0.227107,1.1e-08
-100.304,-1066.57
-54.6725,-345.75
-95.9841,-943.323
-81.386,-584.84
-50.3894,-296.202
0.555991,0.0698629
0.85683,0.0164681
-57.7855,-239.344
0.33118,1.1e-08
-88.6385,-1048
-107.152,-694.831
0.122187,0.241926
-55.042,-403.538
-109.156,-874.799
-104.905,-1005.5
-72.7062,-501.93
1.19227,0.0545643
-3.87169,-1.91254
-27.0442,-100.327
-77.1046,-601.013
-82.4272,-671.739
-39.1546,-152.292
-12.5446,-20.09
-47.491,-266.511
-40.2088,-133.814
0.0785525,0.0693806
-5.64648,-4.18804
-79.3593,-781.028
-20.5678,-43.3649
-86.1796,-781.022
0.310618,1.1e-08
-37.194,-71.5221
-48.7807,-245.357
1.1e-08,0.000998372
-95.753,-1048.14
-89.7482,-650.856
0.735727,0.0543861
-92.7928,-936.537
0.212385,1.1e-08
-81.5377,-665.305
-57.008,-303.874
-70.1515,-692.264
-43.5085,-136.321
-159.093,-1105.39
0.484725,1.1e-08
-10.0777,-12.936
-10.1115,-13.7444
-36.8331,-71.687
0.587035,1.1e-08
-90.0847,-1026.82
-93.2062,-862.746
-88.0722,-714.448
0.666543,0.0931721
-21.7412,-24.4088
1.1e-08,0.0275822
-96.4992,-1158.29
-74.8087,-714.454
0.698036,0.125427
0.00380117,1.1e-08
-98.1778,-1105.47
0.222639,0.0374359
-55.5848,-311.641
-94.4191,-1055.48
1.22302,1.1e-08
-91.8384,-1012.56
-58.1496,-399.105
1.2935,0.068266
-83.9347,-708.541
-54.453,-296.203
0.21284,1.1e-08
1.20705,0.127613
0.920256,1.1e-08
-21.1167,-44.835
-66.4268,-590.205
-13.2828,-17.2233
-90.9114,-867.134
-23.2292,-67.9875
-8.43997,-8.59949
-55.7455,-288.634
-90.3687,-661.728
-36.7185,-69.7841
-63.1563,-439.893
-68.8019,-426.079
1.52645,1.1e-08
-2.55241,-0.686075
0.522981,1.1e-08
-86.2228,-702.664
-106.744,-1061.43
0.372142,1.1e-08
-103.441,-673.581
-106.41,-1083.67
-44.2481,-183.823
-36.6435,-67.913
-84.324,-690.405
-38.5898,-155.036
-41.456,-186.837
-65.1506,-487.326
-82.3219,-622.913
-79.0351,-628.464
-82.6963,-884.704
-96.9573,-793.434
-35.5661,-144.689
-71.7037,-497.338
-46.6823,-296.21
1.43813,1.1e-08
-107.372,-984.47
1.1e-08,0.266727
-57.5997,-421.522
-96.7412,-679.154
-36.0119,-152.292
-39.199,-131.282
-15.9388,-21.0176
-50.143,-235.256
-88.3062,-362.795
-10.1853,-9.94699
-96.0395,-963.83
-107.878,-1057.23
-85.9305,-655.835
-88.1988,-726.327
0.497475,0.132214
1.7236,0.0677813
-14.0565,-23.1788
-75.6121,-679.518
0.360123,1.1e-08
-25.2679,-67.9869
-81.7867,-645.01
-29.6427,-114.077
-50.3541,-218.16
-57.4355,-345.113
-33.6729,-131.355
-10.8565,-14.5774
-51.5826,-266.511
-82.1058,-831.657
-95.202,-364.511
-91.5129,-970.715
-96.5279,-855.405
1.1832,0.0401873
1.1e-08,0.334239
-70.9304,-639.598
-115.779,-512.232
0.546477,1.1e-08
0.231413,1.1e-08
-70.8814,-547.97
0.641229,0.047041
-69.8665,-444.547
-83.7926,-762.563
-113.708,-677.701
-26.9043,-75.4845
-70.0342,-579.498
0.0950753,0.0315006
1.34403,1.1e-08
-81.9427,-579.499
-12.6545,-15.435
-28.4862,-95.9419
1.1e-08,0.0600091
-74.7596,-659.518
-133.235,-880.344
0.840246,1.1e-08
0.896034,1.1e-08
-43.6169,-228.229
-32.4612,-133.912
-99.1398,-1196.22
-131.916,-878.462
-118.392,-1174.78
-30.9493,-111.72
-31.4296,-107.089
-55.7517,-319.505
-114.566,-1099.34
-101.268,-1059.36
-95.6007,-669.997
-91.2998,-367.243
-88.1919,-943.323
-56.2234,-351.299
-43.2905,-218.443
-32.9917,-123.725
0,1.1e-08
-77.1917,-720.373
1.26237,0.0365621
0.577101,1.1e-08
0.0462866,0.14678
-96.0914,-862.911
-45.4712,-273.788
-157.655,-1101.68
1.1e-08,0.0302395
-52.8545,-300.028
-90.6056,-805.949
0.274639,0.0159213
-67.8844,-439.904
0.774103,1.1e-08
-72.6815,-595.593
1.55191,0.0912646
-88.6522,-853.838
-103.436,-1026.72
0,1.1e-08
-109.754,-1026.67
-28.5716,-91.6545
-49.2864,-208.618
-91.2118,-634.012
0.0162748,0.0132106
-58.4812,-358.463
-4.84868,-2.94
-56.9162,-327.472
-6.95716,-6.19849
-69.2275,-468.198
-4.74983,-1.617
-85.3626,-837.575
-26.4363,-66.1747
-56.2555,-385.949
0.0554012,0.0251967
-81.251,-497.354
1.25778,0.0102946
1.00308,0.0462047
-42.8924,-235.294
-93.6684,-1083.14
-119.757,-1069.4
-20.9237,-59.1676
-49.5876,-255.78
-58.6109,-439.91
-99.8785,-1121.16
1.39872,1.1e-08
0.960173,0.0250665
-5.21466,-1.61545
0,1.1e-08
0.0648731,1.1e-08
-99.0785,-1074.99
-77.9222,-510.129
-75.9278,-645.45
-54.2323,-144.17
0.495356,0.01369
-70.1597,-458.665
-26.7646,-93.7844
-9.45526,-9.26099
-92.7819,-956.97
-130.652,-876.183
-117.986,-1150.79
-17.3232,-23.1639
0.0482972,1.1e-08
-16.1166,-23.1644
0,1.1e-08
-59.4044,-323.473
-55.1654,-343.679
0.15867,1.1e-08
-86.2343,-364.044
-7.96897,-7.96249
0.611307,1.1e-08
0.319394,0.0132494
1.1e-08,0.0162523
1.43156,0.056258
-28.9219,-67.8564
1.1e-08,0.129579
-77.2134,-667.007
-82.7825,-696.805
0.550271,1.1e-08
-83.8546,-805.972
-7.53846,-6.76199
-59.3464,-468.197
-153.118,-1098.75
-85.1452,-628.498
-63.4353,-426.079
1.34953,1.1e-08
0.0996577,1.1e-08
-102.786,-883.132
-82.6806,-738.308
-53.1923,-339.844
-3.10202,-1.34345
-46.6862,-236.318
-29.0714,-93.7854
-59.9048,-403.539
-35.5373,-123.727
-53.069,-259.332
-154.252,-1097.15
0.396576,0.130267
-116.438,-661.044
-85.5201,-1061.81
-98.4642,-1033.76
-56.7694,-407.999
-54.5948,-369.04
0.496574,1.1e-08
1.08822,1.1e-08
-97.3197,-673.665
-53.6026,-307.745
-67.3472,-628.201
-78.0443,-799.7
-13.8966,-20.7326
-49.4271,-307.744
-14.4539,-26.4845
-109.494,-1150.79
-136.3,-1098.8
-11.4815,-16.3159
-107.141,-1012.54
-28.7466,-70.7764
1.21407,0.190786
-20.1,-40.4985
1.07725,0.179511
-85.7013,-984.705
-65.3056,-238.432
-52.4233,-373.012
1.55875,1.1e-08
-91.8257,-837.709
-0.318127,-0.024501
-15.1946,-22.1368
0.060321,0.115138
-47.4445,-228.257
0,1.1e-08
-134.32,-685.049
-73.5668,-672.145
-59.6823,-238.292
-12.6794,-18.1549
-68.2773,-478.124
-93.8687,-509.869
-2.93077,-1.10534
-60.5272,-472.995
-36.5384,-135.318
-35.3527,-140.234
-88.953,-870.973
1.80777,0.0045634
-66.7542,-355.867
-32.0531,-118.853
0.374003,0.23473
-19.2574,-49.392
-98.5491,-824.933
-37.4419,-133.942
-78.0371,-756.461
-53.7106,-273.787
0,1.1e-08
-126.495,-1086.67
0.0888331,0.00378583
1.47404,0.0104892
0.786962,0.0323707
-75.6775,-579.498
-77.4732,-774.833
-89.7323,-787.209
-24.7468,-59.1675
-76.9016,-793.468
1.50225,0.152042
-66.2627,-412.483
-69.936,-622.914
0.901395,0.0227167
-98.3182,-929.775
-117.005,-869.996
-46.409,-138.886
0.0252984,0.0581487
-120.293,-876.521
0.266777,0.0459712
0.423167,0.107472
0,1.1e-08
-5.49646,-3.332
-109.58,-1041.46
1.62357,0.0940367
-104.138,-963.83
1.04297,1.1e-08
-85.6807,-617.401
-81.4192,-492.132
-58.52,-331.485
-26.4905,-83.3734
-44.0972,-140.63
1.44861,0.0911328
-0.715885,-0.0734922
-74.1732,-563.622
-5.58937,-3.7485
-119.666,-687.922
-93.2683,-1181.32
1.1e-08,0.0179256
-108.711,-1135.8
-16.0832,-32.487
-84.7248,-1012.54
-50.5084,-331.484
-48.9293,-259.334
-20.951,-49.392
0.0999786,0.206019
-43.5415,-224.909
-101.812,-1150.8
1.85405,1.1e-08
-47.6389,-277.462
-8.68212,-7.96249
0.679437,0.0514434
-65.6459,-453.935
-60.0948,-463.42
-73.7324,-537.652
-75.1795,-355.586
-28.6521,-81.3645
0.360962,0.0400945
1.60742,1.1e-08
-15.5266,-28.812
-85.5286,-936.537
-72.8897,-702.643
-74.5131,-485.067
-92.562,-1120.64
-46.9031,-196.025
-100.683,-1189.8
-24.1594,-62.6222
-101.517,-488.306
-67.9102,-231.788
0.0251734,1.1e-08
-100.03,-1084.91
-47.4412,-311.64
-72.1905,-522.364
0,1.1e-08
0.748085,1.1e-08
-44.6074,-143.383
-50.9276,-224.911
-6.52193,-4.655
-44.7604,-245.27
-124.518,-1093.7
0.085807,1.1e-08
-65.7672,-472.997
-84.075,-774.837
-86.4688,-768.687
-4.3177,-1.34742
-92.7399,-1191.23
0.60151,1.1e-08
-63.9651,-477.504
-19.6104,-46.3294
-34.9654,-149.572
-49.4464,-273.787
-88.9825,-362.995
0.0580811,0.235018
0.764801,1.1e-08
-64.7652,-495.019
-57.2881,-435.267
-49.0254,-141.5
-129.93,-854.796
1.72037,1.1e-08
-83.978,-750.386
-75.8372,-492.359
0.171753,0.0629186
-84.1998,-685.922
-34.916,-157.805
-87.1491,-998.48
-48.3079,-231.358
-73.0506,-780.999
-92.7502,-984.119
-37.9796,-157.805
0.804895,0.0799247
0.559204,0.0619237
-85.1971,-956.971
0,1.1e-08
-108.34,-991.514
-22.6868,-50.96
-52.7502,-145.4
-91.839,-756.462
1.6996,1.1e-08
0.56184,0.172782
-34.8363,-146.999
-95.5703,-883.727
-39.9222,-133.805
-93.4755,-1102.04
-59.3047,-444.41
-110.965,-1048.07
-143.683,-1098.62
-24.6695,-75.4845
-79.977,-812.258
-99.872,-870.728
-97.8664,-799.677
-94.4657,-923.012
-88.0843,-680.48
-55.8886,-281.162
-11.2494,-12.152
0.368698,0.172416
-99.3707,-515.722
-75.566,-654.453
0.984176,1.1e-08
1.16872,1.1e-08
-62.9389,-390.309
-26.9321,-64.3073
-85.8539,-916.325
-117.138,-1135.82
0.19413,0.0672509
-16.2132,-30.0125
0.154029,0.102017
-92.505,-825.23
1.92943,1.1e-08
-46.587,-192.937
-60.2276,-352.857
-61.3714,-327.465
-105.538,-1169.67
-44.4841,-248.748
-19.3861,-44.835
-28.8126,-83.3735
-51.4047,-311.639
-59.3811,-477.939
0.233085,0.085893
-100.234,-512.272
-49.2914,-252.252
-52.3862,-353.295
-62.2054,-238.344
-32.7624,-109.392
-90.6327,-1033.79
1.5744,0.0575564
-88.0745,-1018.89
-84.02,-720.373
1.20093,1.1e-08
-29.4992,-70.0208
-99.871,-984.894
1.19819,1.1e-08
-97.0125,-1026.52
-91.2761,-774.837
-23.6425,-69.8492
-16.8888,-28.812
-134.476,-1104.64
-70.3433,-645.048
-76.8945,-744.335
-78.733,-691.102
-70.2759,-606.378
-115.434,-1019.51
-107.68,-686.683
-79.2615,-488.312
-63.6584,-449.232
-112.586,-1128.37
1.07145,0.00461065
-110.003,-1105.1
0.0313242,1.1e-08
-92.9111,-876.465
-128.611,-878.528
-118.462,-1090.62
-78.0902,-650.87
-107.88,-1073
0.0562677,1.1e-08
0.555953,0.00447507
0.897689,0.215349
-22.4832,-66.1934
0,1.1e-08
-61.3901,-377.3
-67.1269,-497.367
1.81485,0.0310502
-37.5243,-183.823
-101.869,-1110.31
1.1e-08,0.189244
-116.741,-1061.44
1.57853,1.1e-08
1.35901,0.055347
0.502846,0.074251
0.612829,0.0299391
-94.0405,-998.516
1.1e-08,0.0187997
-31.131,-68.1388
0.707542,1.1e-08
-121.256,-1075.22
0,1.1e-08
-43.2901,-196.024
1.81251,1.1e-08
0.726458,0.157286
0.614343,0.085221
-40.7452,-136.203
-13.6911,-20.09
-154.389,-1109.58
-59.534,-368.756
-74.8034,-726.327
-82.3243,-606.476
-60.349,-350.451
-63.964,-349.15
-85.5977,-502.32
1.10717,0.0136851
1.52965,0.0145384
-3.16471,-1.10077
1.53292,0.033842
-78.0217,-655.485
0,1.1e-08
-70.817,-360.395
0.369563,0.105064
-35.3857,-155.036
-70.2374,-553.144
0.509718,0.0289105
-78.2033,-558.379
-97.8877,-1094.85
-65.5239,-601.02
-62.6294,-421.523
0.177064,0.136638
-77.9409,-477.868
-81.1759,-714.435
1.1e-08,0.0171289
-60.6599,-381.612
-4.59169,-2.5725
0.97298,0.138551
-72.2265,-241.728
1.53311,1.1e-08
-54.4464,-331.485
-99.3307,-1012.51
0.47292,0.00600847
-84.7136,-756.463
-113.5,-1158.3
-109.207,-655.736
-24.7392,-57.4879
1.25047,1.1e-08
-41.1112,-140.374
0.359695,0.00433521
1.24809,0.116819
-78.9987,-595.597
-37.0976,-126.2
-64.6227,-458.665
-86.1706,-812.238
-112.545,-1087.03
-52.6705,-315.557
-86.2007,-859.217
0,1.1e-08
-32.9329,-121.275
0.807955,1.1e-08
1.43556,0.144186
-84.6381,-500.802
-89.9429,-793.437
-67.9221,-421.522
-63.051,-511.967
-73.7235,-617.302
-40.0554,-189.875
-57.8432,-394.695
-44.3716,-205.432
-77.4904,-676.619
-11.2429,-17.2262
-71.0127,-542.796
-56.4193,-363.99
-7.46964,-7.34999
-64.3984,-444.634
0.457888,0.14909
-79.4259,-360.282
-77.099,-502.346
-56.3125,-377.3
-30.0793,-109.394
-61.4139,-385.948
-25.9663,-70.5622
-64.749,-463.436
1.52909,0.0647035
-61.5087,-482.634
-134.593,-877.734
-29.4962,-85.407
-43.0021,-192.937
1.1e-08,0.212855
-24.5586,-71.7326
-103.273,-1069.59
-110.847,-1173.5
-127.287,-685.061
-1.27981,-0.244996
0.109676,1.1e-08
-91.208,-977.641
-3.35088,-1.35357
-76.9754,-547.973
1.1e-08,0.0800574
-102.178,-1080.06
-100.553,-991.514
-8.70593,-9.26099
-65.3623,-547.937
-42.47,-199.136
-93.0013,-514.079
1.46539,1.1e-08
0,1.1e-08
-3.58937,-1.34437
0.995305,0.249753
-108.678,-865.031
-20.8376,-47.8485
-81.4357,-359.154
-40.6665,-202.272
-71.2755,-347.832
-105.524,-1049.54
-111.874,-1165.64
-96.6246,-787.21
1.05063,0.000766543
-102.99,-1048.02
-45.7551,-208.617
-1.03766,-0.147001
0.119125,1.1e-08
-66.5036,-348.599
-70.7944,-657.723
-58.8366,-356.151
-93.1612,-916.325
-65.0423,-542.795
-78.9187,-363.734
0.17486,0.263884
1.16212,1.1e-08
0.0456403,1.1e-08
1.32171,0.0148357
0.467047,1.1e-08
-104.792,-1166.44
1.92937,1.1e-08
-62.924,-345.563
0.859745,0.0143562
-90.0525,-1039.35
-71.163,-601.001
0.348268,1.1e-08
1.79211,1.1e-08
0.333081,0.147198
-56.6611,-300.026
-10.3888,-10.6575
-17.4999,-39.102
-67.5124,-508.97
-15.5556,-31.2375
-52.5293,-303.873
-115.481,-673.199
-80.3362,-660.013
-66.6337,-360.658
-28.9722,-107.089
-15.28,-25.3571
0.457487,1.1e-08
-51.5354,-319.505
-75.8821,-622.911
1.15658,1.1e-08
-68.4678,-617.509
0.166396,0.181567
-33.6457,-111.72
0.00199021,0.300633
-98.5705,-977.62
-99.514,-909.637
0,1.1e-08
-53.2989,-144.012
-18.4742,-35.0595
-74.6138,-468.195
-18.5727,-22.7819
-43.8079,-138.917
-17.9141,-36.3824
-71.0386,-494.268
0.517146,1.1e-08
-66.791,-595.593
-117.442,-1026.67
-47.5957,-281.162
-46.6697,-218.139
-1.38328,-0.244999
-120.092,-1165.9
-33.7881,-116.448
-31.9596,-136.084
1.01308,1.1e-08
-76.1915,-850.316
-48.518,-248.748
-63.2103,-399.105
-105.405,-824.917
-103.227,-679.377
0.0260882,0.17394
0.696893,1.1e-08
-77.4624,-805.927
-69.3528,-611.918
-113.554,-683.772
-99.1017,-1091.76
1.90513,1.1e-08
-15.7871,-26.4845
0.867772,1.1e-08
0,1.1e-08
-93.0863,-781.005
-82.7449,-601.008
-38.8422,-174.93
-22.7962,-59.1674
0.999566,1.1e-08
-27.7327,-79.38
-52.7156,-136.125
0.290533,0.0145259
-90.829,-799.688
-32.5613,-128.846
1.44882,1.1e-08
-29.7066,-118.836
-87.6899,-950.134
-112.302,-672.692
-93.4287,-1106.64
1.27405,1.1e-08
1.32739,1.1e-08
1.1e-08,0.152596
-54.0114,-292.407
-46.4399,-270.137
-20.4192,-41.9188
-95.3316,-896.332
1.63128,1.1e-08
-115.551,-1120.95
-89.2349,-732.305
-12.3428,-19.1879
0.0763097,0.00946495
0.73251,1.1e-08
1.74823,1.1e-08
0.524461,1.1e-08
-6.15214,-4.18889
-58.5086,-426.08
0.703556,0.0216664
-88.3871,-639.601
-76.6941,-659.005
-5.98701,-4.655
0.03389,0.0246444
-10.283,-11.3925
-34.2239,-126.2
0.382096,1.1e-08
-61.498,-484.407
-31.0307,-95.942
0.662938,1.1e-08
1.42142,1.1e-08
1.1e-08,0.0321021
-85.0536,-633.992
-96.9841,-902.969
-62.9932,-517.543
0.896003,0.12019
0.912837,1.1e-08
0.0264316,0.251401
-112.377,-1091.41
-120.253,-1081.8
-109.268,-998.5
-17.2402,-22.124
-48.7873,-315.563
-98.7183,-877.054
-35.7425,-121.275
-5.03042,-3.332
-84.5365,-909.675
1.49941,-1298.05
-83.0686,-929.775
-106.79,-1033.78
-71.0459,-482.189
-100.768,-1143.11
-72.6444,-568.89
-40.3273,-219.52
-34.08,-107.089
-46.2221,-237.221
-60.9058,-300.028
-88.1746,-645.289
-72.3703,-590.205
1.0271,0.187445
-57.9839,-341.703
-41.6189,-138.905
-96.7142,-506.661
-84.2912,-977.599
-34.4671,-137.233
-2.92255,-0.882274
-97.9223,-1164.92
-107.305,-1120.91
1.16605,0.0782584
1.49797,1.1e-08
-24.8776,-64.5537
-116.026,-876.473
-97.6716,-805.952
-94.9504,-818.569
0.4594,1.1e-08
-37.8095,-160.597
1.63512,1.1e-08
-82.224,-361.876
-25.2428,-77.42
-30.2839,-121.275
-0.969672,-0.146999
1.13068,1.1e-08
0.263573,1.1e-08
-55.8974,-335.528
-26.0155,-89.5474
-94.5753,-868.991
-25.4175,-79.38
-88.251,-1173.98
-78.6491,-590.205
-31.7971,-69.825
-23.0334,-64.3224
-90.3764,-929.775
-90.2774,-850.711
-44.1728,-222.277
-94.0005,-847.342
-61.9031,-492.906
0.274422,1.1e-08
0.140252,1.1e-08
-76.0602,-696.804
0.373826,0.0572995
-67.5459,-243.053
0.216757,0.129988
-89.7299,-738.308
-7.58565,-6.19849
-24.3013,-60.8864
-45.177,-252.252
1.1e-08,0.238185
-94.9552,-950.134
-62.8948,-359.01
-137.707,-1111.07
0.446464,1.1e-08
0.245357,0.266846
-36.3605,-131.075
1.23343,0.0258108
0.451931,0.0305519
-26.3263,-81.3645
-98.8627,-837.678
-62.478,-435.266
1.14872,0.0401987
-90.8871,-762.562
-19.1086,-39.102
-92.001,-655.594
-145.765,-882.93
-60.3585,-491.762
-15.1575,-27.636
-39.2163,-180.834
-66.36,-532.532
1.04951,1.1e-08
-47.7266,-202.272
-99.6131,-970.714
-22.3749,-60.8724
-38.1719,-149.572
-40.9073,-169.123
0.130436,0.0022954
-9.17207,-8.59949
-72.1117,-558.379
0.238902,0.157274
-51.5946,-232.544
-82.7358,-661.335
-16.505,-27.636
1.03872,0.0312707
-100.658,-956.97
0.622016,0.157813
1.83336,1.1e-08
-100.812,-1135.88
-43.6022,-189.875
-110.703,-1064.1
0.518312,0.0145296
-57.057,-339.528
-5.93603,-1.9097
-101.758,-830.899
-92.1178,-673.242
-64.7503,-606.372
-31.5571,-93.7863
0.769954,1.1e-08
0.756168,1.1e-08
1.35017,0.155498
-42.2443,-174.93
-19.2147,-47.8492
-68.5699,-563.622
-1.78983,-0.367489
-28.28,-89.5475
0.431595,1.1e-08
1.97921,0
