0.35472,1.1e-08
0.177112,1.1e-08
-87.9561,-842.606
-4.6014,-2.5717
-81.4332,-863.778
-88.3407,-692.152
-93.0381,-522.006
0.13886,0.0245556
-102.249,-1209.05
0.703873,1.1e-08
0,1.1e-08
-58.1438,-385.949
-115.255,-696.804
-31.5364,-109.393
-22.0678,-26.8017
-84.2098,-683.937
-19.3695,-26.4875
-1.35383,-0.244999
-68.9951,-529.437
-105.424,-876.004
-83.1626,-656.492
-35.6869,-75.4794
-121.793,-1119.24
-47.781,-252.05
-72.5082,-487.55
-19.3968,-44.835
0.150586,1.1e-08
-43.2012,-243.954
0.0570385,0.183038
-86.0554,-891.012
-23.0304,-67.9838
0.255565,0.0983241
0.680007,0.235131
-76.3006,-373.044
-94.8013,-1104.38
0,1.1e-08
1.44058,0.184835
1.78878,1.1e-08
-39.2953,-136.376
-64.2139,-343.686
-48.0564,-222.167
-85.269,-818.555
-61.5162,-468.192
0.971418,1.1e-08
-4.99745,-3.33232
1.31817,1.1e-08
-42.2977,-166.257
-56.9917,-426.079
-62.1801,-327.467
-41.7697,-192.937
-39.0862,-180.834
-52.5895,-292.407
0,1.1e-08
-103.476,-522.318
-39.4618,-131.222
0,1.1e-08
0.616972,0.057101
-64.0758,-407.998
-65.4508,-568.898
-78.2724,-805.92
-67.8757,-421.522
-36.8078,-72.6549
0.47999,1.1e-08
-42.0959,-230.96
-72.2899,-468.196
-89.9579,-901.517
-10.4906,-14.5777
0.7589,1.1e-08
-15.9264,-24.5194
-113.589,-897.806
0.464093,1.1e-08
-107.51,-998.499
-87.5947,-693.211
-45.7555,-241.818
0.251345,1.1e-08
-46.4047,-266.511
1.84797,1.1e-08
-104.311,-1196.59
-108.7,-696.805
-92.695,-929.758
-94.4351,-863.645
-53.8629,-296.205
-5.46442,-3.33333
-30.0072,-104.811
-52.4048,-300.027
0.338296,0.0714267
1.93798,1.1e-08
-40.216,-153.124
-101.8,-956.97
-66.0998,-542.797
-29.7638,-74.0934
-102.386,-1019.58
-67.8764,-366.536
-35.5211,-126.198
-68.8917,-449.232
-83.9684,-870.043
0.11473,0.0397514
-5.28002,-2.2294
-12.6722,-18.1545
-6.79478,-2.94
-19.8645,-47.8487
-77.4283,-656.509
-3.13417,-1.34718
-67.3152,-497.378
-70.8969,-395.211
0.0570435,1.1e-08
-70.3581,-248.307
-90.055,-1026.67
-70.6168,-477.824
-53.1751,-273.787
-10.4081,-12.152
-38.458,-145.949
0.619123,1.1e-08
-22.3616,-50.96
-80.4014,-720.367
-11.3783,-14.5775
0.477049,0.128296
1.18683,1.1e-08
-23.7033,-52.5524
1.95008,0.0364184
-28.5273,-83.3735
0,1.1e-08
-92.45,-1113.37
-1.55619,-0.368008
-46.0761,-196.024
-1.68184,-0.367621
0,1.1e-08
0.0481326,1.1e-08
-77.9612,-842.23
-91.5968,-696.863
0.283381,0.0655732
-48.2159,-300.027
-61.525,-331.485
-48.8844,-273.787
1.32245,0.0920083
-108.451,-1105.87
0.905024,1.1e-08
1.33493,0.0128993
-98.8193,-1086.33
-89.4424,-896.856
-91.1214,-1090.38
-30.4886,-107.09
1.47174,0.0331785
-35.9525,-153.205
1.1e-08,0.0103244
-3.44319,-1.61731
1.21728,0.076636
-83.1175,-372.213
-22.7103,-60.899
-92.1533,-768.687
-105.651,-1181.04
-23.4058,-57.4771
-49.5012,-296.205
-51.3721,-335.527
0.832764,0.1709
-11.9791,-16.317
-3.72698,-1.61617
-59.2416,-319.504
0.64846,1.1e-08
1.95008,0.0148913
-20.5325,-26.4843
0.918891,1.1e-08
-74.6939,-248.594
0.566642,0.0398305
-87.5883,-1012.53
-62.8986,-377.781
-68.7662,-553.161
-55.506,-363.369
-95.3666,-1042.1
-97.2184,-530.606
-93.5983,-831.289
-73.2969,-687.743
-60.3256,-472.994
-109.673,-1126.15
-75.7521,-650.456
-77.0046,-756.461
0.916992,0.0453518
-21.909,-62.5955
-51.308,-248.546
1.1e-08,0.0786296
1.00828,1.1e-08
0.436178,1.1e-08
-59.9705,-444.553
-18.0557,-41.9197
-28.097,-91.6545
0.11524,0.111205
1.43314,0.134475
-70.6462,-504.922
-87.9151,-863.208
-11.9843,-15.4351
-59.435,-463.417
-64.105,-430.661
-51.4894,-356.114
1.15283,0.0488666
0.766889,0.182048
-28.2545,-73.5738
-29.336,-76.4581
-107.165,-1138.24
-64.987,-444.552
-40.6052,-147.241
0,1.1e-08
0.732552,0.0495801
-66.1841,-416.99
-11.6592,-18.1546
0.527542,1.1e-08
-84.2346,-812.215
-77.4166,-568.892
-115.844,-1198.52
-62.56,-421.522
-49.165,-315.56
0.969589,1.1e-08
1.47508,0.0505147
-19.7608,-46.3194
0.284022,1.1e-08
-109.558,-1211.59
-80.5176,-787.21
-31.7747,-95.942
-88.6017,-676.227
-40.9023,-205.432
-15.4504,-28.1187
-84.3673,-762.562
-97.678,-1026.68
-76.2225,-628.444
-76.6665,-750.386
-25.2829,-57.4769
-14.1509,-25.4309
1.01971,0.0395931
1.47085,1.1e-08
0.404513,0.126485
-98.3949,-909.843
-119.153,-1084.26
-21.865,-55.811
-50.2199,-351.737
-48.6674,-231.367
-91.5916,-1189.26
0.0190096,1.1e-08
-29.0995,-109.393
1.1e-08,0.0314768
-40.318,-218.317
0.591329,1.1e-08
0.425251,0.00740252
-51.9153,-251.299
1.17238,0.0139545
-62.0197,-426.078
0.23512,1.1e-08
-114.742,-670.91
0.324172,0.0971772
-77.4809,-496.699
0.0930975,1.1e-08
-59.8942,-307.744
-44.5101,-221.608
-88.251,-1074.98
1.56331,0.0287868
-162.621,-1129.03
-137.225,-905.173
-83.4991,-887.443
-36.0554,-121.274
-76.1262,-601.007
-63.2061,-512.31
-70.2695,-601.012
-73.4069,-547.967
-84.6859,-667.986
-102.058,-936.537
-109.699,-699.411
-70.5064,-651.193
-43.5268,-218.321
-70.8979,-696.538
0.893502,1.1e-08
0.651348,0.0713061
-3.13268,-1.10634
-16.819,-24.1003
-100.4,-1136.59
0.177857,0.0164637
-104.366,-513.415
0.0611583,0.117832
-32.021,-123.725
-76.0198,-477.82
-17.9963,-35.0595
1.36279,0.065056
-143.884,-1117.23
-57.7452,-327.468
-82.7568,-923.055
-95.8696,-851.425
1.1e-08,0.139817
-82.9586,-517.355
-7.56085,-7.34999
-37.8341,-73.1611
0.849544,1.1e-08
-118.077,-1074.8
-96.2912,-505.456
-103.472,-880.795
-70.4394,-444.552
-48.0739,-234.98
-61.7007,-347.802
1.2079,1.1e-08
-34.2419,-109.392
0.485928,0.0310294
-62.2855,-351.93
-9.58133,-12.152
0.67122,0.167499
0.324277,1.1e-08
-110.802,-1154.78
-35.9384,-141.309
-41.4348,-174.93
-78.6269,-252.253
-90.5813,-910.109
1.80008,1.1e-08
-107.185,-1113.34
0.390642,1.1e-08
-142.654,-902.806
-57.7475,-247.717
-17.809,-26.5059
-55.4933,-368.718
-125.949,-903.196
-42.7107,-150.557
-82.2214,-744.334
-58.8492,-403.539
0.199368,0.0732304
-81.9993,-696.849
0.799209,0.0214082
1.86482,1.1e-08
-23.6147,-59.1675
-77.2819,-512.346
-55.617,-244.38
0.978319,0.00153526
-110.299,-1209.63
-72.0769,-542.797
-84.6004,-1063.19
-90.3961,-374.389
0.450217,1.1e-08
-72.8678,-522.922
-54.3577,-245.184
-8.22036,-7.34999
-112.914,-1089.84
-9.18005,-9.26099
-84.5339,-805.968
-75.4068,-590.205
1.61314,1.1e-08
-74.0641,-645.133
-96.7431,-1150.78
0.0154231,1.1e-08
0.206868,1.1e-08
-38.4692,-177.87
0.551909,0.135064
-73.8022,-492.293
-39.5955,-144.824
-47.4464,-149.639
1.42948,1.1e-08
-44.9921,-226.189
-36.2761,-136.214
-41.6791,-215.061
0,1.1e-08
0.4269,1.1e-08
-108.596,-1041.25
-0.319083,-0.0245014
-60.6374,-245.869
-67.4045,-574.183
-67.7943,-584.839
1.11794,0.118808
1.04784,1.1e-08
1.46,1.1e-08
1.88552,1.1e-08
-56.6576,-394.695
-18.5985,-36.3825
-95.4257,-1173.41
-30.2378,-73.5736
-118.099,-1211.62
-81.7279,-590.205
0.965974,0.069493
-32.0576,-138.893
-119.6,-701.362
1.82169,1.1e-08
-4.23602,-2.56597
0.813024,1.1e-08
0.133601,1.1e-08
-52.4945,-231.61
-92.5122,-864.9
0.363047,1.1e-08
-81.9715,-378
0.967392,1.1e-08
-94.4565,-1012.54
1.60125,0.0366265
0.173486,0.361139
-118.572,-1062.28
-107.097,-516.897
-69.6557,-504.261
-81.5787,-837.682
-23.8005,-62.6049
-90.195,-923.034
-127.384,-1121.31
-34.1772,-146.009
-79.1051,-694.702
-69.2455,-518.363
-89.6028,-849.695
0.689956,0.0798652
-0.672185,-0.0734995
-94.306,-686.793
-23.8092,-54.1695
-79.7612,-857.117
-37.0174,-172.014
-25.5543,-71.6833
0.461838,0.0819219
-17.3176,-25.3503
0.49065,0.230353
1.58876,1.1e-08
-31.5191,-131.217
-39.055,-155.104
-33.2315,-121.276
-132.191,-905.108
-75.311,-532.631
-32.473,-133.768
-50.6676,-303.874
1.17136,1.1e-08
0.446368,0.167635
-33.0996,-107.09
1.61355,0.0285963
-17.8753,-39.102
-95.2512,-1095.49
-69.5166,-670.446
-67.3908,-537.654
-88.6261,-916.324
-109.852,-1165.92
-42.5538,-180.834
-61.0948,-323.473
-87.7139,-943.305
-57.3547,-245.267
-38.2943,-126.201
-15.241,-25.3259
0.315428,0.239719
0.361504,0.118391
0.768394,0.122219
-88.6317,-522.411
-103.629,-1062.3
-104.874,-1150.79
-10.4114,-13.7445
-59.5581,-152.265
-63.1969,-385.949
1.22619,0.0265204
0,1.1e-08
0.169845,1.1e-08
-21.6784,-59.1674
-89.5256,-984.557
-69.4436,-533.061
-10.5591,-12.936
-47.1526,-208.617
-39.0772,-196.024
0.083656,1.1e-08
-79.8782,-584.839
-14.3663,-22.1321
-24.871,-79.38
0,1.1e-08
-24.7715,-60.8772
-43.0501,-148.405
-115.101,-1135.09
1.1e-08,0.209734
0.854642,0.015755
-49.3519,-339.59
-26.4529,-27.63
-27.218,-79.38
0.868111,1.1e-08
-74.9133,-527.855
-21.5083,-57.477
-101.741,-696.988
0,1.1e-08
-70.1951,-463.418
-40.6665,-202.272
-71.7156,-367.752
1.94242,1.1e-08
-106.438,-889.445
-101.63,-1040.09
-51.7073,-281.162
-28.3821,-93.786
0.449011,1.1e-08
-52.4417,-347.8
-108.142,-521.237
-39.9029,-208.617
-77.877,-781.011
-94.1902,-1166.03
-80.4221,-634.034
-80.827,-650.978
-49.3954,-240.518
-93.3885,-1138.07
0.0993176,0.0293841
-69.4608,-430.661
1.04051,0.0417569
-12.8445,-17.2235
0.585,1.1e-08
-13.5141,-19.11
1.10867,1.1e-08
-83.8192,-894.652
-38.0715,-174.929
-85.8525,-888.06
-46.0143,-270.135
-4.96637,-2.23028
1.50059,0.00488825
-4.98383,-2.57365
-32.6221,-104.811
0.637553,1.1e-08
0.121839,0.245083
-32.6716,-111.72
0.989021,1.1e-08
-88.5594,-837.679
-14.9204,-28.8185
-52.9403,-288.634
-40.813,-221.624
-2.64832,-0.882015
-53.5421,-339.598
-84.2041,-522.819
1.08492,1.1e-08
0.843467,0.0627289
1.21584,0.0711043
1.14094,1.1e-08
1.20695,0.0276675
-132.702,-1120.94
-50.0075,-311.64
0.629397,0.23782
-45.0642,-211.827
-73.7073,-666.13
0.554902,0.0831186
-13.8696,-24.5232
0.820604,0.0132693
0.739058,1.1e-08
-66.8847,-351.947
-19.6894,-41.9199
0.795548,1.1e-08
0.0149096,0.0246992
-97.14,-1062.77
-3.38803,-1.34741
-18.2401,-37.73
-40.4608,-172.014
-104.055,-970.714
1.28614,1.1e-08
-55.7724,-335.528
-115.159,-1101.13
1.30816,0.0261631
1.41139,0.0451121
-82.8676,-846.869
-64.076,-368.713
-64.5519,-516.432
-7.99777,-6.76199
-77.2465,-622.932
1.33459,1.1e-08
-2.89951,-1.09681
0.38385,0.0465328
-78.2131,-726.326
1.2603,0.111637
-100.76,-831.284
0.199547,1.1e-08
-51.8562,-252.834
-59.1727,-430.66
-83.2611,-750.386
1.10239,0.0553226
0.127598,0.149623
1.3413,1.1e-08
0.784446,0.0130986
-83.0029,-910.419
-43.5447,-186.837
-7.34844,-6.76199
-65.1635,-482.669
-123.736,-1205.54
-93.7668,-1083.23
-115.149,-1108.18
-35.2029,-152.249
-121.182,-894.968
-91.5549,-762.562
-101.573,-863.088
-78.3877,-768.687
-118.434,-1165.85
-29.9528,-111.72
0.605351,0.0936848
-44.8588,-220.591
-112.06,-889.581
-13.2416,-20.0904
0.268395,1.1e-08
-82.7185,-628.451
1.26912,0.0508172
-15.5646,-22.0558
0.761254,0.0775766
-40.0065,-186.837
-43.6384,-189.875
1.95008,1.1e-08
-69.5735,-590.205
-136.603,-1094.52
-96.8184,-1195.91
-81.4904,-579.498
-74.2363,-453.931
-94.3533,-1158.27
0.665721,0.0611006
0.428348,1.1e-08
-12.9958,-16.317
1.1e-08,0.0764056
-101.324,-1088.37
-55.6503,-358.21
-97.0237,-963.83
-82.5062,-601.01
-51.3645,-307.741
0.558957,1.1e-08
0.680987,1.1e-08
-59.0333,-249.729
0.27107,0.084978
-89.549,-1069.61
-108.515,-712.448
0.222922,0.0825869
-55.9541,-416.988
-110.383,-894.55
-106.006,-1026.67
-73.786,-516.918
1.46617,0.0970801
-4.83963,-2.942
-27.9449,-107.089
-78.1514,-617.404
-83.484,-689.061
-40.2131,-160.597
-13.485,-23.177
-48.46,-277.462
-41.3599,-141.613
0.136194,1.1e-08
-6.58641,-5.65779
-80.3039,-799.697
-21.6141,-47.8484
-87.2056,-799.691
0.42451,0.0891607
-38.6651,-77.2498
-49.8187,-255.869
0,1.1e-08
-96.7367,-1069.75
-90.9192,-667.909
1.00113,0.0381895
-93.8014,-956.97
0.123117,0.00134668
-82.5899,-682.545
-58.0977,-315.56
-71.0391,-709.847
-44.7523,-144.185
-160.685,-1127.58
0.344126,0.0492342
-11.0216,-15.435
-11.0296,-16.3169
-38.2929,-77.4201
0.232047,0.000188516
-91.0197,-1048.21
-94.2653,-882.362
-89.1686,-732.308
0.831376,0.109159
-23.2321,-27.8002
0.0421711,0.00522584
-97.442,-1181
-75.7398,-732.314
0.875097,1.1e-08
0,1.1e-08
-99.1625,-1127.66
0.366916,0.0387501
-56.6337,-323.474
-95.3858,-1077.17
1.43282,1.1e-08
-92.7983,-1033.8
-59.1187,-412.482
1.21416,1.1e-08
-84.984,-726.328
-55.507,-307.743
0.404662,1.1e-08
1.25274,1.1e-08
0.657978,1.1e-08
-22.1729,-49.392
-67.3366,-606.449
-14.3612,-20.0898
-91.9405,-886.8
-24.1706,-73.5735
-9.41297,-10.6575
-56.8388,-300.027
-91.5323,-678.921
-38.1873,-75.4419
-64.1587,-453.931
-69.9119,-439.897
1.76546,1.1e-08
-3.65482,-1.34761
0.601856,1.1e-08
-87.3053,-720.377
-107.835,-1083.18
0.376117,1.1e-08
-104.767,-690.926
-107.478,-1105.64
-45.3365,-192.937
-38.0917,-73.5002
-85.3914,-707.964
-39.6237,-163.415
-42.467,-196.024
-66.1325,-502.096
-83.4197,-639.597
-80.0843,-645.223
-83.6219,-904.567
-98.1028,-812.25
-36.5535,-152.788
-72.7739,-512.258
-47.5854,-307.75
1.45341,0.00077215
-108.51,-1005.42
1.1e-08,0.296834
-58.5335,-435.267
-97.9766,-696.571
-36.985,-160.597
-40.3415,-139.001
-17.1059,-24.1724
-51.2331,-245.552
-89.8488,-375.554
-11.2784,-12.152
-97.0684,-984.557
-108.982,-1078.93
-87.0466,-672.952
-89.2878,-744.334
0.540161,0.171502
1.95008,0.06367
-15.0366,-26.4864
-76.5772,-696.939
0.381469,1.1e-08
-26.2923,-73.5729
-82.8582,-661.986
-30.5686,-121.28
-51.4905,-228.079
-58.4611,-357.56
-34.6533,-139.077
-11.8137,-17.2234
-52.6355,-277.462
-83.053,-850.918
-96.8625,-377.3
-92.4899,-991.515
-97.6247,-874.938
1.24349,1.1e-08
0.000328529,0.338764
-71.8635,-656.503
-117.482,-527.372
0.404021,0.0125064
0.303524,0.0285749
-71.8891,-563.626
0.454271,0.0202532
-70.97,-458.659
-84.8021,-781.011
-115.155,-695.099
-27.9394,-81.3645
-71.0022,-595.595
0,1.1e-08
1.39553,1.1e-08
-83.0758,-595.595
-13.7403,-18.1545
-29.4571,-102.557
1.1e-08,0.160887
-75.7265,-676.683
-134.727,-900.158
0.665052,0.00447584
0.945595,1.1e-08
-44.5788,-238.372
-33.3972,-141.707
-100.093,-1219.3
-133.393,-898.255
-119.542,-1197.65
-31.9264,-118.85
-32.4434,-114.072
-56.7904,-331.485
-115.715,-1121.46
-102.305,-1081.08
-96.8212,-687.297
-92.8946,-380.081
-89.147,-963.83
-57.2214,-363.856
-44.2667,-228.368
-33.9812,-131.222
0.197964,1.1e-08
-78.1485,-738.307
1.30312,1.1e-08
0.766683,1.1e-08
0.0877218,0.0721373
-97.1792,-882.529
-46.3865,-284.886
-159.233,-1123.83
0.0348014,1.1e-08
-53.8708,-311.641
-91.6675,-824.912
0.317112,0.0141172
-68.9619,-453.943
0.780933,1.1e-08
-73.6726,-611.91
1.6441,0.0131896
-89.6606,-873.354
-104.51,-1048.11
0,1.1e-08
-110.893,-1048.06
-29.5682,-98.1225
-50.4243,-218.32
-92.4176,-650.844
0.0625993,0.0144958
-59.5072,-371.147
-5.81842,-4.1895
-57.9639,-339.6
-7.90502,-7.96249
-70.2926,-482.677
-6.04522,-2.5725
-86.3437,-856.904
-27.5233,-71.6872
-57.2088,-399.105
0.130638,1.1e-08
-82.464,-512.274
1.29181,0.144899
0.882622,0.0803834
-43.8245,-245.591
-94.6145,-1105.11
-120.975,-1091.23
-21.8328,-64.3861
-50.6208,-266.511
-59.5409,-453.949
-100.871,-1143.51
1.36908,0.0122871
0.968635,0.079866
-6.63684,-2.57049
0,1.1e-08
0.167934,0.00092581
-100.083,-1096.87
-79.0737,-525.239
-76.9224,-662.432
-55.7388,-152.254
0.705507,1.1e-08
-71.2506,-472.997
-27.6871,-100.326
-10.5068,-11.3925
-93.7796,-977.624
-132.12,-895.951
-119.142,-1173.43
-18.5335,-26.4705
0.187706,0.135134
-17.244,-26.471
0,1.1e-08
-60.5048,-335.527
-56.1564,-356.101
1.1e-08,0.0267561
-87.7411,-376.825
-8.92448,-9.94699
0.493429,0.0312796
0.741955,0.032065
0,1.1e-08
1.40193,1.1e-08
-30.0789,-73.4479
1.1e-08,0.184748
-78.2118,-684.268
-83.826,-714.445
0.819992,1.1e-08
-84.8371,-824.935
-8.52173,-8.59949
-60.259,-482.676
-154.654,-1120.87
-86.2758,-645.257
-64.4584,-439.897
1.5607,1.1e-08
0.173419,0.0343545
-103.937,-902.977
-83.693,-756.462
-54.1533,-352.197
-4.02997,-2.22417
-47.701,-246.637
-30.0737,-100.327
-60.8977,-416.99
-36.6035,-131.224
-54.1672,-270.137
-155.796,-1119.26
0.440854,1.1e-08
-117.92,-678.231
-86.3924,-1083.56
-99.4828,-1055.22
-57.705,-421.523
-55.5414,-381.908
0.374224,1.1e-08
0.724963,1.1e-08
-98.5674,-691.011
-54.6203,-319.505
-68.2408,-644.955
-78.9622,-818.59
-14.9132,-23.8662
-50.3653,-319.504
-15.3962,-30.0125
-110.568,-1173.42
-137.667,-1120.92
-12.4375,-19.1088
-108.261,-1033.79
-29.8991,-76.4771
1.61121,0.212101
-21.1581,-44.835
1.15415,0.0466582
-86.6096,-1005.65
-66.7151,-248.797
-53.3269,-385.948
1.66541,1.1e-08
-92.8812,-857.04
-1.25262,-0.245005
-16.2798,-25.3718
0.123519,0.0604661
-48.4912,-238.4
0.112125,1.1e-08
-136.027,-702.54
-74.514,-689.472
-60.9707,-248.654
-13.6804,-21.095
-69.317,-492.755
-95.2505,-524.974
-3.90459,-1.91484
-61.4534,-487.548
-37.5823,-143.153
-36.353,-148.209
-89.9561,-890.682
1.64665,0.0566265
-67.9322,-368.505
-33.0341,-126.203
0.521821,0.0275422
-20.1739,-54.1695
-99.6908,-844.117
-38.5219,-141.738
-78.981,-774.836
-54.7923,-284.886
0,1.1e-08
-127.773,-1108.67
0.313788,1.1e-08
1.5733,0.094823
1.02812,1.1e-08
-76.7236,-595.595
-78.3991,-793.428
-90.7963,-805.952
-25.8235,-64.386
-77.8096,-812.285
1.91771,0.050861
-67.3492,-426.08
-70.8684,-639.598
0.886024,0.0775504
-99.391,-950.134
-118.324,-889.694
-47.723,-146.822
0.153988,1.1e-08
-121.644,-896.292
0.329676,1.1e-08
0.142356,0.184479
0,1.1e-08
-6.52791,-4.655
-110.71,-1063
1.83449,0.0031305
-105.254,-984.557
1.11298,0.0400415
-86.8286,-634.012
-82.641,-506.974
-59.5905,-343.686
-27.4593,-89.5474
-45.3339,-148.615
1.52788,0.0726392
-1.80917,-0.367449
-75.213,-579.498
-6.57573,-5.145
-121.188,-705.45
-94.1707,-1204.25
0.0692057,1.1e-08
-109.784,-1158.29
-17.029,-36.3825
-85.6102,-1033.79
-51.432,-343.685
-49.9416,-270.139
-21.9485,-54.1695
0.184727,0.198963
-44.5089,-234.979
-102.81,-1173.44
1.90958,1.1e-08
-48.5915,-288.634
-9.72474,-9.94699
0.961678,0.143446
-66.6716,-468.194
-61.0238,-477.826
-74.7909,-553.161
-76.5064,-368.219
-29.7135,-87.465
0.526273,0.0493956
1.86149,0.0189129
-16.4965,-32.487
-86.4582,-956.97
-73.8044,-720.356
-75.6367,-499.803
-93.4814,-1142.98
-48.0202,-205.433
-101.654,-1212.82
-25.1805,-67.9877
-103.01,-503.098
-69.3665,-242.012
0.0344031,0.0745807
-101.041,-1106.9
-48.3358,-323.473
-73.242,-537.652
0,1.1e-08
1.0682,0.0886356
-45.8597,-151.445
-52.0597,-234.98
-7.5528,-6.19849
-45.7125,-255.781
-125.771,-1115.77
0.318351,0.158131
-66.7738,-487.55
-85.0798,-793.432
-87.5065,-787.209
-5.61462,-2.2294
-93.6342,-1214.26
0.622218,0.132448
-64.9391,-492.126
-20.5744,-50.9599
-35.9189,-157.804
-50.4419,-284.886
-90.5357,-375.757
0.143834,0.0732827
0.717023,0.106589
-65.7366,-509.904
-58.202,-449.232
-50.4001,-149.51
-131.386,-874.327
1.58427,1.1e-08
-84.9979,-768.688
-76.9749,-507.205
0.266859,0.144409
-85.2746,-703.427
-35.8425,-166.257
-88.0663,-1019.57
-49.3657,-241.569
-73.9199,-799.668
-93.7333,-1005.06
-38.9879,-166.257
0.510221,0.098837
0.805566,1.1e-08
-86.1131,-977.624
0.0788396,1.1e-08
-109.485,-1012.53
-23.7507,-55.811
-54.2167,-153.518
-92.9502,-774.837
1.95008,0
0.465201,1.1e-08
-35.7949,-155.161
-96.6401,-903.579
-41.0518,-141.602
-94.4133,-1124.19
-60.2409,-458.519
-112.105,-1069.68
-145.125,-1120.74
-25.618,-81.3645
-80.9104,-831.295
-100.998,-890.434
-99.0181,-818.567
-95.5001,-943.298
-89.2094,-697.913
-56.9993,-292.407
-12.3394,-14.5775
0.402034,0.159213
-100.834,-530.913
-76.5472,-671.552
0.793243,0.0783816
1.37966,1.1e-08
-63.9998,-403.539
-28.0548,-69.743
-86.7972,-936.537
-118.294,-1158.31
0.230629,0.053493
-17.2058,-33.761
0.20331,0.0471193
-93.5765,-844.417
1.53887,1.1e-08
-47.7054,-202.272
-61.2968,-365.442
-62.5015,-339.592
-106.56,-1192.49
-45.4238,-259.332
-20.3551,-49.392
-29.867,-89.5475
-52.3744,-323.472
-60.2852,-492.567
1.1e-08,0.0489546
-101.709,-527.413
-50.3257,-262.909
-53.3159,-365.888
-63.5481,-248.707
-33.8082,-116.448
-91.5701,-1055.25
1.73108,0.00297028
-88.9917,-1040.19
-85.0616,-738.307
1.1826,1.1e-08
-30.6806,-75.6882
-100.93,-1005.85
1.00594,1.1e-08
-98.0195,-1047.91
-92.3672,-793.432
-24.5877,-75.5097
-17.9448,-32.487
-135.821,-1126.82
-71.2646,-662.025
-77.832,-762.563
-79.7296,-708.67
-71.2254,-622.841
-116.637,-1040.82
-109.05,-704.195
-80.457,-503.097
-64.6582,-463.417
-113.701,-1150.79
1.09506,1.1e-08
-111.107,-1127.28
0.0503025,1.1e-08
-93.9549,-896.236
-130.052,-898.322
-119.655,-1112.66
-79.1087,-667.923
-108.973,-1094.87
0,1.1e-08
0.697311,0.181144
1.15055,0.162319
-23.4068,-71.7067
0,1.1e-08
-62.4427,-390.309
-68.1287,-512.287
1.95008,0
-38.4468,-192.937
-102.887,-1132.55
0.0869078,0.151493
-117.92,-1083.19
1.52214,1.1e-08
1.65911,1.1e-08
0.542174,1.1e-08
0.312299,0.113393
-95.0303,-1019.61
0,1.1e-08
-32.3934,-73.7318
0.357388,1.1e-08
-122.485,-1097.11
0,1.1e-08
-44.3207,-205.432
1.95008,0
1.08264,0.145551
0.18214,0.240334
-41.9094,-144.064
-14.7184,-23.177
-155.934,-1131.81
-60.5665,-381.619
-75.7268,-744.335
-83.4373,-622.94
-61.4265,-362.994
-65.0995,-361.668
-86.8691,-517.314
1.27221,1.1e-08
1.73335,1.1e-08
-4.22272,-1.90863
1.25876,1.1e-08
-79.0321,-672.595
-0.977579,-0.146999
-72.0594,-373.112
0.264025,0.0302037
-36.3334,-163.415
-71.2313,-568.872
0.837189,1.1e-08
-79.3049,-574.182
-98.8698,-1116.93
-66.4131,-617.411
-63.645,-435.267
0.272893,1.1e-08
-79.1282,-492.496
-82.1864,-732.295
0.0246252,0.0143968
-61.694,-394.695
-5.57562,-3.7485
1.12491,1.1e-08
-73.7742,-252.163
1.27919,1.1e-08
-55.4422,-343.686
-100.369,-1033.75
0.253711,0.189792
-85.7383,-774.838
-114.61,-1181.02
-110.597,-672.858
-25.8316,-62.6334
1.05931,1.1e-08
-42.2651,-148.354
0.544635,0.00996828
1.3505,1.1e-08
-80.0762,-611.914
-38.2,-133.77
-65.6272,-472.998
-87.1764,-831.274
-113.675,-1109.04
-53.6579,-327.464
-87.1764,-878.793
0,1.1e-08
-33.9308,-128.699
0.557528,1.1e-08
1.61954,0.110825
-85.8899,-515.773
-91.0053,-812.253
-69.0238,-435.267
-63.978,-527.103
-74.7107,-633.911
-41.0243,-199.136
-58.8126,-407.998
-45.4037,-215.061
-78.4838,-694.004
-12.1532,-20.0929
-72.0272,-558.378
-57.4091,-376.77
-8.40262,-9.26099
-65.4151,-458.748
0.592313,0.271444
-80.8193,-372.997
-78.2441,-517.34
-57.2778,-390.309
-31.0391,-116.45
-62.4549,-399.105
-27.005,-76.2516
-65.7502,-477.842
1.69122,1.1e-08
-62.4404,-497.334
-136.101,-897.52
-30.5625,-91.6545
-44.0341,-202.272
0,1.1e-08
-25.528,-77.4674
-104.322,-1091.42
-111.923,-1196.36
-128.905,-702.553
-2.23489,-0.685992
1.1e-08,0.0235774
-92.1782,-998.516
-4.35507,-2.23753
-78.0701,-563.629
0.0934936,1.1e-08
-103.213,-1101.99
-101.615,-1012.54
-9.67234,-11.3925
-66.2914,-563.592
-43.4732,-208.618
-94.3711,-529.248
1.70766,1.1e-08
-0.335048,-0.0244998
-4.66619,-2.22534
1.11844,0.228926
-109.909,-884.673
-21.8457,-52.5525
-82.8604,-371.848
-41.6193,-211.827
-72.5487,-360.328
-106.605,-1071.17
-112.964,-1188.42
-97.7705,-805.952
1.26409,0.0241639
-104.048,-1069.63
-46.811,-218.319
-2.08379,-0.514502
0.20447,0.0148174
-67.6911,-361.109
-71.7135,-674.864
-59.8749,-368.793
-94.1849,-936.537
-65.9713,-558.377
-80.297,-376.511
0.295532,0.254309
1.21265,0.126583
0.0838006,1.1e-08
1.55875,0.0120378
0.681834,1.1e-08
-105.813,-1189.23
1.55142,1.1e-08
-64.0475,-358.018
0.404045,1.1e-08
-90.9807,-1060.87
-72.129,-617.391
0.58765,1.1e-08
1.95008,0
0.493637,1.1e-08
-57.7508,-311.639
-11.4642,-12.936
-18.4371,-43.365
-68.5101,-524.063
-16.4885,-35.0595
-53.533,-315.56
-116.951,-690.541
-81.3748,-677.184
-67.8027,-373.38
-29.9065,-114.072
-16.2991,-28.8116
0.654785,0.0102892
-52.4955,-331.485
-76.8938,-639.596
0.506571,1.1e-08
-69.3845,-634.122
0.0519542,0.0348572
-34.7084,-118.849
1.1e-08,0.117281
-99.6192,-998.494
-100.612,-929.776
0,1.1e-08
-54.7829,-152.091
-19.5202,-39.102
-75.7621,-482.674
-19.8452,-26.0601
-45.0479,-146.854
-18.9093,-40.4984
-72.104,-509.143
0.74655,1.1e-08
-67.7016,-611.91
-118.661,-1048.06
-48.5411,-292.407
-47.7225,-228.057
-2.42552,-0.685999
-121.262,-1188.69
-34.8333,-123.725
-32.8723,-143.941
1.05284,1.1e-08
-77.0602,-869.791
-49.5432,-259.332
-64.264,-412.482
-106.626,-844.101
-104.545,-696.796
0.078284,0.279361
0.620692,0.0336367
-78.3698,-824.89
-70.2856,-628.456
-114.999,-701.248
-100.099,-1113.82
1.95008,1.1e-08
-16.817,-30.0125
0.809695,0.0518854
-0.627504,-0.0734995
-94.1949,-799.674
-83.8684,-617.398
-39.8212,-183.824
-23.7872,-64.3859
1.10985,1.1e-08
-28.7729,-85.407
-54.1817,-143.989
0.457121,0.0700517
-91.8976,-818.578
-33.5186,-136.494
1.13587,1.1e-08
-30.6155,-126.185
-88.6361,-970.714
-113.731,-690.028
-94.3628,-1128.84
1.21668,1.1e-08
1.48641,1.1e-08
1.1e-08,0.268241
-55.0637,-303.873
-47.3811,-281.162
-21.4758,-46.3288
-96.3909,-916.324
1.50653,1.1e-08
-116.699,-1143.29
-90.3323,-750.386
-13.2912,-22.2074
0.175625,0.0982153
1.15429,1.1e-08
1.36774,1.1e-08
0.523909,1.1e-08
-7.17865,-5.65879
-59.452,-439.898
1.11858,1.1e-08
-89.5504,-656.506
-77.6848,-676.164
-6.93125,-6.19849
0,1.1e-08
-11.3123,-13.7445
-35.2404,-133.771
0.0458121,0.0691018
-62.4249,-499.134
-32.0888,-102.557
0.927864,1.1e-08
1.63457,1.1e-08
1.1e-08,0.0237061
-86.1777,-650.824
-98.058,-923.035
-63.9149,-532.761
1.16672,0.102612
0.70394,0.0497431
0.122372,0.322736
-113.508,-1113.46
-121.468,-1103.75
-110.418,-1019.59
-18.4727,-25.358
-49.7018,-327.47
-99.8275,-896.831
-36.826,-128.699
-5.97277,-4.655
-85.4688,-929.814
1.4994,-1322.1
-83.9746,-950.134
-107.895,-1055.25
-72.1223,-496.882
-101.759,-1165.67
-73.658,-584.839
-41.2365,-229.469
-35.1797,-114.072
-47.2196,-247.56
-62.0775,-311.641
-89.3301,-662.269
-73.3617,-606.448
1.2409,0.184415
-59.0245,-354.087
-42.7969,-146.842
-98.1435,-521.719
-85.1876,-998.472
-35.4518,-145.123
-4.02458,-1.61739
-98.8759,-1187.69
-108.371,-1143.25
1.35224,0.0423533
1.89073,0.0269953
-25.9139,-69.9997
-117.33,-896.243
-98.8165,-824.915
-96.0547,-837.679
0.242443,1.1e-08
-38.8045,-169.123
1.93982,0.023356
-83.6643,-374.621
-26.201,-83.3735
-31.2013,-128.698
-1.93088,-0.514498
0.573229,0.0483355
0.292656,1.1e-08
-56.9137,-347.803
-26.9333,-95.9419
-95.6419,-888.677
-26.3704,-85.407
-89.1075,-1196.85
-79.7267,-606.449
-33.0689,-75.4845
-23.9928,-69.7587
-91.3623,-950.134
-91.3073,-870.19
-45.1615,-232.288
-95.0722,-866.782
-62.8361,-507.76
0.402498,0.0632306
0,1.1e-08
-77.0188,-714.444
0.261037,0.0260686
-68.9953,-253.517
0.311017,1.1e-08
-90.8289,-756.462
-8.62089,-7.96249
-25.3432,-66.1786
-46.1247,-262.909
0.00582431,0.229381
-95.9799,-970.714
-63.9982,-371.703
-139.085,-1133.32
0.233831,1.1e-08
0.216529,0.163423
-37.4197,-138.788
1.06993,1.1e-08
0.413457,1.1e-08
-27.3011,-87.465
-99.9993,-857.008
-63.475,-449.231
1.02837,1.1e-08
-91.9824,-781.011
-20.1327,-43.365
-93.1963,-672.708
-147.397,-902.773
-61.2636,-506.599
-16.1245,-31.2375
-40.1884,-189.875
-67.317,-547.967
1.09652,0.00964864
-48.8456,-211.827
-100.677,-991.515
-23.3334,-66.1639
-39.2131,-157.804
-41.9564,-177.87
1.1e-08,0.0948273
-10.2312,-10.6575
-73.1273,-574.182
0.428113,0.242435
-52.7241,-242.783
-83.8036,-678.522
-17.559,-31.2375
1.48969,0.00819359
-101.74,-977.623
0.400113,0.215558
1.95008,0
-101.807,-1158.38
-44.6573,-199.136
-111.833,-1085.88
0.570434,1.1e-08
-58.088,-351.875
-7.42004,-2.93835
-102.933,-850.152
-93.2988,-690.583
-65.625,-622.835
-32.6458,-100.328
0.944088,0.0145797
0.624054,1.1e-08
1.50955,0.134474
-43.3094,-183.823
-20.1439,-52.5533
-69.531,-579.498
-2.8676,-0.881982
-29.2781,-95.942
0.474153,0.00899861
1.90067,0
