1.04053,1.1e-08
0.382036,1.1e-08
-94.6694,-976.016
-11.1713,-14.5757
-87.5779,-998.794
-95.7955,-813.527
-102.071,-628.056
0.65347,0.00464607
-108.782,-1367.9
0.490335,1.1e-08
-4.91643,-3.332
-64.7135,-477.824
-124.941,-818.569
-38.2453,-160.598
-31.6605,-54.6409
-91.3459,-804.618
-27.7972,-54.1738
-8.15808,-7.34999
-75.661,-636.207
-113.322,-1011.94
-90.3629,-774.826
-44.837,-118.843
-129.86,-1272.26
-54.463,-327.238
-79.7974,-590.205
-25.8608,-79.38
1.0367,0.175814
-49.3712,-318.005
0.979096,0.00545695
-92.4805,-1028.08
-29.2533,-109.388
0.4102,1.1e-08
0.950518,1.1e-08
-85.071,-463.453
-101.142,-1256.41
0,1.1e-08
1.1e-08,0.106164
1.00908,0.0399498
-46.7834,-192.978
-71.9071,-430.661
-55.229,-293.063
-91.8783,-950.119
-67.8242,-568.887
0.172207,0.0212345
-11.2382,-16.3178
0.560374,0.0251707
-49.5935,-228.242
-63.1182,-522.364
-69.8124,-412.482
-48.4525,-259.332
-45.5455,-245.269
-59.4188,-373.012
-6.05681,-4.65496
-113.522,-628.399
-47.1296,-186.837
0.601072,0.207452
0.00676369,1.1e-08
-71.1178,-502.323
-71.5378,-679.393
-84.3866,-936.502
-75.2152,-517.317
-46.1503,-115.353
0.556724,1.1e-08
-48.2387,-303.142
-79.7059,-568.891
-96.5964,-1039.34
-16.6555,-36.3828
0.0134304,0.0372444
-23.1649,-51.3467
-122.006,-1035.36
0.67954,0.0138322
-115.057,-1143.29
-95.0174,-814.679
-52.2903,-315.563
0.873135,0.0355544
-52.7173,-343.686
0.660417,1.1e-08
-110.998,-1354.64
-117.834,-818.57
-99.4362,-1069.65
-101.562,-998.651
-60.8141,-377.3
-12.301,-16.3202
-36.5289,-155.036
-59.123,-381.612
0.704561,1.1e-08
0.220304,1.1e-08
-47.4671,-212.819
-109.099,-1098.82
-72.3943,-650.842
-37.401,-117.14
-109.496,-1165.85
-75.7707,-456.198
-42.5551,-180.833
-76.1074,-547.967
-90.2809,-1005.53
-1.87017,-0.514499
-13.41,-13.7442
-19.3407,-41.9195
-16.0134,-15.435
-26.2699,-83.3738
-84.1314,-774.844
-9.36957,-11.3915
-74.0125,-601.013
-79.0526,-488.178
0.452145,1.1e-08
-80.2677,-322.969
-96.2864,-1173.42
-77.7861,-579.5
-60.3136,-351.942
-17.1216,-32.487
-45.5135,-204.331
1.15365,0.0727438
-29.3524,-87.465
-87.0459,-844.091
-18.0694,-36.3825
1.55263,0.104014
1.56839,1.1e-08
-31.0014,-89.5473
1.25589,1.1e-08
-35.4871,-128.698
-6.09069,-3.7485
-98.592,-1266
-7.74078,-7.96515
-53.3926,-262.909
-8.39747,-7.96308
-5.60736,-3.74848
0.342827,1.1e-08
-83.9104,-975.612
-99.2947,-818.633
1.14921,1.1e-08
-54.3959,-381.612
-69.0301,-416.99
-55.4452,-351.942
1.1e-08,0.0194098
-115.681,-1258
0.652114,1.1e-08
0.00285667,1.1e-08
-105.472,-1237.14
-96.0671,-1034.34
-97.2379,-1241.47
-37.0451,-157.805
1.27936,0.42888
-42.4644,-212.918
0.962255,1.1e-08
-9.67927,-12.1529
1.51214,1.1e-08
-92.6258,-462.536
-29.1976,-100.349
-99.5266,-896.332
-112.467,-1338.09
-30.2899,-95.9421
-55.8874,-377.3
-57.5974,-421.522
-0.378686,-0.0245003
-18.6326,-39.102
-10.4981,-12.1495
-66.6027,-403.539
1.45924,0.0443442
-0.651467,-0.0735006
-29.4602,-54.1693
1.00308,1.1e-08
-85.215,-323.297
0.293605,1.1e-08
-93.6909,-1158.31
-70.087,-468.731
-75.2529,-662.186
-61.9974,-452.664
-101.92,-1189.92
-106.619,-637.494
-100.798,-963.835
-79.4819,-808.742
-66.4796,-574.179
-116.913,-1279.62
-82.3382,-768.267
-83.2133,-883.126
1.44882,1.1e-08
-28.0756,-102.523
-58.5323,-323.242
0,1.1e-08
0.0440023,0.0577066
1.04548,0.0215937
-66.282,-542.798
-24.2791,-75.4847
-34.6296,-138.939
0.621478,0.052742
0.850877,0.158342
-77.6275,-609.308
-94.5497,-998.181
-18.8378,-37.7301
-65.561,-563.622
-70.9608,-527.436
-57.5447,-444.56
0,1.1e-08
-1.3677,-0.24501
-35.5934,-116.449
-36.8713,-120.109
-114.215,-1292.5
-71.8274,-542.797
-48.0553,-205.864
-4.96048,-2.94
1.02686,0.0109012
-73.38,-512.295
-17.7896,-41.9196
0.53671,1.1e-08
-90.789,-943.287
-84.6199,-679.387
-123.247,-1356.69
-69.3229,-517.317
-55.3084,-399.105
1.26628,1.1e-08
1.26884,1.1e-08
-26.237,-81.3511
1.44545,0.0956989
-116.537,-1370.6
-86.8817,-916.325
-38.9991,-144.207
-96.0501,-796.294
-47.2418,-273.787
-22.025,-56.4991
-91.1435,-889.717
-104.437,-1173.43
-82.9675,-744.329
-82.8734,-876.561
-32.7214,-95.9418
-20.4356,-52.6588
1.18548,0.00711587
0.0636109,1.1e-08
1.30505,0.0764102
-105.631,-1048.28
-127.136,-1234.98
-28.3894,-93.786
-56.1593,-439.668
-55.7724,-303.608
-97.4802,-1346.84
0.500045,1.1e-08
-35.2883,-160.598
1.40747,1.1e-08
-46.3787,-288.631
0,1.1e-08
1.00993,1.1e-08
-59.2335,-326.385
0.400063,0.040711
-68.6882,-522.363
0,1.1e-08
-124.351,-790.548
0.125739,1.1e-08
-85.1922,-600.266
-4.02529,-2.22815
-67.4794,-390.309
-51.1532,-292.413
-94.2122,-1225.03
1.38359,0.305484
-173.358,-1282.69
-147.357,-1043.27
-89.7298,-1024.23
-43.3427,-174.929
-83.0151,-714.442
-69.4009,-617.416
-76.6275,-714.448
-80.3656,-656.502
-91.9557,-787.309
-109.455,-1076.92
-118.89,-821.393
-76.6353,-769.069
-50.0711,-288.636
-76.854,-818.28
1.2771,0.116329
0.436446,0.0688385
-10.1151,-10.6707
-24.151,-50.8924
-107.005,-1290.75
1.42216,1.1e-08
-114.453,-618.65
0.655177,1.1e-08
-38.4235,-177.87
-83.7398,-579.495
-24.7901,-66.1745
0,1.1e-08
-153.387,-1270.11
-64.8308,-412.483
-88.7962,-1062.46
-103.16,-985.507
0.798719,1.1e-08
-91.0537,-622.954
-13.8543,-24.255
-47.4229,-115.969
1.22849,1.1e-08
-126.056,-1224.84
-105.602,-609.936
-111.194,-1017.09
-77.8556,-542.797
-55.0405,-307.745
-69.0475,-435.267
1.1e-08,0.0391037
-41.5309,-160.597
0.902527,1.1e-08
-69.6581,-439.883
-15.7538,-32.487
1.45323,1.1e-08
-2.28552,-0.685998
-118.142,-1310.17
-42.6545,-198.836
-48.4,-238.385
-89.6239,-327.468
-97.2416,-1048.57
1.21305,1.1e-08
-114.307,-1265.96
0.752908,0.0769764
-153.186,-1040.73
-65.8864,-322.294
-25.5653,-54.2006
-61.9074,-458.629
-135.25,-1041.15
-50.4872,-209.785
-88.9058,-870.019
-65.3511,-497.374
1.12881,0.179277
-88.8898,-818.618
1.1e-08,0.032123
1.56831,0.0153537
-30.462,-98.1225
-84.859,-617.456
-63.4607,-318.488
0.786368,1.1e-08
-117.346,-1368.5
-78.9421,-650.842
-90.3529,-1212.45
-100.786,-464.957
1.1e-08,0.00199022
-79.9411,-629.061
-62.0688,-319.406
-15.078,-24.255
-120.492,-1240.89
-15.9844,-27.636
-91.1377,-936.554
-82.2929,-702.66
0.310091,0.0423934
-80.5318,-762.482
-103.065,-1305.87
1.14451,0.0672517
0.467498,1.1e-08
-44.8797,-241.815
0.400161,0.0993982
-81.1827,-595.423
-46.9276,-203.005
-56.0736,-208.697
1.52724,0.0467847
-51.6576,-297.673
-43.1852,-192.784
-47.9929,-284.886
-3.87874,-1.911
-1.25781,-0.245478
-116.06,-1189.01
-6.57144,-5.65954
-69.2385,-320.194
-73.6447,-685.168
-74.0128,-696.804
1.11361,0.0487269
0.991632,1.1e-08
0.500817,0.0873857
1.28797,0.320999
-62.9871,-487.55
-25.4889,-67.9875
-101.601,-1329.96
-38.0918,-116.449
-125.623,-1370.63
-89.1934,-702.66
0.194563,1.1e-08
-38.1017,-195.969
-129.612,-823.51
0.998862,1.1e-08
-10.2648,-14.5614
0.85448,0.0177156
0.858867,1.1e-08
-60.1619,-303.887
-99.4423,-1000
0.13546,1.1e-08
-91.3561,-468.975
1.52293,0.0347483
-101.038,-1158.32
0.289479,0.0550082
0.255139,1.1e-08
-126.642,-1211.47
-117.447,-622.459
-76.5316,-608.574
-87.8289,-970.717
-30.504,-102.535
-96.7784,-1062.44
-135.821,-1274.46
-40.4458,-204.403
-85.8092,-816.295
-76.0006,-624.06
-96.4163,-983.646
1.23544,1.1e-08
-7.46023,-6.19849
-102.299,-807.716
-31.0281,-91.6545
-85.8024,-991.63
-43.2906,-234.979
-32.2793,-114.067
1.39232,0.00517604
-25.0153,-52.542
0,1.1e-08
0.215769,0.0748742
-37.6354,-186.831
-46.0306,-215.142
-39.9445,-174.931
-141.952,-1043.2
-82.5535,-639.706
-38.7157,-189.872
-57.121,-385.949
0.635108,1.1e-08
0.895954,0.0314867
-40.2226,-157.805
-0.356204,-0.024498
-24.2576,-71.687
-101.643,-1246.92
-75.4821,-789.98
-73.8388,-645.209
-95.1182,-1055.24
-116.986,-1321.99
-49.5886,-245.269
-68.641,-407.998
-94.0464,-1084.18
-65.4908,-319.501
-45.8819,-180.837
-22.0125,-52.5066
0.667852,0.0338581
1.42208,0.265075
1.31005,1.1e-08
-97.2371,-628.501
-110.679,-1211.49
-111.729,-1305.88
-16.7152,-35.0595
-70.2895,-211.795
-70.3397,-477.824
-0.760547,-0.0734881
1.0391,0.112559
-2.03266,-0.514497
-27.9595,-98.1224
-95.8513,-1128.37
-76.1206,-640.178
-17.154,-33.761
-54.4095,-277.462
-45.2775,-262.909
0.756444,1.1e-08
-87.2079,-696.804
-21.205,-47.8614
-31.0875,-123.725
0.637997,0.0375263
-31.8505,-100.321
-50.8824,-207.236
-122.675,-1289.15
0,1.1e-08
1.19484,1.1e-08
-55.2947,-426.074
-37.7094,-55.8024
-34.0238,-123.725
-0.850228,-0.0734776
-82.1531,-634.471
-27.8318,-95.942
-110.294,-818.768
0.0832807,1.1e-08
-77.4333,-563.623
-47.0188,-270.137
-80.0065,-457.549
1.1e-08,0.264619
-114.352,-1026.38
-108.615,-1187.77
-58.5569,-360.297
-34.9067,-141.561
0.47079,1.1e-08
-58.6836,-435.265
-118.64,-627.211
-46.0393,-277.462
-84.0563,-909.636
-100.305,-1322.11
-87.5078,-750.411
-87.8551,-768.835
-56.4093,-314.069
-99.532,-1292.33
0.328459,0.107982
-76.8912,-527.436
1.20369,0.0566854
-19.7921,-40.4985
0.956986,0.066091
-20.4492,-43.365
1.24856,1.1e-08
-90.027,-1031.97
-44.4687,-238.384
-92.2563,-1024.88
-52.231,-347.8
-12.6109,-13.7466
1.08519,1.1e-08
-12.1298,-14.5805
-39.7155,-155.036
1.12644,0.0250109
0.0918858,0.0198668
-39.5514,-163.415
0.821753,0.273219
-95.3453,-970.714
-21.1344,-57.4862
-59.8616,-368.749
-46.9019,-292.433
-9.253,-9.94705
-59.9917,-426.084
-92.3795,-628.949
0.692811,0.22814
1.28749,0.18183
1.06577,0.150012
1.09699,0.068196
0,1.1e-08
-141.492,-1274.06
-56.2961,-394.695
0,1.1e-08
-51.9437,-281.162
-80.0328,-785.293
1.39366,0.154275
-20.1708,-51.3513
0.237768,0.0352545
1.21751,0.0711287
-74.805,-439.902
-26.4816,-75.485
0.726299,0.00533553
0.419468,1.1e-08
-103.747,-1211.99
-10.1573,-11.3922
-24.8729,-69.825
-47.3195,-234.979
-111.462,-1113.55
0.77805,0.10667
-62.5324,-421.523
-122.862,-1252.94
0.913142,0.0661789
0.443856,1.1e-08
-89.192,-980.606
-71.4838,-458.623
-70.8483,-621.94
-14.9584,-23.177
-84.1134,-738.328
0.745742,0.32861
-9.32192,-10.6383
0,1.1e-08
-84.6495,-850.541
1.17374,0.151861
-108.512,-963.829
0.367536,1.1e-08
-59.1096,-328.13
-65.5003,-527.435
-90.0027,-876.561
1.50963,1.1e-08
0.0424761,1.1e-08
0.943012,0.116742
0.21599,1.1e-08
-89.1048,-1048.9
-50.6263,-252.252
-13.7323,-23.177
-71.7447,-584.833
-131.644,-1364.16
-100.08,-1233.84
-122.826,-1260.46
-41.5715,-211.771
-130.135,-1032.34
-98.91,-889.717
-109.24,-998.049
-84.658,-896.331
-126.126,-1321.91
-36.2571,-163.415
1.22839,0.0182344
-51.5086,-291.239
-120.393,-1026.53
-19.8618,-44.8356
0,1.1e-08
-90.04,-744.336
0.59788,0.0694429
-22.9851,-47.7479
0.0498794,0.0672789
-46.5105,-252.252
-50.6784,-255.78
1.1e-08,0.0959165
-75.9258,-702.66
-145.628,-1245.92
-103.024,-1353.91
-89.0027,-690.973
-81.9717,-553.156
-100.499,-1313.84
1.16767,1.1e-08
-2.72385,-0.881998
-20.224,-39.102
0.257154,1.1e-08
-108.124,-1239.32
-62.169,-446.912
-103.955,-1106.17
-89.9745,-714.445
-57.8649,-390.306
1.17477,0.0237184
1.29574,1.1e-08
-67.3517,-324.594
0,1.1e-08
-95.6191,-1219.3
-117.604,-835.525
0.940113,0.00266779
-62.0344,-512.293
-118.562,-1031.86
-113.343,-1173.43
-80.9845,-622.474
1.04834,0.0617322
-11.2926,-15.4401
-33.95,-157.804
-85.1298,-732.309
-90.5289,-810.174
-47.2694,-221.602
-19.754,-49.392
-54.92,-356.107
-49.0344,-199.241
0.932264,0.0078807
-12.8526,-21.0912
-86.6013,-929.793
-28.5889,-83.3734
-94.0459,-929.787
0.968285,0.0258314
-48.4722,-121.07
-56.7392,-331.587
1.07103,1.1e-08
-103.295,-1219.45
-98.7261,-787.225
1.02117,1.1e-08
-100.525,-1098.82
-0.971747,-0.146999
-89.6039,-803.116
-65.3624,-399.105
-76.9562,-832.702
-53.044,-202.246
-171.295,-1281.14
0.590265,1.1e-08
-17.3143,-37.73
-17.1505,-39.1018
-48.025,-121.275
0.0825156,0.0503961
-97.2529,-1196.45
-101.326,-1018.77
-96.4785,-857.014
0.73966,1.1e-08
-33.1716,-56.0451
0.716674,0.0596714
-103.728,-1338.04
-81.9472,-857.02
1.34197,0.437427
0.364858,0.122811
-105.727,-1281.24
1.04188,0.263747
-63.6261,-407.999
-101.83,-1227.37
0.596434,1.1e-08
-99.1975,-1181.05
-65.5787,-507.297
0.687034,1.1e-08
-91.9794,-850.543
-62.5337,-390.308
1.20374,1.1e-08
0.492449,0.157222
0.119593,0.00879222
-29.2139,-85.407
-73.4013,-720.374
-21.5502,-44.8346
-98.8012,-1023.54
-30.4469,-116.448
-15.8997,-30.0125
-64.1276,-381.612
-99.2896,-799.176
-47.9796,-118.796
-70.841,-553.156
-77.3119,-537.652
-0.723545,-0.0735021
-11.0042,-11.3929
0.471919,0.225707
-94.522,-844.102
-115.106,-1233.79
1.02196,1.1e-08
-113.609,-812.197
-114.597,-1257.77
-52.5927,-259.332
-47.746,-116.383
-92.5074,-830.66
-46.516,-224.91
-49.2074,-262.909
-72.6787,-606.198
-90.7382,-756.462
-87.0791,-762.579
-89.7922,-1042.62
-105.74,-943.325
-43.1364,-212.417
-79.9085,-617.359
-53.606,-390.316
0.83022,0.017515
-116.099,-1150.7
0.405971,1.1e-08
-64.7585,-532.532
-106.212,-818.316
-43.4722,-221.602
-47.9587,-196.098
-24.8868,-50.839
-58.5003,-319.827
-100.133,-466.248
-18.5653,-32.487
-103.928,-1128.37
-116.337,-1229.24
-94.487,-792.698
-96.5482,-870.019
1.37925,1.1e-08
1.52797,0.188582
-21.5705,-54.1723
-83.0115,-818.715
0.650751,0.237579
-33.1216,-116.448
-90.0014,-780.794
-36.7411,-174.936
-59.0663,-299.84
-65.2983,-446.174
-41.1897,-196.188
-18.1949,-40.4983
-59.6548,-356.107
-89.3678,-984.962
-107.932,-468.195
-99.0027,-1135.82
-104.937,-1010.79
1.11503,0.129787
0.905989,0.166202
-78.0839,-774.838
-128.833,-633.94
0.02805,1.1e-08
0.741149,0.0823808
-78.6073,-673.631
0.03219,1.1e-08
-78.3263,-558.373
-91.5323,-909.636
-124.802,-816.721
-34.8397,-126.199
-77.4559,-708.54
0.824083,1.1e-08
0.319531,1.1e-08
-90.6296,-708.54
-20.9794,-41.9195
-35.9298,-152.292
0.710929,0.0168832
-82.1728,-796.752
-144.673,-1037.89
1.26662,0.375909
1.39128,1.1e-08
-50.9918,-311.625
-39.6373,-199.31
-106.448,-1378.79
-143.244,-1035.84
-127.206,-1355.77
-38.4404,-172.015
-39.2017,-166.257
-63.7156,-416.99
-123.379,-1274.62
-109.218,-1231.55
-104.957,-808.267
-103.527,-471.296
-95.514,-1106.17
-63.8746,-453.207
-50.7751,-300.171
-40.5775,-186.837
0.421071,0.00573959
-84.5273,-863.502
1.56836,0.0290078
0.617797,0.0109784
0.880806,0.190474
-104.431,-1018.95
-52.4883,-364.511
-169.751,-1277.14
0,1.1e-08
-60.6462,-394.696
-98.7465,-956.966
0.0561617,1.1e-08
-76.1456,-553.169
0.704549,0.129451
-80.2797,-726.325
0.802941,1.1e-08
-96.3838,-1009.1
-111.668,-1196.34
0,1.1e-08
-118.489,-1196.29
-36.2128,-146.877
-58.01,-288.635
-100.457,-768.689
0.893176,1.1e-08
-66.3472,-461.343
-12.2833,-18.1545
-64.9483,-426.085
-14.2241,-25.3575
-77.3933,-584.842
-14.6812,-14.5775
-92.8844,-991.401
-34.7703,-114.072
-63.5647,-492.45
0.485939,0.0226332
-90.5509,-617.377
0.822075,0.107833
0.100793,0.0139672
-50.0387,-319.872
-100.922,-1257.19
-129.096,-1242.37
-27.8934,-104.811
-57.509,-343.686
-65.7413,-553.175
-107.485,-1298.12
0.660044,1.1e-08
1.48888,0.0181343
-16.118,-14.5724
-4.3894,-2.22935
1.46673,1.1e-08
-106.783,-1248.41
-86.7507,-631.604
-83.5527,-781.278
-65.782,-211.783
1.33126,0.20918
-78.523,-574.182
-33.837,-149.57
-17.5168,-31.2375
-100.431,-1120.95
-141.907,-1033.37
-126.856,-1329.98
-26.6025,-54.1492
1.51726,0.127936
-24.7603,-54.15
-4.42248,-2.5725
-67.8406,-421.522
-62.7628,-444.545
0.707729,1.1e-08
-97.7866,-467.666
-15.2945,-28.812
0.222027,0.0612666
0.249447,0.102721
1.44531,0.0554342
0.100059,0.0637874
-37.7927,-116.36
0.139439,0.0592191
-84.8679,-804.979
-90.7833,-837.68
1.34303,0.135
-91.3874,-956.992
-15.0769,-26.4845
-66.3435,-584.841
-164.896,-1273.99
-93.8132,-762.616
-71.279,-537.652
0.795309,0.0389279
1.5388,1.1e-08
-111.609,-1040.91
-90.4422,-883.127
-60.5599,-440.182
-10.2163,-13.7306
-54.4664,-321.067
-36.7561,-149.572
-67.5167,-512.295
-43.7115,-186.839
-61.489,-347.801
-166.09,-1272.27
0.502271,0.0029061
-127.798,-798.45
-92.2074,-1234.19
-106.273,-1203.94
-63.9421,-517.318
-61.8521,-473.327
0.739339,0.000258768
0.442373,0.0791028
-106.885,-812.289
-61.405,-403.54
-74.1986,-762.288
-85.0817,-950.157
-21.6905,-50.3919
-56.6204,-403.539
-21.6779,-59.1675
-117.724,-1329.98
-146.785,-1274.04
-18.811,-43.3632
-115.73,-1181.03
-37.5824,-120.117
1.1e-08,0.148303
-28.2125,-79.38
0.416678,0.16132
-92.665,-1150.95
-76.1118,-323.528
-59.3508,-477.823
0.572252,1.1e-08
-99.9178,-991.547
-7.48058,-7.35003
-23.5145,-52.5733
0.244554,1.1e-08
-55.4696,-311.657
1.40314,1.1e-08
-147.411,-824.785
-80.8285,-810.622
-69.56,-323.365
-20.3537,-46.3302
-76.2484,-595.931
-104.463,-631.314
-10.3968,-12.9466
-67.628,-590.203
-44.5415,-201.021
-43.0218,-207.011
-96.6436,-1027.71
0.914111,0.00238387
-75.7859,-458.39
-39.5739,-180.838
0.688111,0.0341527
-26.2837,-91.6545
-107.302,-977.644
-45.722,-199.346
-85.2731,-902.971
-62.0039,-364.511
-6.5792,-5.145
-136.292,-1260.98
1.48002,1.1e-08
0.480106,0.0540845
1.35397,1.1e-08
-83.6981,-708.54
-84.5716,-923.033
-97.8897,-936.537
-33.0011,-104.811
-83.8629,-943.362
1.12749,1.1e-08
-74.593,-522.365
-77.0841,-756.463
0.880316,1.1e-08
-106.543,-1091.5
-127.123,-1026.65
-56.4831,-205.366
0.319177,1.1e-08
-130.656,-1033.73
0.627416,1.1e-08
0.618371,1.1e-08
-2.49822,-0.881998
-13.4042,-19.11
-118.243,-1212.25
0.00627209,0.1187
-112.693,-1128.37
0.876048,0.0496405
-94.4811,-750.387
-90.7865,-611.557
-66.7272,-430.661
-33.9185,-136.342
-53.5791,-207.484
1.22163,1.1e-08
-9.09771,-7.96216
-82.1447,-690.973
-13.1515,-20.09
-131.337,-827.94
-100.187,-1362.78
0.732077,1.1e-08
-116.936,-1313.87
-23.3339,-67.9875
-91.5128,-1181.03
-57.5894,-430.66
-56.6901,-347.804
-28.599,-91.6545
0.845767,0.0336206
-50.9577,-307.744
-109.464,-1330
1.1e-08,0.0757392
-54.9424,-368.749
-16.6756,-28.812
1.1e-08,0.000309844
-73.5093,-568.889
-67.2176,-579.501
-81.8474,-662.186
-85.3523,-458.071
-36.7898,-133.77
1.26982,0.0410575
1.1e-08,0.18487
-22.9628,-62.622
-92.6552,-1098.82
-79.9027,-844.079
-83.1269,-603.677
-99.6104,-1297.56
-55.4677,-273.788
-108.129,-1371.9
-31.9877,-109.393
-112.964,-607.345
-79.0753,-315.805
1.07865,0.0364568
-107.776,-1259.09
-54.3001,-407.998
-80.2517,-645.207
-2.98017,-1.1025
0,1.1e-08
-54.2084,-210.82
-59.607,-307.745
-14.4252,-22.1235
-52.0603,-331.486
-134.127,-1268.56
1.04891,1.1e-08
-73.4844,-590.205
-91.7787,-923.037
-94.425,-916.324
-14.2607,-13.7442
-99.5969,-1373.43
0.0842852,1.1e-08
-71.4321,-595.238
-27.0012,-87.4649
-42.2751,-218.319
-57.0786,-364.511
-100.89,-466.473
0.238417,1.1e-08
1.34538,0.381989
-72.2124,-614.777
-64.2946,-547.967
-59.5645,-208.543
-141.094,-1010.16
0.840431,0.0805877
-91.7975,-896.333
-84.5592,-611.81
0.354655,0.0140379
-92.44,-825.764
-42.0195,-228.242
-94.1806,-1165.84
-56.4178,-315.278
-79.7151,-929.762
-100.288,-1150.32
-45.7096,-228.242
0,1.1e-08
1.17173,1.1e-08
-92.2196,-1120.95
1.56839,0.0270122
-117.116,-1158.31
-30.8429,-93.786
-63.9932,-213.278
-100.358,-902.972
0.346197,0.0600543
0,1.1e-08
-42.1853,-215.209
-103.772,-1041.56
-48.5826,-199.218
-100.665,-1277.53
-66.4818,-558.219
-119.707,-1219.37
-154.736,-1273.86
-31.9418,-126.199
-87.1331,-963.841
-108.508,-1027.44
-106.696,-950.131
-102.396,-1084.17
-96.7098,-819.773
-64.4035,-373.012
-19.6059,-36.3825
0.588108,1.1e-08
-110.588,-637.825
-83.0884,-791.178
0.358472,1.1e-08
0.159669,1.1e-08
-71.0724,-497.374
-35.5394,-111.616
-93.086,-1076.92
-126.002,-1313.89
1.15708,1.1e-08
-23.8234,-64.386
0.818033,0.210677
-100.72,-977.967
0.185179,0.111556
-55.1617,-270.137
-68.4244,-454.976
-70.0354,-426.077
-113.369,-1350.27
-51.688,-335.527
-26.815,-85.407
-36.8964,-136.343
-58.8391,-407.997
-66.3119,-595.724
0.61994,0.0668081
-111.542,-633.986
-57.2205,-339.594
-59.5136,-455.473
-72.4993,-323.426
-40.7805,-169.123
-97.8196,-1203.97
0.195965,0.310865
-95.1063,-1187.88
-92.0061,-863.502
1.05831,1.1e-08
-38.5563,-119.106
-107.988,-1151.15
0.520972,1.1e-08
-104.733,-1196.12
-99.6411,-923.037
-30.889,-118.881
-24.9849,-62.622
-144.791,-1280.33
-77.4062,-780.836
-84.0826,-889.718
-86.374,-831.426
-77.5556,-738.229
-124.656,-1188.55
-118.185,-826.577
-88.4266,-607.298
-71.3238,-563.622
-121.133,-1305.87
0.953129,0.16407
-118.465,-1280.83
0.282673,0.00549474
-100.914,-1033.67
-139.657,-1035.92
-127.605,-1265.24
-85.8987,-787.24
-116.262,-1246.26
-3.15148,-1.3475
1.28218,1.1e-08
0.79568,0.0606326
-29.5643,-114.097
-5.77846,-3.332
-69.4594,-482.674
-74.8072,-617.391
0.450907,0.00180131
-44.5965,-259.332
-109.679,-1286.44
0.169154,0.00910847
-125.776,-1233.79
0.922365,0.062435
-1.6158,-0.146988
1.00968,0.0124379
0.0836023,0.128309
-101.629,-1165.88
0.429595,1.1e-08
-40.8098,-116.653
-0.331428,-0.0245103
-130.679,-1248.65
-5.93723,-4.1895
-51.1916,-273.787
0.124342,0.177127
0.33926,1.1e-08
0.514957,0.0785121
-49.6708,-202.102
-21.5672,-49.392
-166.235,-1285.65
-67.45,-473.004
-81.8825,-870.02
-90.8567,-738.338
-68.6102,-452.243
-72.6699,-450.761
-95.3451,-622.909
0.641274,0.129183
0.288495,0.119954
-11.2761,-12.9294
0,1.1e-08
-85.7675,-792.295
-7.49477,-6.76199
-80.3425,-463.529
0,1.1e-08
-42.6509,-224.91
-77.8572,-679.366
1.56839,1.1e-08
-86.6492,-685.167
-105.417,-1269.79
-72.3408,-732.317
-70.4155,-532.532
0.417204,0.195966
-87.0437,-595.645
-88.9227,-856.999
0.358569,0.0428543
-68.5882,-487.55
-12.1352,-17.2235
1.47378,0.127704
-84.0921,-327.366
1.09935,1.1e-08
-62.081,-430.661
-107.291,-1180.99
0.566555,0.0509381
-92.5698,-902.973
-122.005,-1338.06
-119.863,-792.639
-33.114,-102.572
0.148295,0.0237697
-49.9578,-207.184
1.55618,1.1e-08
0.994279,0.107497
-87.2594,-726.329
-45.5487,-189.875
-72.3236,-574.183
-93.8817,-963.819
-121.208,-1261.37
-60.2408,-412.479
-93.6815,-1014.93
-6.60557,-4.655
-40.5834,-183.824
0.396425,1.1e-08
-0.805065,-0.0735312
-94.2352,-621.216
-98.0878,-943.328
-76.369,-532.532
-70.1581,-633.646
-81.2922,-750.277
-47.4836,-266.511
-65.2748,-502.323
-52.2844,-284.886
-85.1067,-815.537
-18.222,-44.8393
-78.7911,-667.893
-64.0079,-467.607
-14.6224,-27.636
-72.1936,-558.471
0.768558,0.0194628
-90.109,-463.4
-85.8785,-622.938
-63.7128,-482.674
-37.4374,-169.125
-69.395,-492.45
-33.9301,-119.816
-72.4245,-579.519
0.305101,1.1e-08
-68.6518,-600.965
-146.154,-1035.06
-37.6717,-138.939
-50.9139,-270.137
1.32502,1.1e-08
-31.9907,-121.335
-111.319,-1242.57
-119.098,-1354.39
-139.692,-824.799
-8.6021,-9.26097
0,1.1e-08
-98.6461,-1143.31
-11.0497,-13.7656
-85.3679,-673.635
1.20623,1.1e-08
-110.116,-1253.86
-108.696,-1158.31
-16.115,-31.2375
-72.4857,-673.595
-50.1612,-277.463
-103.503,-636.012
0.0262383,0.187861
-7.16533,-5.65948
-11.845,-13.7334
0.96606,0.060876
-118.113,-1021.25
-28.5663,-89.5475
-92.3586,-462.112
-47.9712,-281.162
-81.0367,-449.266
-113.808,-1220.96
-120.229,-1345.94
-105.41,-936.537
0.972327,1.1e-08
-111.102,-1219.33
-53.8503,-288.634
-9.05798,-8.59951
1.1e-08,0.0905803
-75.6079,-450.139
-77.8409,-794.776
-66.7964,-458.713
-101.01,-1076.92
-72.1651,-667.891
-89.4853,-467.323
1.08149,0.0187604
1.22352,0.560992
1.27856,0.288042
1.56836,1.1e-08
0.827845,1.1e-08
-112.617,-1346.8
0.0161944,1.1e-08
-71.5376,-446.685
0.541063,0.121305
-97.1682,-1209.97
-78.5683,-732.295
0.737705,0.201555
1.1e-08,0.0488822
0.985475,0.20493
-65.015,-394.693
-18.6339,-33.761
-24.6847,-77.42
-75.1611,-630.313
-22.7078,-66.1745
-60.2244,-399.105
-126.745,-811.792
-88.2982,-797.295
-75.5962,-463.827
-36.1352,-166.257
-23.0932,-57.4765
0.859995,0.0931581
-58.8958,-416.99
-83.6386,-756.461
-5.33635,-3.332
-75.496,-750.507
1.1759,0.0927343
-41.7934,-172.014
0,1.1e-08
-106.61,-1143.29
-107.93,-1069.67
-3.68147,-1.617
-64.676,-211.589
-26.4934,-71.687
-83.4177,-584.839
-28.329,-53.5498
-53.3146,-205.405
-25.5442,-73.5734
-79.207,-613.94
1.08967,0.0903285
-73.7723,-726.325
-126.79,-1196.28
-54.8439,-373.012
-54.7407,-299.815
-9.37375,-9.261
-129.063,-1346.22
-41.8017,-177.87
-38.9569,-201.957
1.37175,1.1e-08
-82.8517,-1005.26
-56.3778,-335.527
-71.2883,-507.297
-114.769,-977.626
-113.332,-818.561
0.58969,0.117341
0,1.1e-08
-84.4196,-956.943
-76.5046,-744.342
-124.63,-823.384
-106.75,-1266.47
-1.42287,-0.14652
-23.6835,-59.1675
0.976025,1.1e-08
-6.83635,-6.1985
-101.586,-929.769
-91.3588,-732.303
-46.3481,-248.749
-30.3943,-104.811
1.42727,1.1e-08
-35.7076,-131.222
-63.9557,-202.055
0.757647,0.0350657
-99.0217,-950.144
-39.9006,-193.118
0.279394,0.00903429
-36.6749,-180.818
-94.9441,-1113.55
-123.256,-811.231
-100.591,-1282.49
0.686206,1.1e-08
1.1e-08,0.0638432
0.102153,1.1e-08
-62.0794,-385.948
-53.6558,-360.297
-28.5197,-81.3635
-103.453,-1055.24
0.94001,1.1e-08
-124.353,-1297.88
-97.6478,-876.561
-19.6139,-47.9729
1.07834,1.1e-08
-1.29784,-0.147
0,1.1e-08
0.283868,0.161821
-14.022,-21.0931
-65.7417,-537.653
0,1.1e-08
-97.3058,-774.842
-84.2898,-796.199
-13.2262,-22.1235
0.923363,1.1e-08
-18.1743,-35.0595
-42.0168,-189.876
1.35952,1.1e-08
-68.6039,-602.944
-39.1427,-152.292
0.677312,0.0686498
0.876624,1.1e-08
0.454588,0.0246055
-93.672,-768.667
-105.217,-1062.44
-70.0596,-639.848
1.33914,1.1e-08
0.17317,1.1e-08
0.537178,1.1e-08
-121.051,-1266.09
-129.567,-1255.73
-118.088,-1165.86
-26.6896,-52.5533
-55.798,-412.486
-107.222,-1034.31
-44.0495,-183.824
-12.2551,-19.11
-91.6839,-1069.71
1.49935,-1488.1
-90.0149,-1091.5
-115.261,-1203.96
-79.2984,-600.466
-108.366,-1321.73
-80.4154,-696.804
-47.2982,-301.435
-42.5113,-166.257
-53.8694,-322.116
-69.8883,-394.696
-97.0334,-781.101
-79.9706,-720.373
0.444205,0.132457
-65.9621,-442.284
-50.6499,-205.39
-107.672,-627.741
-91.1641,-1143.27
-42.0159,-203.36
-11.3715,-12.1532
-105.234,-1345.17
-115.478,-1297.85
0.327291,0.199123
1.1441,1.1e-08
-32.823,-111.942
-126.023,-1033.68
-106.449,-956.97
-103.416,-970.714
0.797822,0.166648
-45.4378,-231.598
1.23434,0.152283
-93.2659,-465.223
-32.5897,-128.698
-37.317,-183.823
-8.33893,-8.59949
-3.43454,-1.3475
-1.64428,-0.367499
-63.6888,-435.268
-33.0523,-144.207
-102.752,-1025.55
-32.7232,-131.222
-94.8173,-1354.91
-86.9111,-720.374
-41.5479,-118.85
-30.3889,-111.636
-97.9349,-1091.5
-98.1733,-1005.69
-51.7528,-304.665
-102.217,-1002.02
-69.0563,-612.425
1.05954,0.219739
-4.82434,-2.5725
-83.4097,-837.679
0.290913,1.1e-08
-78.6581,-328.913
0.0357992,1.1e-08
-98.1554,-883.127
-15.5225,-25.3575
-32.2895,-107.095
-52.4422,-339.594
0.605944,0.0078011
-102.811,-1113.55
-71.3542,-461.957
-148.27,-1287.26
0.192801,0.00530142
1.08933,1.1e-08
-44.4809,-195.844
0.259879,0.00212356
0.747308,0.15649
-33.7998,-133.77
-107.577,-991.513
-70.1214,-547.966
0.556229,0.0794414
-99.2841,-909.636
-26.9595,-77.42
-101.164,-792.433
-158.277,-1040.69
-67.2976,-611.144
-22.5717,-60.8825
-46.6688,-255.78
-73.6971,-656.502
0.841504,1.1e-08
-56.3057,-281.162
-107.767,-1135.82
-29.7232,-107.076
-46.1545,-218.319
-48.9501,-241.815
0.521949,0.0235292
-17.2923,-30.0125
-79.8981,-685.167
1.23066,0.461521
-60.2542,-316.676
-90.9226,-798.737
-24.5852,-60.8825
0.220119,0.0259216
-108.957,-1120.95
0,1.1e-08
1.32723,0.00788816
-108.439,-1313.95
-51.6911,-266.511
-119.365,-1236.66
0.773751,1.1e-08
-64.9618,-439.822
-17.3134,-15.431
-110.762,-984.137
-101.172,-811.825
-71.456,-738.223
-39.9039,-149.573
1.39147,0.0503487
0.369368,0.00699713
1.12378,1.1e-08
-50.4105,-248.748
-26.3385,-89.5485
-75.9382,-690.973
-10.0527,-9.94693
-35.9316,-144.207
0.851607,1.1e-08
1.59575,0
