0.0342619,1.1e-08
0.0734776,0.0075273
-103.061,-1156.56
-19.3836,-43.3619
-95.2588,-1181.35
-105.114,-979.026
-113.363,-774.399
0.38568,0.00598011
-116.949,-1580.23
0.548257,1.1e-08
-12.5833,-21.0945
-72.9257,-606.449
-137.048,-984.556
-46.6315,-238.385
-43.6512,-103.221
-100.266,-969.25
-38.3318,-102.563
-16.6634,-30.0125
-83.9933,-783.449
-123.194,-1195.63
-99.3634,-936.525
-56.2746,-186.829
-139.943,-1477.3
-62.8155,-435.003
-88.9088,-732.305
-33.9407,-136.342
1.50728,0.275077
-57.0836,-424.351
1.50728,0.106245
-100.512,-1213.2
-37.0318,-174.924
1.38362,1.1e-08
-3.86996,-1.91102
-96.0341,-590.245
-109.068,-1460.23
-5.1306,-3.332
1.50728,0.0509783
0.074992,1.1e-08
-56.1435,-277.511
-81.5237,-553.161
-64.1948,-395.465
-100.14,-1128.35
-75.7092,-708.536
0.0556099,1.1e-08
-19.0392,-46.3308
0.234588,1.1e-08
-58.7133,-319.505
-70.7763,-656.502
-79.3527,-532.532
-56.8058,-356.107
-53.6197,-339.594
-67.9555,-487.55
-14.0194,-24.2549
-126.08,-774.78
-56.7144,-270.137
1.0191,1.1e-08
1.00229,1.1e-08
-79.9203,-634.011
-79.1465,-831.294
-92.0294,-1113.51
-84.3895,-650.842
-57.8284,-182.506
0,1.1e-08
-55.9171,-407.15
-88.976,-708.541
-104.894,-1225.41
-24.3617,-77.4204
0.916938,1.1e-08
-32.2131,-98.6622
-132.527,-1221.09
0.359067,0.088586
-124.49,-1338.07
-104.296,-980.296
-60.4589,-421.526
0.715547,0.030411
-60.6081,-453.936
-2.59305,-0.881998
-119.356,-1565.98
-129.253,-984.557
-107.863,-1258.3
-110.471,-1181.19
-69.503,-492.45
-20.8468,-46.3351
-44.6809,-231.598
-67.5209,-497.374
0.749083,1.1e-08
1.50728,0.0952393
-56.5311,-301.219
-118.222,-1289.92
-80.2623,-799.68
-46.9476,-184.729
-118.384,-1362.46
-85.6385,-582.056
-51.3476,-262.908
-85.1271,-685.167
-98.1717,-1188.67
-9.63692,-12.152
-23.5725,-41.919
-27.6762,-85.4069
-27.5368,-44.835
-34.2766,-141.561
-92.5101,-936.545
-17.1638,-37.7282
-82.3841,-744.338
-89.2472,-618.169
0.125713,0.0159301
-92.6546,-430.078
-104.076,-1370.64
-86.7477,-720.375
-69.2367,-463.417
-25.5134,-71.687
-54.3329,-291.091
0.226859,0.0466736
-38.0909,-146.877
-95.3517,-1012.53
-26.4332,-77.42
0,1.1e-08
0.345736,0.0350548
-40.124,-149.572
1.50728,0.0914914
-44.1868,-199.136
-15.0565,-22.1235
-106.269,-1470.56
-15.4715,-31.2428
-62.5383,-360.297
-16.792,-31.2387
-13.8445,-22.1235
1.50728,1.1e-08
-91.3469,-1156.12
-108.917,-984.627
0.848107,0.00822869
-62.1209,-497.375
-78.4115,-537.652
-63.6461,-463.417
1.32637,0.00744683
-124.719,-1461.93
1.34605,1.1e-08
0,1.1e-08
-113.787,-1439.45
-104.348,-1219.98
-104.883,-1444.12
-45.2406,-234.98
0.194769,1.1e-08
-50.6042,-301.339
0.49583,0.0535203
-17.4744,-39.1037
1.31577,1.1e-08
-104.511,-589.222
-37.3067,-163.442
-108.743,-1069.67
-120.987,-1548.18
-38.8952,-157.805
-63.87,-492.45
-65.379,-542.797
-9.9858,-8.59953
-26.9494,-81.3644
-18.9621,-39.0975
-75.8041,-522.364
1.50728,0.178575
-8.78903,-9.26101
-40.6198,-102.557
0.985243,1.1e-08
-98.3664,-430.457
1.1e-08,0.0193656
-101.319,-1354.31
-79.0724,-596.199
-83.3611,-812.248
-70.1116,-578.064
-110.112,-1388.47
-118.369,-784.885
-109.798,-1143.3
-87.2131,-973.772
-74.1721,-714.441
-125.963,-1485.23
-90.5708,-929.312
-90.9742,-1055.24
1.49735,0.222776
-35.7838,-166.214
-67.5628,-430.394
-5.86456,-4.1895
1.50728,0.000551051
1.1166,0.00602939
-74.1713,-679.385
-32.0582,-131.222
-42.7953,-211.827
0.257105,1.1e-08
-2.32397,-0.685999
-86.3541,-753.572
-102.843,-1180.68
-27.4047,-79.3802
-73.2184,-702.66
-79.5306,-662.186
-65.1139,-568.899
1.50728,1.1e-08
-9.94505,-10.6576
-44.7671,-183.824
-46.2906,-188.454
-123.028,-1499.11
-80.3779,-679.385
-57.368,-292.923
-13.2279,-20.09
1.50728,1.1e-08
-82.3749,-645.208
-25.4525,-85.4071
-3.7788,-1.617
-98.9821,-1120.91
-93.624,-831.287
-132.5,-1568.18
-77.7765,-650.842
-62.9876,-517.317
1.36025,0.168671
0.394584,0.0583498
-34.3323,-138.922
1.05278,0.0995832
-125.26,-1583.13
-94.8368,-1091.5
-48.0295,-218.319
-105.361,-960.157
-55.1661,-373.012
-30.2433,-105.756
-99.6137,-1062.44
-112.887,-1370.66
-91.3988,-902.966
-90.6319,-1048.06
-42.0195,-157.804
-28.2915,-100.475
0.122376,0.134651
-7.65657,-6.75068
1.36386,0.0144133
-114.677,-1235.11
-137.115,-1437.15
-36.5449,-155.036
-63.5835,-563.362
-64.6537,-407.691
-104.841,-1557.59
0.837559,1.1e-08
-43.0244,-238.385
0.516302,0.13702
-53.9545,-390.306
0.531193,1.1e-08
1.50728,0.0925965
-68.3814,-434.023
-4.81237,-2.94
-77.0239,-656.501
-7.04814,-6.75244
-136.362,-953.876
1.17437,1.1e-08
-94.8315,-743.505
-11.7537,-18.1505
-76.961,-507.297
-59.4571,-394.702
-101.664,-1426.38
1.50728,0.143331
-186.78,-1488.55
-160.021,-1229.68
-97.5181,-1209
-52.4518,-255.779
-91.6263,-870.017
-77.1443,-762.581
-84.5749,-870.023
-89.0638,-805.952
-101.043,-950.244
-118.701,-1266.18
-130.379,-987.652
-84.2965,-930.194
-58.2515,-390.311
-84.2992,-984.24
0.0570116,1.1e-08
1.47762,1.1e-08
-18.8432,-36.4075
-33.316,-98.1637
-115.261,-1497.23
0.790887,1.1e-08
-127.063,-763.975
0.36898,1.1e-08
-46.4267,-259.332
-93.3897,-720.369
-33.2824,-118.849
-8.29846,-6.76565
-165.266,-1474.99
-73.6877,-532.533
-96.3455,-1250.5
-112.273,-1166.89
0.731601,1.1e-08
-101.173,-768.734
-21.721,-59.1675
-59.4089,-183.26
0.011838,1.1e-08
-136.031,-1426.17
-117.24,-754.319
-120.847,-1201.23
-87.1259,-679.385
-63.7487,-412.482
-78.231,-558.379
1.50728,1.1e-08
-50.6422,-238.385
1.50728,0.071551
-78.8739,-563.606
-23.4693,-71.687
0.871619,1.1e-08
-10.4481,-12.936
-127.318,-1518.19
-51.0497,-284.527
-57.1065,-331.485
-103.37,-435.268
-105.567,-1235.43
0.415136,1.1e-08
-123.21,-1470.51
1.1e-08,0.0141494
-166.35,-1226.91
-76.06,-429.298
-35.2606,-102.6
-69.925,-584.8
-146.876,-1227.37
-60.2078,-297.6
-97.2613,-1040.91
-73.4783,-628.449
0,1.1e-08
-97.5029,-984.61
0.136748,1.1e-08
1.354,0.0677914
-39.0212,-160.598
-94.3305,-762.624
-73.2653,-424.905
0.930349,0.0534198
-126.155,-1580.88
-87.5236,-799.68
-97.5435,-1412.8
-113.774,-591.948
1.0428,0.00685776
-88.7827,-775.517
-71.7078,-425.966
-23.65,-59.1675
-129.965,-1443.49
-24.4899,-64.386
-99.3924,-1113.57
-90.9006,-857.01
0.597655,1.1e-08
-88.6165,-922.949
-110.968,-1513.51
0.176274,0.0268579
0.0294393,1.1e-08
-52.8928,-335.527
0.461889,0.0602122
-90.4084,-738.115
-56.0928,-289.512
-66.8577,-296.3
0,1.1e-08
-59.9895,-400.81
-51.8215,-277.278
-55.885,-385.948
-11.9594,-17.2235
-9.09041,-10.664
-125.391,-1387.49
-14.3866,-26.4846
-79.9899,-426.88
-81.445,-837.68
-81.7859,-850.542
0,1.1e-08
0.189379,0.0369057
0.17592,0.103134
0.927676,0.0939951
-70.899,-617.399
-34.102,-121.275
-109.32,-1539.44
-47.9093,-183.824
-135.028,-1583.16
-98.5252,-857.01
0.701263,1.1e-08
-45.6569,-281.095
-142.128,-989.976
0.476375,1.1e-08
-17.8008,-43.3369
1.50728,1.1e-08
-3.46595,-1.617
-69.7461,-408.014
-108.105,-1182.67
-7.07227,-5.65949
-103.087,-596.475
0.506255,0.0975161
-109.266,-1354.32
1.2449,0.102376
0.287684,1.1e-08
-136.729,-1411.75
-130.385,-768.192
-85.1265,-752.746
-95.6416,-1150.79
-38.8833,-166.229
-105.008,-1250.48
-146.368,-1479.68
-48.2816,-291.178
-94.1893,-982.068
-84.4446,-769.963
-104.933,-1164.86
0.162511,1.1e-08
-15.9453,-27.636
-112.29,-972.651
-40.0518,-152.292
-93.3538,-1173.55
-51.1321,-327.467
-40.6855,-180.829
1.50728,1.1e-08
-34.6374,-100.313
-4.20406,-1.91099
1.50728,1.1e-08
-45.2807,-270.13
-54.7502,-303.97
-48.3356,-255.781
-154.155,-1229.6
-91.6067,-787.33
-46.519,-273.784
-65.1876,-502.324
-4.50239,-2.57249
0.805693,1.1e-08
-49.1264,-234.98
-9.23938,-8.59937
-32.2355,-126.199
-109.633,-1449.99
-82.9388,-953.18
-81.8988,-793.434
-103.233,-1242.66
-125.903,-1530.86
-58.3822,-339.594
-78.0738,-527.436
-101.962,-1274.05
-75.661,-426.076
-55.3664,-262.912
-30.4768,-100.264
1.08911,0.018941
1.14028,0.0397604
0.43633,1.1e-08
-107.994,-774.894
-119.491,-1411.76
-120.297,-1513.52
-24.5951,-75.4845
-83.7038,-299.988
-79.2683,-606.449
-10.5425,-9.26055
1.50728,0.0439185
-10.5277,-12.152
-35.8109,-160.597
-103.758,-1321.92
-84.4669,-787.855
-25.3977,-73.5735
-63.4806,-377.3
-53.0278,-360.297
1.32034,0.165925
-96.3699,-850.542
-29.7535,-93.8042
-38.8581,-192.937
1.50728,1.1e-08
-40.6992,-163.406
-60.6727,-294.558
-132.142,-1495.5
-6.24197,-4.65499
1.29146,0.0774795
-62.7232,-547.961
-51.7801,-104.799
-42.5311,-192.937
-11.603,-9.26057
-91.2027,-781.522
-35.7362,-157.804
-120.985,-984.775
1.4065,1.1e-08
-86.4811,-702.66
-54.9592,-368.75
-90.3702,-583.577
1.1e-08,0.172944
-124.245,-1211.33
-117.345,-1386.15
-67.1189,-472.997
-43.0625,-215.061
0,1.1e-08
-66.4859,-558.377
-131.763,-773.459
-53.7099,-377.299
-91.7804,-1084.2
-107.948,-1530.98
-96.3651,-909.664
-96.6401,-929.938
-65.1767,-419.789
-107.211,-1498.93
1.00978,0.0837614
-86.1792,-662.186
1.09669,1.1e-08
-28.4765,-83.3735
0.636243,1.1e-08
-29.118,-87.465
1.31709,0.0351934
-97.7866,-1217.4
-52.4652,-331.484
-100.261,-1209.68
-60.0019,-458.662
-22.1665,-41.9233
1.20296,1.1e-08
-21.0624,-43.3703
-48.5823,-231.598
1.35987,0.0323421
0.896755,1.1e-08
-48.151,-241.815
-2.06724,-0.514499
-103.828,-1150.79
-28.902,-107.102
-68.5133,-482.674
-54.513,-394.724
-17.5089,-35.0596
-68.0537,-547.972
-102.599,-775.391
0.0188731,0.0026536
0.674711,1.1e-08
0.296612,0.134017
0.266447,0.182913
0.575862,1.1e-08
-152.479,-1479.25
-64.157,-512.295
-8.45765,-7.35032
-60.543,-381.612
-87.9398,-948.028
0.762546,0.00438362
-28.0473,-98.6677
1.0634,0.0134409
1.50728,1.1e-08
-84.7053,-563.628
-34.9719,-131.223
0.0175193,0.00866638
1.50728,0.00541088
-112.006,-1412.31
-18.6189,-37.7295
-33.1638,-123.725
-55.893,-327.467
-120.721,-1305.87
0.713789,1.1e-08
-70.9823,-542.798
-132.491,-1456.48
0,1.1e-08
-7.17393,-6.19849
-97.0975,-1161.56
-80.7436,-584.793
-78.7189,-767.606
-23.6592,-57.477
-92.6971,-896.355
-5.97247,-3.7485
-17.3499,-36.3464
-8.98535,-7.96352
-92.6951,-1019.59
0.683751,0.13303
-118.203,-1143.29
0.341888,1.1e-08
-68.1762,-436.032
-73.4097,-662.185
-98.4297,-1048.06
1.50728,0.0168792
1.50728,1.1e-08
0.224344,0.0268517
1.50728,1.1e-08
-96.7323,-1235.79
-59.4783,-347.802
-21.7122,-57.477
-79.9712,-726.32
-141.529,-1576.21
-107.971,-1435.89
-132.422,-1464.59
-49.5323,-299.954
-141.326,-1217.83
-108.104,-1062.44
-118.824,-1180.53
-92.4957,-1069.67
-135.742,-1530.77
-44.1376,-241.815
0.975014,1.1e-08
-59.8209,-393.331
-130.808,-1211.49
-28.137,-89.5484
-2.80678,-1.1025
-99.1919,-902.974
1.50728,1.1e-08
-32.2606,-93.6444
0.197114,1.1e-08
-54.6405,-347.802
-59.4785,-351.942
0.215615,1.1e-08
-83.8663,-857.01
-156.908,-1448.96
-110.78,-1565.19
-98.393,-844.098
-91.641,-690.968
-108.18,-1522.09
1.50728,0.20252
-11.2519,-13.7445
-29.2593,-81.3645
1.50728,1.1e-08
-116.624,-1441.8
-70.3174,-571.572
-112.618,-1297.89
-99.3097,-870.02
-65.9904,-507.293
1.50728,0.238712
1.50728,1.1e-08
-77.7497,-431.957
1.50728,0.0719745
-103.207,-1420.2
-128.966,-1003.15
-4.51044,-2.2295
-69.6348,-645.206
-128.787,-1217.28
-122.514,-1370.65
-89.9826,-768.2
1.22809,1.1e-08
-19.3588,-44.8439
-41.4564,-234.979
-93.853,-889.722
-99.3351,-975.346
-56.0898,-311.64
-27.5903,-95.942
-62.995,-468.195
-58.6274,-285.058
1.50728,0.0279268
-20.6854,-54.1641
-94.473,-1106.19
-37.3075,-141.561
-102.596,-1106.19
1.50728,0.0599368
-60.7312,-189.625
-65.3898,-440.015
1.25382,0.0361213
-111.492,-1420.36
-108.485,-950.151
0.353414,1.1e-08
-108.93,-1289.92
-9.06964,-9.947
-98.3716,-967.611
-74.4433,-517.318
-84.3526,-1000.05
-63.4086,-288.603
-184.558,-1486.88
0.490385,1.1e-08
-25.1801,-79.3801
-24.8016,-81.3643
-60.19,-189.875
0.563514,1.1e-08
-105.044,-1395.52
-110.152,-1203.07
-105.616,-1026.68
0,1.1e-08
-45.596,-105.133
1.50728,0.0462833
-111.585,-1548.13
-89.7065,-1026.68
0.835953,1.1e-08
0.819196,1.1e-08
-113.933,-1486.98
1.41363,1.1e-08
-72.3668,-527.437
-109.886,-1428.9
0,1.1e-08
-107.197,-1378.89
-73.6539,-639.597
1.29489,0.0525185
-100.724,-1019.59
-71.3171,-507.295
1.50728,1.1e-08
0,1.1e-08
1.3234,0.116821
-38.0152,-144.207
-80.9822,-876.561
-30.5365,-89.547
-107.377,-1208.25
-38.2922,-183.823
-24.008,-67.9875
-73.2386,-497.374
-108.986,-963.275
-60.22,-186.77
-79.194,-690.968
-86.5619,-673.627
-10.053,-9.26112
-20.1909,-37.7307
0,1.1e-08
-103.543,-1012.54
-124.195,-1435.84
0.388189,1.1e-08
-124.662,-977.567
-123.495,-1461.7
-61.6628,-356.107
-59.814,-183.769
-101.402,-997.811
-55.1314,-315.56
-57.6329,-360.297
-80.8614,-750.108
-99.8864,-916.325
-95.8226,-923.056
-97.5051,-1228.97
-115.286,-1120.95
-51.365,-300.734
-88.8268,-762.517
-61.1318,-507.304
0.0878748,0.0504556
-125.586,-1346.07
0.105941,0.067562
-72.5398,-667.894
-116.507,-984.279
-51.5811,-311.64
-57.4801,-281.25
-34.6129,-97.9535
-67.5844,-426.453
-112.988,-593.397
-27.6739,-71.687
-112.503,-1321.92
-125.531,-1430.91
-103.787,-956.163
-105.624,-1040.91
1.30488,1.1e-08
0.941993,1.1e-08
-29.7378,-102.561
-91.0543,-984.717
0.453521,1.1e-08
-41.6582,-183.822
-98.9305,-943.085
-44.4569,-255.787
-68.5361,-403.322
-73.8448,-570.723
-49.3602,-281.358
-26.1714,-83.3733
-68.429,-468.195
-97.2612,-1166.3
-121.77,-595.595
-107.144,-1329.98
-114.077,-1194.39
0.900629,0.0465627
1.29161,1.1e-08
-85.8595,-936.538
-143.021,-780.933
1.50728,0.0399061
1.41907,1.1e-08
-87.0051,-824.919
1.41487,0.0557
-87.5217,-696.797
-99.9451,-1084.2
-136.86,-982.529
-43.4652,-196.024
-85.523,-863.502
1.41382,0.00856646
-4.15321,-2.22949
-100.072,-863.503
-30.0281,-85.407
-44.0207,-228.242
0.131198,0.0501531
-90.2308,-960.62
-157.106,-1223.83
1.50728,1.1e-08
1.45449,0.0749687
-59.008,-416.972
-47.4374,-285.094
-114.392,-1591.93
-155.557,-1221.61
-136.787,-1567.19
-46.5828,-252.252
-47.6497,-245.269
-72.3721,-537.653
-132.958,-1479.85
-117.859,-1433.41
-115.128,-973.26
-116.817,-599.097
-103.473,-1297.89
-72.1912,-578.676
-58.9105,-403.707
-48.823,-270.137
1.50728,0.264196
-92.5008,-1033.78
0,1.1e-08
-5.48833,-3.7485
1.50728,1.1e-08
-113.496,-1203.26
-60.1155,-477.824
-182.898,-1482.57
-7.72759,-7.96472
-69.1155,-512.296
-107.595,-1135.82
0.307108,1.1e-08
-85.1253,-690.982
1.50686,1.1e-08
-88.5387,-883.125
0.0518697,0.0294671
-104.788,-1192.56
-120.616,-1395.41
0.285061,0.0409028
-127.983,-1395.35
-44.5185,-221.602
-67.4921,-390.31
-110.506,-929.776
1.50433,0.0757737
-74.8971,-587.87
-20.3645,-49.392
-73.6788,-547.974
-22.123,-60.8825
-86.2692,-726.33
-25.4761,-43.365
-101.06,-1173.3
-43.8291,-180.835
-71.5096,-622.913
1.11522,1.1e-08
-100.66,-762.537
-1.6188,-0.367499
1.31378,1.1e-08
-57.8064,-426.504
-108.806,-1461.06
-139.248,-1445.09
-35.4692,-169.124
-66.1192,-453.936
-73.4918,-690.989
-115.752,-1505.16
0.348607,1.1e-08
-1.02104,-0.146999
-27.9696,-43.356
-12.843,-18.1541
0.248689,1.1e-08
-115.157,-1451.6
-96.3469,-778.342
-91.8407,-943.617
-78.3361,-299.974
-3.05846,-1.1025
-87.6134,-714.445
-41.5244,-224.908
-26.2793,-69.825
-108.744,-1313.89
-154.14,-1218.92
-136.497,-1539.46
-36.6887,-102.529
1.03567,1.1e-08
-34.1556,-102.53
-12.3104,-19.11
-77.0105,-542.797
-71.0209,-568.882
0.64858,0.0801311
-110.343,-594.998
-23.2571,-66.1745
0.80744,0.00808481
0.705265,0.0817172
0,1.1e-08
1.27068,0.0115575
-47.435,-183.781
0.410596,1.1e-08
-93.188,-969.649
-99.4798,-1005.5
1.25294,0.1423
-99.5754,-1135.84
-23.2709,-62.622
-73.949,-726.329
-177.699,-1479.17
-103.235,-923.097
-79.8047,-673.627
0.388272,1.1e-08
0.14622,0.0066144
-121.199,-1227.11
-98.8788,-1055.24
-68.5682,-563.945
-17.9492,-41.8949
-62.9231,-427.887
-45.1091,-224.909
-75.7905,-645.207
-52.5965,-270.14
-70.6412,-458.664
-178.956,-1477.31
1.18802,0.013812
-140.145,-962.505
-99.4762,-1436.27
-114.761,-1403.61
-71.7386,-650.843
-69.7404,-601.382
0.599114,1.1e-08
1.34169,1.1e-08
-117.283,-977.668
-69.8859,-522.365
-81.6458,-922.736
-92.7311,-1128.4
-30.1622,-97.3302
-64.4392,-522.364
-29.5301,-109.392
-126.67,-1539.45
-158.182,-1479.23
-26.7779,-87.4625
-125.065,-1378.87
-47.1865,-188.447
1.50728,0.171617
-37.0305,-136.342
0.322009,1.1e-08
-100.234,-1346.35
-87.8576,-430.724
-66.8806,-606.447
0.865346,0.0174152
-108.714,-1173.46
-15.2655,-30.0126
-32.5578,-100.356
0.288607,0.0852548
-64.1926,-417.01
0.645135,0.0439625
-161.64,-991.373
-88.7215,-975.84
-80.2966,-430.536
-28.6954,-91.6555
-84.9126,-738.682
-115.978,-778.019
-18.512,-40.5174
-75.3463,-732.303
-53.2405,-287.137
-51.3579,-294.294
-105.003,-1212.77
0.49956,1.1e-08
-85.6029,-584.529
-47.7487,-262.914
0.865233,1.1e-08
-33.921,-152.292
-116.816,-1158.33
-54.7222,-285.138
-93.1382,-1076.92
-71.0184,-477.823
-14.8032,-25.3575
-146.941,-1465.15
1.41232,0.0560894
0.554871,0.0696233
1.50728,0.0067486
-92.4162,-863.502
-92.2873,-1098.82
-106.756,-1113.55
-41.9733,-169.124
-91.4294,-1120.99
1.48149,0.0415191
-83.6477,-656.503
-84.8539,-916.326
0.299686,1.1e-08
-115.482,-1281.99
-138.121,-1211.62
-67.4333,-292.328
1.05805,1.1e-08
-141.92,-1219.32
-5.57705,-3.332
1.50728,0.155355
-10.2891,-13.7445
-21.9996,-50.96
-127.659,-1412.58
1.50728,0.137091
-121.993,-1321.92
0.767585,0.0574431
-104.047,-909.637
-100.968,-756.067
-75.6481,-553.161
-41.9925,-208.617
-63.8856,-294.852
1.1e-08,0.0966609
-18.2084,-31.2368
-90.8093,-844.098
-21.3711,-52.5525
-144.024,-994.834
-107.707,-1574.73
1.50728,0.00496947
-125.877,-1522.11
-31.215,-121.275
-98.8911,-1378.87
-65.2862,-553.16
-65.1257,-458.667
-36.9122,-152.292
1.50728,0.0262905
-59.0187,-412.481
-117.781,-1539.47
0.219427,1.1e-08
-62.8809,-482.674
-25.3641,-66.1745
1.21843,1.1e-08
-82.0565,-708.539
-74.9598,-720.377
-90.668,-812.248
-96.4097,-584.168
-45.6351,-205.432
1.28601,1.1e-08
1.50728,1.1e-08
-31.0457,-114.072
-100.402,-1289.92
-87.5255,-1012.52
-92.4896,-747.301
-107.272,-1504.56
-64.777,-373.013
-116.223,-1584.53
-40.4966,-174.93
-125.407,-751.435
-91.2112,-421.829
1.38663,1.1e-08
-116.196,-1463.11
-61.7555,-527.436
-89.0138,-793.432
-11.2584,-14.5775
-9.64093,-7.96238
-64.6442,-298.822
-69.0411,-412.483
-23.0157,-55.811
-59.995,-439.898
-144.571,-1473.32
0.769104,1.1e-08
-81.8727,-732.305
-100.152,-1098.82
-103.073,-1091.5
-25.0683,-41.919
-107.05,-1586.18
1.50728,1.1e-08
-79.5484,-737.91
-35.0346,-146.877
-50.2205,-307.744
-65.3745,-477.823
-113.833,-593.65
0.83113,1.1e-08
1.23654,1.1e-08
-80.307,-759.65
-71.9104,-685.167
-71.0199,-296.116
-153.229,-1193.74
1.50728,1.1e-08
-100.297,-1069.67
-94.0396,-756.349
1.1e-08,0.139601
-101.397,-992.466
-49.7408,-319.505
-101.823,-1362.45
-65.233,-421.196
-86.9591,-1106.16
-108.481,-1345.66
-54.1117,-319.505
-6.49619,-5.65931
0.0957147,1.1e-08
-99.8527,-1313.89
0,1.1e-08
-126.655,-1354.31
-39.7081,-155.036
-76.2139,-301.759
-109.618,-1076.92
1.44489,0.174518
-6.25141,-5.145
-50.1734,-304.05
-112.688,-1227.81
-57.996,-285.019
-108.481,-1482.99
-74.283,-696.626
-129.209,-1420.27
-166.75,-1479.03
-39.8464,-196.024
-94.9113,-1143.3
-117.894,-1212.48
-116.293,-1128.37
-111.016,-1274.04
-106.085,-985.879
-73.6587,-487.55
-28.6891,-77.42
1.26355,1.1e-08
-122.78,-785.246
-91.2649,-954.493
0.0721255,1.1e-08
-0.322896,-0.0244997
-79.9132,-628.449
-44.8951,-177.738
-100.947,-1266.18
-135.637,-1522.14
1.50728,1.1e-08
-32.0955,-116.448
1.50728,0.0536801
-109.649,-1158.69
1.49667,0.113533
-64.4821,-368.749
-77.334,-580.675
-79.4529,-547.964
-121.881,-1561.28
-59.5183,-444.552
-34.8899,-144.207
-45.6831,-208.618
-66.92,-527.435
-73.8454,-738.451
1.50728,1.1e-08
-123.833,-780.983
-65.8391,-449.232
-67.2609,-581.236
-83.6882,-430.606
-49.4959,-248.748
-105.631,-1403.64
1.50728,1.1e-08
-102.75,-1386.27
-100.687,-1033.78
-1.32676,-0.244999
-48.4011,-187.16
-116.811,-1346.57
1.13984,1.1e-08
-113.124,-1395.17
-108.733,-1098.82
-38.7657,-186.877
-33.7849,-114.072
-156.003,-1486
-85.0832,-943.131
-91.8958,-1062.44
-94.6796,-998.652
-85.4683,-896.246
-134.68,-1386.99
-129.604,-993.336
-98.3887,-751.331
-79.6557,-702.66
-130.424,-1513.51
0.668429,1.1e-08
-127.662,-1486.54
0.577462,1.1e-08
-109.612,-1219.25
-151.664,-1221.7
-137.543,-1469.74
-94.3863,-950.168
-125.373,-1449.28
-11.0166,-15.435
0.650821,1.1e-08
1.4549,1.1e-08
-37.261,-180.866
-14.8264,-21.0945
-78.2303,-611.912
-83.1554,-762.553
-6.3614,-4.1895
-52.2835,-356.107
-118.168,-1492.58
1.50728,1.1e-08
-135.596,-1435.82
1.50728,0.007675
-15.0809,-9.94684
1.50728,1.1e-08
1.50728,0.0186912
-109.877,-1362.49
1.14882,1.1e-08
-51.3304,-184.086
-8.49909,-8.59983
-140.923,-1451.85
-14.1834,-23.177
-59.7803,-373.012
1.50728,1.1e-08
0.594705,0.0495773
1.50728,1.1e-08
-59.3726,-288.431
-30.1282,-95.942
-179.112,-1491.73
-76.0544,-601.018
-89.5771,-1040.91
-100.131,-896.366
-77.5899,-577.587
-82.1329,-575.909
-105.94,-768.684
0.0472585,1.1e-08
0.107687,1.1e-08
-20.0927,-40.4866
1.50728,0.062973
-94.1869,-955.702
-15.6413,-28.812
-90.6963,-590.33
1.43207,1.1e-08
-50.5479,-315.56
-86.1396,-831.264
0,1.1e-08
-95.8296,-837.679
-113.602,-1474.65
-79.7504,-889.731
-78.8786,-667.895
-0.940058,-0.147
-96.9379,-738.363
-97.3431,-1026.66
0,1.1e-08
-77.2058,-617.4
-20.3346,-47.8485
0.259065,1.1e-08
-96.9895,-435.15
1.48538,0.145279
-70.3795,-553.161
-115.944,-1378.83
0.955872,1.1e-08
-101.109,-1076.92
-131.249,-1548.15
-131.447,-956.147
-42.2169,-166.276
0.504243,1.1e-08
-59.5736,-294.503
0.782827,1.1e-08
0.578323,1.1e-08
-96.2384,-883.129
-54.7346,-273.788
-80.6941,-714.446
-102.263,-1143.28
-130.623,-1465.56
-68.4694,-532.528
-101.813,-1198.89
-15.3041,-24.255
-48.8992,-266.511
1.50728,1.1e-08
-10.9825,-9.26175
-104.667,-766.801
-106.941,-1120.95
-85.5504,-667.894
-77.8833,-780.607
-89.5191,-909.516
-55.5579,-364.511
-73.3525,-634.011
-60.8851,-385.948
-93.3853,-981.234
-25.8079,-89.5536
-87.2459,-818.568
-72.2563,-594.935
-22.3972,-64.386
-80.6667,-696.907
0.614353,0.0381415
-101.721,-590.185
-95.4214,-768.715
-71.7565,-611.912
-45.4352,-248.751
-78.0701,-622.912
-42.5864,-188.053
-80.7675,-720.397
-6.81153,-5.14499
-76.4161,-744.285
-158.72,-1220.76
-46.5582,-211.827
-59.5136,-368.749
0,1.1e-08
-40.0692,-189.95
-120.064,-1445.29
-128.068,-1565.71
-153.175,-991.388
-16.5611,-33.7609
-7.79406,-7.34539
-106.731,-1338.09
-19.418,-41.957
-94.4902,-824.923
1.47765,0.0254497
-118.745,-1457.47
-117.548,-1354.31
-24.1684,-69.825
-80.2286,-824.878
-58.5212,-377.3
-114.917,-783.248
1.50728,0.132401
-15.7035,-26.4845
-20.8186,-41.8998
0.343564,0.138918
-128.368,-1205.76
-36.9671,-149.573
-104.231,-588.723
-55.9111,-381.612
-91.6467,-574.221
-122.812,-1421.98
-129.311,-1556.62
-114.96,-1113.55
1.47507,1.1e-08
-119.92,-1420.22
-62.6495,-390.308
-17.7757,-32.487
0,1.1e-08
-85.5039,-575.209
-85.5001,-958.446
-75.4483,-584.895
-109.541,-1266.18
-79.9072,-818.566
-100.971,-594.619
0.751429,1.1e-08
0.132401,1.1e-08
1.42119,0.00700686
0.738625,1.1e-08
1.18907,1.1e-08
-121.123,-1557.55
1.50728,1.1e-08
-80.9002,-571.301
0,1.1e-08
-104.903,-1410.12
-86.6176,-889.707
-5.22782,-2.94
1.20186,0.0036972
1.37307,1.1e-08
-74.0953,-512.293
-27.596,-73.5735
-32.4942,-133.77
-83.4749,-776.906
-30.4819,-118.849
-68.5886,-517.317
-138.988,-977.136
-96.9526,-961.215
-85.3382,-590.668
-43.921,-245.269
-31.5858,-107.089
0.516403,0.0298642
-66.8961,-537.653
-92.0696,-916.323
-13.6703,-21.0945
-83.1354,-909.769
0.023621,1.1e-08
-50.6495,-252.252
-4.88561,-2.5725
-115.349,-1338.06
-117.078,-1258.32
-12.0484,-16.317
-77.0423,-299.742
-35.21,-126.199
-92.9872,-726.327
-38.9338,-101.693
-63.6479,-292.374
-33.8377,-128.698
-88.0858,-758.719
0.166723,1.1e-08
-81.3606,-883.125
-136.952,-1395.34
-62.7223,-487.55
-63.5135,-403.293
-18.059,-33.761
-138.813,-1556.93
-50.5121,-259.332
-46.5628,-288.257
1.50728,0.228014
-90.0912,-1188.38
-64.9211,-444.552
-80.0688,-639.597
-124.947,-1158.31
-124.316,-984.547
1.1e-08,0.00114163
0.315124,1.1e-08
-91.9818,-1135.79
-84.2783,-902.98
-136.668,-989.836
-115.064,-1471.07
-13.7334,-9.94053
-32.2666,-109.392
0.525059,1.1e-08
-14.5974,-27.636
-110.824,-1106.17
-100.722,-889.715
-54.5066,-343.686
-38.6532,-169.123
1.50728,1.1e-08
-44.3761,-202.272
-76.1732,-288.419
0.0032173,1.1e-08
-107.927,-1128.38
-47.878,-277.679
1.1e-08,0.0531034
-44.2491,-262.889
-102.829,-1305.87
-135.163,-976.517
-108.375,-1488.33
0.27329,1.1e-08
0.426825,0.0517892
1.16969,0.0130128
-70.8489,-502.323
-61.4991,-472.997
-37.3247,-138.938
-112.281,-1242.66
1.28693,1.1e-08
-133.92,-1504.91
-106.792,-1048.06
-27.5173,-93.9609
1.50728,1.1e-08
-12.6382,-9.947
1.36609,0.0884791
1.50728,1.1e-08
-22.5763,-54.1673
-73.6038,-673.628
-8.35983,-7.95987
-107,-936.542
-92.546,-960.023
-21.0948,-55.811
1.50728,1.1e-08
-26.7519,-75.4845
-50.4874,-273.788
0,1.1e-08
-76.3278,-746.488
-47.96,-228.242
0.320812,0.0410195
0,1.1e-08
0.829575,0.0671517
-103.04,-929.753
-114.166,-1250.48
-77.7406,-787.488
1.07352,1.1e-08
1.41168,0.110849
1.25046,1.1e-08
-130.478,-1470.66
-139.69,-1459.5
-127.675,-1362.47
-36.9606,-100.329
-63.4184,-532.536
-116.465,-1219.95
-53.0788,-266.511
-20.108,-50.96
-99.4527,-1258.37
1.49929,-1709.38
-97.5653,-1281.99
-124.468,-1403.64
-88.2685,-743.729
-116.625,-1530.57
-88.8621,-850.542
-54.8754,-405.174
-51.6758,-245.269
-62.1816,-429.093
-79.6519,-512.296
-106.663,-943.422
-88.2318,-876.561
-1.89804,-0.514499
-74.6341,-566.311
-60.4663,-292.357
-119.583,-774.05
-98.6347,-1338.04
-50.2212,-289.936
-20.5551,-39.1042
-113.181,-1555.79
-124.361,-1504.87
1.00083,1.1e-08
0.936117,0.00484242
-41.4593,-178.15
-136.89,-1219.26
-115.991,-1135.82
-112.619,-1150.79
1.21303,0.0357181
-53.7293,-323.473
0,1.1e-08
-105.268,-592.258
-40.5754,-199.136
-44.9616,-266.51
-16.349,-32.487
-12.0344,-15.435
-9.86566,-11.3925
-72.1577,-558.381
-40.701,-218.319
-111.641,-1210.43
-40.6642,-202.272
-101.955,-1566.26
-95.8917,-876.561
-52.1465,-186.837
-38.384,-177.764
-106.151,-1281.99
-106.756,-1188.84
-59.992,-408.917
-111.148,-1184.84
-76.8316,-757.037
-3.0922,-1.34664
-13.4486,-19.11
-91.3983,-1005.5
0.452937,1.1e-08
-90.7366,-436.939
0.620912,1.1e-08
-107.313,-1055.24
-24.1496,-60.8825
-40.9723,-172.021
-60.3391,-449.232
-0.642899,-0.0734995
-111.35,-1305.87
-80.5492,-588.556
-159.75,-1493.47
1.44582,0.0105806
0.664161,1.1e-08
-53.3075,-280.945
0.0973046,0.107386
1.07049,0.04244
-41.9231,-205.432
-117.048,-1173.43
-78.4295,-685.166
1.50728,0.0634941
-108.411,-1084.2
-35.4931,-133.77
-111.125,-955.87
-171.876,-1226.87
-74.8402,-755.608
-30.6307,-111.72
-54.7694,-351.942
-81.6723,-805.952
1.48582,1.1e-08
-65.6309,-381.612
-116.63,-1329.98
-37.7105,-171.997
-54.8313,-307.744
-57.6923,-335.527
1.50728,1.1e-08
-26.1186,-67.9875
-88.3615,-837.679
1.50728,1.1e-08
-69.6669,-422.823
-99.8213,-962.787
-33.368,-111.72
0,1.1e-08
-117.978,-1313.89
-3.3579,-1.34772
0.671852,0.0496244
-116.728,-1522.21
-60.4833,-364.511
-128.78,-1438.93
0.617041,0.128867
-73.5541,-563.537
-29.6801,-44.828
-120.548,-1165.4
-111.014,-977.158
-78.7447,-896.24
-48.9765,-224.91
0,1.1e-08
0.687168,1.1e-08
0.0456758,0.0969336
-59.2869,-343.686
-34.0816,-149.574
-83.9471,-844.098
-19.0341,-35.0594
-44.2485,-218.319
1.50728,1.1e-08
1.50125,0
