0.192698,0.264755
1.11755,1.1e-08
0,1.1e-08
1.11594,0.265014
0.746476,0.45419
1.2192,1.06145
1.1e-08,0.0993522
1.52684,0.498994
-14.0529,-23.8663
1.20819,0.145983
1.34649,0.1571
1.36498,0.11757
0.91033,0.211201
1.14283,0.505217
1.42843,0.390054
0.517464,1.1e-08
0.75032,0.352313
0.667912,0.145167
0.146296,0.085232
0.208004,1.1e-08
0.587273,0.344851
1.1e-08,0.501312
-12.8963,-12.7634
0.259745,0.23923
1.20397,0.0447459
0.59413,0.180158
0.962451,0.437605
0.967983,0.795885
0.369153,0.414769
0.0687091,1.1e-08
0.371569,0.176049
1.52681,0.186942
1.10998,0.0545714
0.73808,0.232262
-9.20218,-11.1903
1.08639,0.51119
0.982187,1.1e-08
0.869531,1.1e-08
0.767218,0.240229
0.769672,0.647738
0.163312,0.0563813
1.18647,1.1e-08
0.09879,0.0647576
1.02354,0.71484
1.1e-08,0.0163823
0.301664,0.403049
0.809806,0.556769
1.43698,0.04181
0.622636,0.350124
1.44668,0.984586
1.26979,0.268372
0.822098,1.1e-08
1.30097,0.330812
1.00258,0.160122
0.00661505,1.1e-08
1.49751,0.77163
1.13227,0.84366
0.72253,0.0829078
0.461692,1.1e-08
1.10647,0.13379
0.376888,1.1e-08
0.87482,0.118567
1.28877,0.398035
0.741176,0.309282
0,1.1e-08
-0.338393,-0.0232141
0.183645,1.1e-08
1.1e-08,0.0872582
1.1093,0.308936
0,1.1e-08
0.172007,0.0195538
-5.63129,-2.94008
0.853235,1.1e-08
1.37732,0.484764
0.604722,0.277508
1.00382,0.519434
1.1e-08,0.0558842
-14.0431,-22.1641
0.116715,0.0286563
-1.68892,-0.367254
0,1.1e-08
0.444029,0.14219
1.1e-08,0.565807
1.08793,0.157825
0.510328,1.1e-08
1.22208,0.326233
0.990172,0.602956
1.3343,0.0476833
-3.27157,-1.1025
1.51583,0.223236
0.159655,0.355526
-6.3964,-4.18895
0.412779,0.400223
0.912814,0.0805085
0.745882,1.1e-08
0.712664,0.0546189
1.5268,0.305363
0.0774312,0.350856
0.518459,1.1e-08
0.451809,1.1e-08
0.164494,0.263238
1.28875,0.297827
0.0196994,0.00663981
1.1e-08,0.271079
0.180603,0.136114
0.894169,0.489123
1.22021,0.198427
-5.9322,-4.65457
0,1.1e-08
0.550979,0.258771
0.890143,1.1e-08
0,1.1e-08
1.0872,0.0889816
0.490118,0.070036
1.01734,0.112491
0.605815,0.793896
1.45764,1.1e-08
1.30112,0.0643698
1.16192,0.355036
0.503771,0.221819
0.631949,0.158987
0.585506,0.247928
-9.53392,-12.1339
0.609994,0.0612082
0.0851968,0.576988
0.122662,0.247484
0.948951,0.00135882
0.4449,0.180497
1.02326,0.127128
0.100006,1.1e-08
1.1259,0.458185
1.16753,0.155862
1.1e-08,0.154695
0.0467747,1.1e-08
0.718005,1.1e-08
-10.8444,-11.3635
0.586548,0.00847607
0.489551,0.266876
-9.01247,-9.4907
0,1.1e-08
-8.54915,-9.78757
0.633666,0.567618
0.120899,0.0735467
0.285624,0.221984
1.32751,0.306274
1.21226,0.870134
1.28176,0.135019
0.433793,0.360837
1.30149,0.0501092
1.17803,0.203017
-13.6355,-20.0927
0.143384,0.284007
0.506121,0.109842
1.50776,0.332558
0.708412,0.727413
1.01929,0.451346
1.22734,1.1e-08
1.25467,0.785465
0.699293,0.314431
0.854437,0.154556
0.073031,0.228767
1.01938,1.1e-08
0.51743,0.259842
0.686321,1.1e-08
-5.20279,-3.74843
0.967184,1.1e-08
0.31984,1.1e-08
1.50289,0.163955
-6.89509,-5.74093
1.15718,0.109375
0.29176,0.265946
0.490412,0.689909
0.772536,0.157304
-11.9348,-13.507
0.909722,0.043582
1.25012,0.106675
1.52679,1.1e-08
0.590979,1.1e-08
0.9808,0.275962
1.40563,0.0511986
1.19678,0.0829497
0.907925,0.183615
1.1e-08,0.311988
1.32577,0.238757
1.40658,0.281546
1.1e-08,0.029472
1.23094,0.0594608
1.1e-08,0.265907
0,1.1e-08
0.380316,0.0452731
0.377272,1.1e-08
1.1e-08,0.0758085
1.14731,1.1e-08
1.06484,0.0636205
0.194996,0.0930623
1.50784,1.1e-08
0.0364635,1.1e-08
-11.9853,-14.8421
1.30372,0.108617
1.2166,0.104078
1.09534,0.239494
1.02652,1.11175
1.52684,0.0898366
0.288161,1.1e-08
1.1e-08,0.125846
0.651076,0.609724
0.491105,0.383442
-15.9094,-22.4448
1.1e-08,0.12249
0.826345,1.1e-08
1.21938,0.355256
0.566614,0.133165
0.349185,0.333227
1.00724,0.0256575
-15.3464,-24.2478
1.28847,0.711496
1.06187,0.327252
1.1e-08,0.472935
0.635088,0.0451608
0.986211,0.413843
1.20181,0.00302639
-6.42503,-4.65533
0.636126,0.75536
1.39677,0.176126
1.5268,1.1e-08
0.864707,0.42951
0.491023,0.130145
0.494107,1.1e-08
0.163345,0.436747
-0.705043,-0.0735
-12.3665,-8.91756
0,1.1e-08
0.359132,0.376573
0.863776,1.1e-08
-12.0962,-21.1746
0.867469,0.370758
0.961745,0.0342021
0.663672,1.1e-08
1.13467,0.199236
1.42785,1.1e-08
1.25774,1.1e-08
1.39404,0.636003
0.214262,0.287899
0.076324,0.279688
1.49021,0.0365324
1.31717,0.00688977
1.02718,1.1e-08
0.350414,0.125083
0.206935,0.321095
0.109001,1.1e-08
1.35387,0.016667
-7.7752,-8.43411
0.975003,0.0853722
-17.6682,-13.8082
-0.444611,-0.0245014
0.134917,1.1e-08
0.0432502,0.105373
0.127527,0.0996454
1.01217,0.0891161
0.263014,1.1e-08
0.944804,0.839205
1.09094,1.1e-08
-2.20506,-0.514496
0.111771,0.34623
0,1.1e-08
0.83254,0.00695256
0.695304,0.0816995
1.45828,0.444077
0.854276,0.316566
0.22353,0.384874
0.686264,0.206609
-11.23,-14.6582
0.468774,0.0921309
1.49067,1.1e-08
0.234867,0.48045
1.27736,0.200705
0.310416,1.1e-08
0.465872,0.0221733
0.0776929,0.0752693
-15.5905,-12.4983
0.145373,0.179086
-1.22491,-0.245216
1.1e-08,0.0596755
0.0855327,1.1e-08
0.781045,0.31979
0.0226485,0.390565
1.33965,0.737376
0.102482,0.160344
-10.35,-8.41951
1.45099,0.742264
0.352988,1.1e-08
0.462108,0.134035
0.554409,0.427264
1.19525,0.279378
1.0689,1.1e-08
0.879313,0.282665
1.1e-08,0.443935
1.41606,0.108732
0.341116,0.641221
0.73919,0.0225016
0.0544221,0.193142
-11.7012,-16.2225
0.293438,0.0795062
0.202978,0.117629
1.13752,0.0875368
-0.667282,-0.0734995
1.07156,0.072122
-11.0376,-12.1307
0.473282,1.1e-08
-0.479432,-0.0244981
1.16227,1.1e-08
1.40274,0.0104213
0.616873,0.20713
-0.383755,-0.0244991
1.1e-08,0.1638
1.06611,0.558397
0.993796,0.883718
0.820537,0.365407
0.671267,0.292577
0.922647,1.1e-08
0.119609,1.1e-08
1.35253,1.1e-08
0.297795,1.1e-08
0.923059,0.297994
0.98857,1.1e-08
-15.165,-23.9939
0.19407,0.198348
-6.94186,-7.40759
0.826793,0.138922
1.05251,0.255019
1.16143,0.635991
1.19831,1.1e-08
1.1e-08,0.219821
-10.6068,-9.79716
0.250634,0.204204
0.948658,0.593562
0.379035,0.359238
0.389949,1.1e-08
1.1e-08,0.03425
-11.3938,-16.3165
1.50425,1.1e-08
1.12773,0.385763
0.0422637,0.0588749
1.1e-08,0.00751752
1.1e-08,0.157336
1.1e-08,0.527752
1.52683,0.259018
0.305706,0.476253
0.845987,0.106929
1.05876,0.176306
0.254448,1.1e-08
0,1.1e-08
0.452906,0.31744
-7.82988,-5.68278
1.12896,0.0296666
0.0345045,0.231103
1.14195,1.1e-08
0.938675,1.1e-08
1.23045,1.1e-08
0.291131,1.1e-08
0.527515,0.0885744
1.23245,0.586944
1.00343,0.481027
1.22872,0.0275457
-12.0596,-19.1078
1.41889,1.1e-08
-16.524,-24.2518
0.452499,0.28467
0.198234,1.1e-08
1.52682,0.0221905
1.1e-08,0.123545
1.2567,1.1e-08
1.2193,0.109352
0.780276,1.1e-08
0.949601,0.10816
0.43254,1.1e-08
0.519604,0.0516019
0.0735173,0.164364
0.928245,0.0300719
1.18233,0.0819852
-5.60244,-3.74876
1.26118,0.504584
0.905652,1.1e-08
-9.63209,-7.33748
1.47753,0.393176
0.58459,1.1e-08
0.788405,0.0415642
0.914101,0.867532
-1.31895,-0.244968
-13.4824,-12.9722
0.833737,0.0406268
0.967149,1.1e-08
0.263587,0.391075
1.38364,1.1e-08
0.219525,0.248833
1.12504,0.153408
0,1.1e-08
1.11426,0.104476
1.1e-08,0.0067953
0.457475,0.643609
0.836513,1.1e-08
1.06287,1.1e-08
0.193056,0.0621485
0.356683,0.0917523
0.0164175,1.1e-08
1.469,0.10645
0.335023,1.1e-08
0.545021,1.1e-08
-0.408088,-0.0244987
1.49386,0.0634104
1.32216,0.453034
0.866188,0.231209
0.859159,0.119276
1.27292,0.124713
1.40214,0.524726
0.0662805,0.388871
1.1e-08,0.287971
-8.95801,-10.3101
0.0243042,0.165431
1.1e-08,0.0901595
-0.981721,-0.146998
-13.5489,-18.162
0.13004,0.127895
1.2088,0.0117106
-2.22527,-0.685527
1.33263,0.112723
1.43386,1.1e-08
1.03904,1.1e-08
0.557776,0.388558
0.400106,1.1e-08
0.547409,0.520467
0.652039,1.1e-08
-8.45752,-7.33876
-12.3411,-16.3174
1.28031,1.1e-08
1.12438,0.351955
0.623359,1.1e-08
1.29275,1.1e-08
0.63524,0.267474
0.917486,0.656257
0.367581,0.00617297
-4.12844,-2.22951
0.116194,1.1e-08
1.1e-08,0.480484
1.43973,0.587869
1.52676,0.539279
0.806108,0.336534
0.237444,0.517012
0.875691,0.400138
1.1e-08,0.246354
0.950322,0.763971
0,1.1e-08
1.17428,0.236065
-12.8575,-14.4979
1.17226,1.1e-08
0.300073,0.117655
1.17895,0.419993
0.70413,1.1e-08
1.37807,0.0949767
1.30948,0.0938032
1.12959,1.1e-08
0,1.1e-08
1.1e-08,0.023138
1.1e-08,0.00439297
1.11877,0.494243
0.287084,0.438174
0.700706,1.1e-08
1.35292,0.773576
0.117655,0.0309734
-7.34027,-5.60429
0.386497,1.1e-08
0.658684,1.1e-08
1.03436,0.0511547
0.720025,0.357006
0.795347,0.515658
1.26064,1.1e-08
0.796849,0.254065
-11.6423,-18.1754
1.0157,0.421234
1.01987,0.303693
0.129871,1.1e-08
-10.4518,-14.8004
0.392432,0.134253
1.12391,1.1e-08
1.13438,0.228981
0.896537,0.5794
0.194394,0.48174
0.392462,0.0440831
1.1e-08,0.450941
0,1.1e-08
0.998278,0.236505
0.123144,1.1e-08
1.41643,0.125603
1.1e-08,0.184152
1.34844,0.0201987
0.594173,0.546469
0.127179,0.476446
0.35253,0.00932591
1.37258,0.423261
1.50681,0.426581
0.0562704,0.319445
0.227468,0.121147
1.30567,0.177472
0,1.1e-08
1.41987,0.320918
0.640505,1.1e-08
0.83722,0.294906
0.851874,0.0282525
0.378195,0.466352
0.559018,0.28783
0.426428,0.0357436
0.619032,0.100909
1.44444,0.0578496
-14.0436,-12.9349
0,1.1e-08
0.155197,0.121484
0.60762,0.410711
0.0526287,1.1e-08
1.12056,1.1e-08
1.14778,1.1e-08
0.0816665,0.0346591
1.1e-08,0.113871
0.286845,1.1e-08
0.716759,0.129928
0,1.1e-08
1.1e-08,0.365206
-7.94133,-7.37429
0.905986,1.1e-08
0.221307,0.0623479
0.69501,1.1e-08
-4.06139,-1.617
0.275215,0.153254
0.105788,0.13338
-11.1645,-10.8843
1.3442,0.50119
0.242696,0.160123
0,1.1e-08
0.0851852,0.111427
0.506532,0.0363931
0.120695,1.1e-08
0.514887,0.337442
1.16984,0.0522346
0.948413,0.64487
0.620031,0.380746
1.33337,0.3694
0.677247,0.071134
0.582852,0.101374
1.22591,1.1e-08
0.819646,0.830075
0.731512,1.1e-08
0.16363,0.0941506
1.21184,1.1e-08
0.900459,0.0235461
0.718709,1.1e-08
0.150442,0.147778
-0.626826,-0.073491
1.48036,0.192546
1.07071,0.12567
0.00676936,1.1e-08
-16.9744,-23.3907
-8.53954,-9.17596
-11.5129,-11.5885
0.385562,0.103065
-0.318085,0.364567
1.09907,0.92763
0.160748,1.1e-08
1.15798,0.101917
-14.5853,-18.1534
0.468114,0.430636
1.26644,0.843811
1.05757,0.222984
0.103222,1.1e-08
0,1.1e-08
0.968277,0.391142
0.746452,0.967037
0.432594,1.1e-08
0.914942,1.1e-08
0.637046,0.296417
0.420402,0.0794458
0.415322,0.218892
1.26168,0.0220291
1.2924,1.1e-08
-14.7756,-9.75413
-13.0468,-22.0748
1.08703,1.1e-08
0.773788,0.125141
-11.3908,-17.2183
0.444128,1.1e-08
1.05198,0.105004
0.497002,0.620574
0.62619,1.1e-08
-9.52379,-9.66265
0.623943,1.1e-08
-3.45662,-1.3475
1.33458,0.0773891
1.1e-08,0.176652
0.239575,1.1e-08
1.39321,0.392671
0.632319,0.065222
0.183122,0.400187
-7.60397,-7.95762
0,1.1e-08
1.33321,0.274677
0.831451,0.249462
0.0615738,1.1e-08
-6.95432,-4.65489
0.221667,0.22044
0.914982,0.149521
0.335336,1.1e-08
0.770561,0.0433262
0.205511,0.0450456
1.1e-08,0.0948695
0.750516,0.0831532
1.41694,0.44789
0.241343,0.0188013
0.189224,1.1e-08
0,1.1e-08
0.506262,0.437467
0.202471,1.1e-08
1.20814,0.238801
1.00073,1.1e-08
1.19733,0.548397
1.10257,0.206988
0.864264,0.0692387
0.970108,0.109833
-8.20467,-7.9689
1.32911,1.1e-08
1.10955,1.17516
-3.02915,-1.1025
0.862823,0.0269757
1.10305,1.1e-08
1.15175,0.408063
1.32936,0.164252
1.48869,0.268242
-17.441,-13.6635
1.1e-08,0.0437001
0.775308,0.0822739
1.19053,1.1e-08
0.732222,0.193617
0.0604606,0.0272154
-6.87144,-6.20954
0.142458,0.0246503
0.0142239,1.1e-08
1.18301,0.451908
0.90347,0.36732
1.1e-08,0.443154
-12.5855,-20.0873
1.26287,0.0570272
0.715515,0.534732
1.24259,1.1e-08
-10.5399,-13.6239
1.37487,0.0446864
0.208392,0.0116508
-8.38673,-8.62038
0.719155,0.1707
-6.4084,-5.14672
0.568546,1.1e-08
0.987615,0.0619407
1.19196,1.1e-08
1.1e-08,0.0514869
1.0338,0.613474
0.187003,1.1e-08
1.38808,0.0173195
0.351651,0.0446396
1.32574,1.1e-08
1.37958,0.069136
0,1.1e-08
1.106,0.00693836
0.0917097,0.314836
1.52682,1.1e-08
0.788349,0.0764376
0.554476,1.1e-08
0.810431,1.1e-08
1.26626,0.424316
1.03717,0.012133
1.35336,0.233635
0.965163,0.549371
1.25318,0.243985
-9.6743,-9.07382
0.214621,0.00280996
0.713789,0.215424
-11.3717,-11.1535
1.1e-08,0.210579
1.1e-08,0.202212
1.48922,0.621762
0.425585,0.251555
0.895338,0.543268
0.0377514,0.0537518
1.47776,0.487602
0.912799,1.1e-08
-0.321329,-0.0269184
0.163649,1.1e-08
0.0293152,0.0753182
0.483889,0.0418997
0.791468,0.0206246
0.487536,1.1e-08
-6.05148,-3.32743
1.10024,0.0488933
0.392217,0.307566
0.0483466,0.436686
1.02257,0.332339
0.449795,0.390615
1.43826,0.0242971
1.23734,0.0259824
1.12951,0.290934
0.0916187,0.249807
-4.46221,-2.2295
-9.68685,-8.86718
0.436172,0.113033
1.28555,1.1e-08
1.1e-08,0.0105709
1.24133,0.124376
1.07923,0.0276641
0.226544,1.1e-08
1.27203,0.538939
0.100195,0.692096
1.22368,0.482287
0.266085,0.290982
1.48311,0.00393223
0.948333,0.0690306
1.15253,0.320777
0.590221,0.30584
0.538992,0.228752
0.245248,0.314475
1.14351,0.174322
-4.56587,-2.5725
0,1.1e-08
1.48822,0.0285457
0.970863,1.1e-08
1.29241,1.1e-08
0.68851,0.240107
1.23888,0.723594
1.46883,1.1e-08
1.45421,0.529818
0.359695,0.224725
1.38252,1.1e-08
0.193421,1.1e-08
1.06059,1.1e-08
0.0972489,1.1e-08
0.506863,0.00638592
0.64342,1.1e-08
0.413992,1.1e-08
0.889086,1.1e-08
1.1e-08,0.41646
1.07775,0.474331
0.857919,0.730882
0.288439,0.579399
-0.460095,0.0174338
1.39261,0.335236
1.13333,0.722443
1.33245,0.0555814
0.653841,0.180171
-14.299,-25.3479
-0.398427,0.0104646
-16.0702,-22.278
0.0243141,0.0401935
1.14756,0.600406
0.210875,0.421796
-12.2615,-12.9902
-8.98441,-8.9523
1.1e-08,0.344282
0.415635,0.656122
-3.19233,-1.34749
1.27135,0.0890064
1.42789,0.161362
0.621554,0.698686
1.29414,0.227388
1.06377,1.1e-08
0.993119,1.1e-08
1.1887,0.677273
1.29955,0.00866365
0.395805,0.0806508
1.1e-08,0.0608941
-17.2432,-13.2674
1.23098,0.0767254
0.562159,0.803391
1.1e-08,0.0823259
0.821751,0.940677
0.889395,0.132429
0.863373,0.195217
1.44397,0.083112
0.0204591,0.205581
0.310016,0.0438969
-7.87618,-6.20204
0.841926,0.208451
-8.35373,-6.19851
1.10485,0.579908
0.890416,0.0949136
1.21145,0.517099
0.726217,1.1e-08
0.0423335,0.25719
0.587445,0.085849
1.04461,0.0457444
1.27875,1.1e-08
0.16441,1.1e-08
0.440888,0.471861
0.593395,0.0573221
0.0314818,1.1e-08
1.1e-08,0.240552
0,1.1e-08
0.353366,0.0879342
0.591699,1.1e-08
0.600481,1.1e-08
1.24642,0.21366
-9.46296,-11.241
-11.3401,-9.92919
1.00134,0.181532
1.26843,0.169495
0.343024,0.0440314
-11.5814,-15.4593
0.156489,0.493807
1.02001,1.1e-08
1.09202,0.663575
0.904394,1.1e-08
0.277896,0.0890816
-9.64265,-10.3773
0.9293,1.1e-08
1.17602,0.0165446
0.659277,0.20658
0.573644,0.0428327
0.95353,0.312126
1.01089,0.0370736
0.262475,1.1e-08
-3.99199,-1.91101
0,1.1e-08
-15.0154,-19.1101
1.00899,0.0764078
1.25419,0.375161
0.573137,0.199621
0.247571,0.264959
0.366263,0.511428
1.17392,1.1e-08
1.19553,0.175272
0.999162,1.1e-08
0.940686,0.275071
0.287556,0.024961
0.237284,1.1e-08
0.33222,0.245212
0.436723,1.1e-08
1.37453,0.207946
0.316994,0.184957
1.34794,0.14263
0.699199,0.127914
1.1e-08,0.000277394
0.91704,0.411716
0.767153,1.1e-08
1.35429,0.349314
-16.3859,-12.9283
1.02251,0.36579
0.311638,0.0668562
0.794007,0.113104
1.51743,0.116731
-0.365444,-0.0245522
0.344691,0.586677
0.112337,0.0833467
1.52681,0.362358
0.557665,0.4666
0.0754422,1.1e-08
1.37085,1.1e-08
0.293107,0.306945
1.40626,0.0668542
-16.8349,-12.7779
0.277488,1.1e-08
0.190562,0.10058
-7.88932,-9.19921
-7.81149,-6.76079
1.1e-08,0.121031
1.1e-08,0.367585
1.31595,0.529804
1.3184,1.1e-08
0.251032,0.0876856
0,1.1e-08
0.891354,0.309575
0.989773,0.0226866
0.989362,0.0560527
1.52683,1.1e-08
0.592631,1.1e-08
-13.9538,-19.1095
-14.5792,-12.9332
0.527813,1.1e-08
-7.44167,-5.14558
1.51406,0.300801
1.17075,0.0498825
0.138562,0.0400054
1.1e-08,0.110583
-4.86148,-3.33983
1.1e-08,0.0297479
0.224222,0.187603
1.24136,1.1e-08
0.271329,1.1e-08
0.118789,0.209681
0.823554,0.133054
0.442778,0.578277
0.910229,1.1e-08
0.560173,0.727668
1.1e-08,0.389232
0.109995,0.287662
0.749607,0.0812969
0.507216,0.182426
0.547059,0.033174
0.152899,1.1e-08
0.343788,0.276656
0.815971,0.22403
0.883698,0.0947029
0.940879,0.0726278
0,1.1e-08
1.13165,0.676298
0.188182,0.160596
1.37073,1.1e-08
1.1e-08,0.15245
0.633925,0.438344
1.1e-08,0.0373218
0.875989,0.023599
1.07697,0.160421
1.24989,0.457662
1.09544,0.339174
-12.7679,-11.6367
0.664854,1.1e-08
1.29915,0.642577
1.02793,0.207404
1.17299,1.1e-08
0.667068,0.0458558
0.627177,0.0187059
0.905928,0.447311
1.46225,0.242158
0.924602,0.33404
1.51528,0.0600507
0.511832,0.54546
1.1e-08,0.0608792
-2.84266,-0.881998
0.160119,1.1e-08
1.24031,0.160907
0.237674,0.350919
0,1.1e-08
0.504425,1.1e-08
1.1e-08,0.0643467
1.51424,0.0161612
0.328397,0.0857277
-9.01816,-7.39326
1.20836,0.402524
-4.81577,-2.22949
0.800731,0.0964061
0.00379523,0.494184
1.22785,1.1e-08
0.234174,1.1e-08
0.973247,0.484385
1.40004,0.69992
0.654113,0.0877579
1.02652,1.1e-08
1.37557,0.561228
0.400356,0.344912
0.0338078,1.1e-08
-12.9553,-23.2193
1.1e-08,0.236623
-13.2278,-17.2214
1.52679,0.0197839
-5.92477,-5.14553
1.1e-08,0.0760299
0.420101,0.0488223
1.1e-08,0.183753
0.562168,1.1e-08
0.361015,0.305298
-12.9839,-19.1117
0.472783,0.0509437
1.01868,0.543776
0.23379,1.1e-08
0.573446,1.1e-08
0.00680197,1.1e-08
0.931815,0.0155175
1.44172,0.66903
1.42557,0.496105
0.550971,1.1e-08
0.250158,0.128139
0.0791366,1.1e-08
1.1e-08,0.0452819
-2.79798,-1.10249
0.807743,0.288983
0.0764829,1.1e-08
-10.7404,-15.4002
0.605084,0.0226669
-14.243,-24.3895
0.630972,1.1e-08
1.50663,0.534677
0.873273,1.1e-08
0.913649,0.081111
-10.1084,-11.4616
0.0452476,0.294403
1.23665,1.1e-08
1.1e-08,0.255625
1.32889,1.1e-08
0.21866,1.1e-08
0.0913622,0.4602
0.425213,0.0895776
0.880131,0.596689
-12.9711,-12.3309
1.14622,0.539211
0.0413455,0.589435
0.799309,0.00776967
0.414747,0.169649
0.736034,0.0509494
-13.1388,-24.5806
0.616859,0.10258
1.18962,0.36875
0.742374,0.153067
0.702879,0.0205307
0.783055,1.1e-08
0.677887,0.100748
0.641337,0.326616
0.464216,0.348391
1.1e-08,0.0874984
1.1235,1.08716
1.36616,0.801493
-0.32535,0.311575
0.317147,0.361421
1.22869,0.268952
0.519045,0.155583
1.36201,0.312021
0.641534,0.013627
1.03118,0.575563
-5.52363,-4.18844
0.504164,0.299053
0.944509,1.1e-08
-5.24967,-3.30863
0.416911,1.1e-08
0.922763,0.523691
0.535104,1.1e-08
-3.67538,-1.91103
0.299674,0.0294702
-6.46409,-3.74844
1.11667,0.00787963
0.931884,1.1e-08
0.565091,1.1e-08
1.24765,0.0797273
0.277029,0.350908
0.273879,0.656006
-0.354973,-0.0244904
0.316494,0.330486
-10.0098,-13.2755
0.340931,1.1e-08
-9.48001,-7.96298
-15.3752,-12.9152
0.855072,0.461423
1.1e-08,0.0509452
0.13925,1.1e-08
0.559143,0.091589
-2.40469,-0.685354
0,1.1e-08
1.10523,1.1e-08
0.811714,0.0619793
0.304691,0.509125
1.37329,0.28549
0.388667,0.20367
1.1014,0.101563
0,1.1e-08
0.0152189,0.015739
0.896442,0.0387634
-1.89809,-0.514503
-14.2322,-17.2238
0.537309,1.1e-08
0.543568,0.31742
0.0535363,0.138202
1.05565,0.0187882
1.44686,0.198702
0.281114,0.188956
1.36097,0.0973642
0.351648,0.156327
-14.6323,-21.6584
0.342726,0.198749
1.16663,1.1e-08
1.05975,0.357171
1.03717,1.1e-08
0.553845,0.59475
0.500337,1.1e-08
0.906006,1.1e-08
0.444102,0.521441
1.1e-08,0.14796
0.825298,1.1e-08
1.1e-08,0.389224
-7.20217,-6.76301
0.532593,0.195599
-6.4438,-5.61047
1.15908,0.0247759
1.13459,0.0537484
0.22791,0.0813209
-5.64339,-3.34987
1.13397,1.1e-08
-7.39095,-6.18735
1.08161,0.269786
0.0440405,1.1e-08
0.334257,0.38661
-14.7309,-13.5812
0.137559,0.319126
1.3697,1.1e-08
0.970213,0.0382444
1.49501,1.1e-08
-8.38327,-5.65375
0.417041,0.0105479
1.1e-08,0.134096
0.813744,1.1e-08
-13.3613,-16.3169
1.09474,0.388544
-11.7719,-13.5844
0,1.1e-08
0,1.1e-08
-0.371451,0.0582262
-12.3249,-12.0694
0.140015,1.1e-08
-10.573,-10.2851
0.947931,1.1e-08
1.03046,0.236145
0.981412,0.334551
0.0882616,0.200632
0.521155,0.395465
0.883435,0.750588
1.1e-08,0.298869
0.752168,1.1e-08
0.616132,1.1e-08
-11.2044,-14.1917
1.17089,0.574845
-10.8801,-9.19296
0.802466,0.693123
0.00716752,0.135047
1.52685,0.0482214
0.487228,0.0957869
-5.9486,-4.1906
1.52675,1.1e-08
1.1e-08,0.0638603
0.612072,1.1e-08
-11.8558,-10.4971
1.1e-08,0.0342908
0.727404,0.260071
1.1e-08,0.132471
0.332355,0.541571
0.449354,0.0155164
0.758294,0.192816
0.0895426,0.0112518
-16.8705,-14.1071
0.937031,0.390597
1.1e-08,0.108741
0.979363,0.15436
0.884032,0.337393
0.794121,1.1e-08
0.745508,0.40723
1.39738,1.1e-08
1.32442,0.20272
0.826393,0.171628
1.47586,0.0996607
0.655579,0.487157
1.05823,0.848479
1.31316,0.426908
0.659402,0.818907
0.961808,0.250741
0.663778,0.0406729
0.557836,0.0734706
1.04284,0.48097
-10.4765,-12.4955
0.672512,0.335411
1.15169,0.259137
0.719029,0.819032
0.646006,0.11505
1.45482,0.0077046
1.26948,1.1e-08
0.816686,0.0358823
1.25364,1.1e-08
1.28836,0.012873
0.422253,0.310315
0.553026,0.0361007
1.14045,0.076419
-6.91751,-5.14305
0.90206,1.1e-08
0.0876324,0.0520438
-14.7729,-20.0892
0.474174,1.1e-08
0.447577,0.0623748
1.48546,0.836707
0.327635,1.1e-08
0.463569,0.251243
0.319653,0.129795
0.944609,0.358115
1.1e-08,0.248058
0.809184,0.42423
0.796395,1.1e-08
-11.9877,-11.7629
0.968756,1.1e-08
0.485089,1.1e-08
0.43037,0.141061
0.0131847,0.0837708
0.908233,0.265393
1.42889,0.254946
0.0441735,1.1e-08
1.0447,0.0976664
0.396848,0.273102
0.477395,0.0362041
0.37948,0.171665
0.527148,0.0857657
0.199235,0.618085
1.52677,0.399472
0.177236,0.0774015
1.52677,0.147658
0.642436,0.236572
0.761926,0.0380884
0.551468,0.354757
0.25683,0.0573062
1.1e-08,0.233572
0.477496,0.488588
1.34427,0.568166
0.535876,0.008139
0.748019,1.1e-08
0.837954,0.65043
1.33903,1.1e-08
1.01438,0.262481
1.07616,0.438182
0.37657,0.251576
-0.391709,0.104758
0.848434,0.505163
0.781603,0.363843
0.32945,0.438293
1.31347,0.594914
-9.87353,-10.0118
-15.0545,-22.1331
0.878554,1.1e-08
0.476807,1.1e-08
0.662256,0.137702
-4.86116,-2.94088
0.938233,0.227728
0.880066,0.170793
1.08842,0.801243
-10.0245,-10.9804
-6.01798,-3.74847
0.32368,0.0100067
0.783623,1.1e-08
1.1e-08,0.29329
0.938498,0.460461
1.09231,1.1e-08
1.20558,0.0541681
0.590231,0.0182537
0.129302,0.374124
0,1.1e-08
1.00852,1.1e-08
0.555007,1.1e-08
0.721743,0.116235
1.29541,0.475549
-9.36204,-8.11023
-14.886,-21.0659
0.563039,0.218223
0.894479,0.237871
-8.81628,-7.95952
1.04576,0.146654
1.18156,0.312237
1.52684,0.459845
0.778729,0.407889
0.747218,1.1e-08
1.41378,1.1e-08
-2.0499,-0.5145
1.45508,0.00144857
1.14693,0.0107895
1.23051,0.631331
0.815986,1.1e-08
0.0657074,1.1e-08
1.06802,0.532862
0.962233,1.1e-08
-13.9522,-21.17
0.304145,1.1e-08
1.22022,0.30015
1.1e-08,0.00816864
-7.44836,-7.22847
0.314005,0.150034
0.393655,0.581143
1.20773,1.1e-08
0.39498,0.629103
0.785581,0.178406
1.39265,0.136313
0.998208,0.132804
1.03163,0.672823
1.45425,0.357966
1.0669,0.638503
1.45953,0.323555
0.69821,0.646091
1.26652,0.0605788
0.70793,0.0424072
0.119062,0.176892
0.499275,0.0548878
1.18172,0.757868
1.40539,0.573509
0.454127,0.218095
0.696263,0.0128851
0.552458,0.167789
0.136433,0.0708093
1.02895,0.175888
-5.23885,-2.93983
-1.81444,-0.367519
1.52679,0.0041203
1.52681,1.1e-08
1.30141,0.263808
1.17507,0.482086
0.308125,0.235128
0.82575,0.39434
0.74544,0.0111163
0.668471,1.1e-08
1.3347,1.08199
0.405612,1.1e-08
-8.91968,-6.1982
1.34142,0.66673
1.44252,0.133754
0.708198,0.281755
-15.9588,-21.1001
0,1.1e-08
0.866572,1.1e-08
1.41414,0.216616
0.530787,0.0393645
1.2502,1.1e-08
0.845306,0.344852
1.1e-08,0.010772
0.685849,0.445568
0.0736557,0.0412082
1.06325,1.1e-08
0.608902,0.237057
0.855454,0.544397
0.826483,0.0679492
-10.3125,-12.1788
1.12284,0.429131
1.21044,1.1e-08
1.29742,0.147023
0,1.1e-08
1.51582,1.1e-08
0.404035,0.527001
0.11052,1.1e-08
1.26657,0.339915
0.666722,0.259387
0.957187,0.191069
0.844866,1.1e-08
1.52684,1.1e-08
1.468,1.1e-08
0.0691424,1.1e-08
0.926719,0.0521209
0.856027,0.262151
-3.47797,-1.61698
1.07325,0.206
-10.2878,-13.7965
0.921994,0.124743
1.16364,1.1e-08
1.1e-08,0.307976
0.604975,0.478663
0.979853,0.212113
0.107523,0.0552384
-1.05143,-0.146999
0.103242,1.1e-08
-13.3732,-15.4347
0.395911,0.109395
0.282132,0.621669
1.2343,1.1e-08
1.35965,0.175562
0.19213,0.35836
1.36359,0.45364
0.24395,0.0545515
1.52681,0.0598319
0.675408,1.1e-08
0.946459,0.12438
1.1e-08,0.223688
1.1e-08,0.0559494
0.483291,0.560603
1.36704,1.1e-08
1.06844,0.403453
0.848225,1.1e-08
0.950317,0.505549
1.52682,0.254195
0,1.1e-08
1.27541,0.0343947
0.260135,0.118042
1.16671,0.286761
-1.41249,-0.244972
0.318957,0.291008
0.17259,0.0150315
1.45095,0.292495
1.1869,0.118237
-11.6894,-12.1463
-12.1363,-11.0974
-6.87517,-4.18966
0.60147,0.146189
0.871019,1.1e-08
4.39333e-05,1.1e-08
0.00117547,1.1e-08
0.269159,0.0320903
-1.56528,-0.368153
1.50005,-40.3133
-2.43077,-0.881996
-8.4532,-6.76249
0.341926,1.1e-08
-12.5642,-18.1323
1.0432,0.283868
1.31401,1.1e-08
0.761777,0.131965
0.101985,0.0152397
0.809168,0.191537
0.148842,0.224106
1.18704,0.118912
1.26808,0.584256
0.245926,0.439268
0.969995,1.1e-08
0.991061,0.299232
-4.50531,-2.93874
0.535223,0.128094
0.70594,1.1e-08
-13.045,-20.9729
-12.4355,-15.4308
1.48672,0.571283
1.37485,0.372591
1.3259,1.1e-08
0.0100544,1.1e-08
0.0700209,0.0213166
0.211862,0.153307
0.818112,0.466096
0.973309,0.10616
0.715328,0.422883
0.945404,0.162369
0.184424,1.1e-08
0.174199,0.313699
0.760623,1.1e-08
1.38285,0.25034
1.08314,1.1e-08
1.06902,0.300353
0.92116,1.1e-08
0.266902,1.1e-08
0.37245,1.1e-08
-12.0251,-22.1975
0.0196227,0.280976
1.1e-08,0.331854
1.08938,1.1e-08
-2.63242,-0.881999
0,1.1e-08
1.03808,0.395624
0.456681,1.1e-08
0.211073,0.120172
0.454089,0.0726216
0.663292,1.1e-08
0.437541,1.1e-08
1.45489,1.1e-08
0.970725,1.1e-08
0.0376324,0.347207
1.24124,0.675491
0.920538,0.110252
1.15217,0.129399
0.949835,0.0286249
0.69634,0.162529
-3.76095,-1.617
0.390729,1.1e-08
-15.0933,-14.2684
1.4404,1.1e-08
0.759309,1.1e-08
1.23125,0.421198
0.180988,0.227372
1.12885,0.138133
1.09448,0.180237
0.692669,0.365671
0.775947,0.47654
1.52685,1.1e-08
0.803562,0.128497
0.134777,0.408688
0.989745,0.365565
-0.518553,-0.0245
0.624995,1.1e-08
0.244168,0.0231215
0.264174,0.538848
0,1.1e-08
0.865602,0.0606318
0.670292,0.392328
-4.95642,-2.57249
0.0342645,0.0148916
0.501334,0.00902167
1.42488,0.8091
1.1e-08,0.219211
0.782796,1.1e-08
1.1e-08,0.0211602
0.478221,0.198732
0.488231,0.337642
0.823657,1.1e-08
0.742198,0.5118
0.408958,0.442988
-4.31702,-1.91099
0.776835,1.1e-08
0.460026,1.1e-08
-12.2789,-17.2311
0.162888,0.0505686
-10.1527,-9.40767
1.1e-08,0.228472
0.480026,0.163239
1.48693,0.138931
0.745129,0.123902
0.0960634,0.408275
0.169366,0.182302
0.788257,1.1e-08
0.283062,0.172594
1.30885,0.376303
0.669106,0.695024
1.1e-08,0.0287956
0.835652,0.0938495
0.78321,0.21363
0.767487,0.28064
0.754129,0.57382
1.25696,0.30432
1.54535,0
