0.148373,0.246675
1.04646,0.558745
-1.35448,-0.230209
1.12998,1.1e-08
-2.16648,-0.692591
1.27979,1.1e-08
0.363778,0.688054
1.42196,0.00591605
-17.9727,-38.6153
1.03359,1.1e-08
0.95611,0.0836668
1.1e-08,0.042413
1.14038,0.0903142
0,1.1e-08
1.78292,1.1e-08
0.29176,0.468307
0.434764,0.411141
1.32925,0.376054
0.156277,0.56397
-3.54152,-1.08598
0.631906,0.220976
1.1e-08,0.0136817
-17.7362,-24.0143
0.211944,0.54144
0.960884,0.137327
0.300961,1.1e-08
0.0356855,0.324117
0.0495329,0.0423396
1.25331,0.174213
-2.97027,-1.55059
1.0853,0.997731
1.3432,1.1e-08
0.550119,0.121186
0.735167,0.1625
-13.0066,-21.8507
1.01143,1.1e-08
1.56977,0.138029
0.0829859,0.0998945
0.358426,0.494149
0.244911,0.0760612
1.477,0.00986789
0,1.1e-08
0.691259,0.421915
0.24575,0.444102
0.898109,1.1e-08
0.123367,1.1e-08
0.247714,0.0629006
0.0346836,0.40853
0.104552,0.261479
1.12085,1.1e-08
1.74304,0.0048185
1.1e-08,0.108771
1.39822,0.151759
0.517676,0.586512
0.470287,0.29424
1.85929,1.1e-08
0.328744,0.141296
0.646683,1.1e-08
0.178341,0.0290612
0,1.1e-08
0.190018,0.185928
0.209211,0.433964
1.53297,0.0381052
1.1e-08,0.602924
0.459107,1.1e-08
-4.32132,-2.16268
1.70942,0.178041
0.234333,0.218322
1.01754,0.0380054
-5.01033,-1.96448
0.374696,1.1e-08
-10.1593,-9.26116
1.1e-08,0.411574
1.11596,0.0557107
0.89235,0.118842
1.19197,1.1e-08
1.1e-08,0.0832176
-18.0551,-36.435
0.70857,0.0142277
-5.73364,-3.7475
-2.49334,-0.689178
0.525499,0.328217
1.1e-08,0.370817
0.461951,0.506819
0.722557,0.129998
0.311339,1.1e-08
0.148402,0.094684
0.493091,1.1e-08
-7.65062,-5.6595
0.0910354,0.293608
1.14272,1.1e-08
-10.6626,-11.3916
0.739329,0.106358
0,1.1e-08
1.9217,0.035764
-2.53607,-0.882495
0.801913,0.0180362
0.90801,0.080335
0.300331,0.145874
1.04775,0.0461441
0.0807608,0.364242
0.687736,0.121532
0.712446,0.0464174
1.20384,0.117642
0.673292,0.272816
0.252648,0.316792
1.47393,0.0287925
-9.67099,-12.1513
0.749749,0.439504
0.379068,0.162392
1.48974,1.1e-08
1.09588,1.1e-08
1.15597,0.294372
0.118386,0.963052
0.685202,0.076133
0.0463008,0.532474
0.208417,1.1e-08
0.11165,1.1e-08
0.828706,0.00814249
0.317999,0.361147
1.1e-08,0.15129
0.807812,0.348104
-13.2191,-23.1519
1.78345,1.1e-08
0.526539,0.02014
1.67443,1.1e-08
0.19674,0.375904
0.176469,1.1e-08
-1.21663,-0.223948
1.11471,0.48954
1.89608,0.433856
1.1e-08,0.0358395
1.1e-08,0.741573
0.270835,0.167543
1.1e-08,0.487605
-15.1825,-22.0823
0.530543,0.373244
1.2204,0.531441
-13.0039,-19.4242
-3.98398,-1.93057
-12.219,-19.8878
0.745806,0.0945533
0.391382,1.1e-08
1.08213,0.0430275
0.73335,0.30072
0.84139,0.0441469
1.55745,0.181945
0.0240636,0.448455
0.0344791,1.1e-08
0.00369923,1.1e-08
-17.7251,-33.7645
0.0702638,0.19344
0.124634,0.0820882
1.60177,1.1e-08
0.0931804,1.1e-08
1.17483,1.1e-08
0.295321,0.323124
0.617628,0.0100572
0.485744,0.253605
0.0571923,1.1e-08
1.28735,0.264354
0.56661,1.1e-08
0.377828,0.228601
0.05729,1.1e-08
-8.86437,-10.6574
1.1e-08,0.45172
0.880281,0.274149
1.03344,1.1e-08
-10.8272,-13.8754
0.367075,0.396378
-0.719124,-0.0735135
0.705695,1.1e-08
0.056595,1.1e-08
-16.2787,-25.0318
0.853075,0.090353
0,1.1e-08
1.18251,0.158364
1.05628,0.619221
0.0605171,0.223326
1.07809,1.1e-08
1.24315,1.1e-08
1.1e-08,0.351143
0.560898,0.0174554
1.428,1.1e-08
1.19316,1.1e-08
0.484366,0.760762
1.54944,0.067433
0.364225,0.138635
-2.32881,-0.679348
1.1e-08,0.687319
1.8131,0.25743
0.202724,1.1e-08
1.35138,1.1e-08
0.988448,0.0254971
0.622772,0.1383
1.7634,0.136915
1.12675,0.0518691
-16.2155,-26.8448
1.83179,1.1e-08
0.519643,1.1e-08
1.1e-08,0.435703
0.131532,1.1e-08
1.16764,1.1e-08
0.459214,0.383157
0.341782,1.1e-08
0,1.1e-08
0.29166,0.0330162
-20.3509,-36.7888
0.22662,0.29116
0.016504,0.017821
0.855927,0.0507422
1.1e-08,0.0287486
0.329225,0.102785
0,1.1e-08
-19.5336,-39.0927
0.182112,1.1e-08
1.1e-08,0.21963
0.690064,0.216563
0.616805,0.0756022
1.75417,0.0632177
0.471096,0.17082
-10.4807,-12.1525
0.13327,1.1e-08
0.0468011,0.0533718
0.30296,0.000802016
0.0337566,0.480053
1.33098,0.253201
0.867689,0.125497
0.0827612,1.1e-08
-5.04683,-2.58163
-17.013,-18.7748
0.431383,0.201461
1.1e-08,0.288352
0.317297,0.265688
-15.6293,-35.1636
1.97921,0
1.55093,1.1e-08
1.05247,0.0571265
0,1.1e-08
0.506919,0.161437
0,1.1e-08
1.70048,0.121236
0.271776,0.223875
0.283471,0.347979
1.43637,0.218243
1.65169,0.231479
0.484286,1.1e-08
1.48329,0.260105
0,1.1e-08
1.56566,0.0187236
0.272852,0.0101233
-11.3519,-17.9102
0.732648,1.1e-08
-24.1106,-25.4477
-6.52347,-2.32706
-3.12362,-1.50245
0.926281,0.346869
0,1.1e-08
0.380675,0.292986
1.26225,0.322738
0,1.1e-08
1.55532,0.0722435
-6.64298,-4.18949
0.920906,0.00570198
1.19593,1.1e-08
1.23595,0.260546
1.1e-08,0.148436
0.392021,0.0891736
0.489239,0.228702
0.403593,0.00800367
0.28188,0.0991901
-15.1931,-26.5959
1.1e-08,0.294876
0.597512,0.278905
0.225967,0.115139
0.608998,0.16675
1.28106,0.2231
0.0773171,1.1e-08
0.450078,0.231415
-21.2924,-23.6714
0.714579,1.1e-08
-4.84855,-3.33297
-1.82236,-0.381032
1.97921,0.0676294
0.900458,0.0756875
1.05497,1.1e-08
0.988386,0.0703833
0.748583,1.1e-08
-15.1379,-17.888
1.75431,1.1e-08
-3.85661,-1.26948
0.266844,0.0673936
0.969549,1.1e-08
1.42364,1.1e-08
0.436624,0.0826129
0,1.1e-08
0.931413,0.249861
0.248806,0.246542
0.561507,1.1e-08
1.37325,0.272413
0.818798,0.238562
-16.1056,-28.8993
0.225935,0.994026
0.604994,0.0767607
0.785574,0.263916
-4.66346,-2.59353
0.284891,0.247975
-15.3108,-23.1471
1.41801,0.470609
-6.79829,-2.22219
0.216427,0.254006
0.396186,0.583208
1.30676,0.0746616
-5.96488,-2.23953
1.1e-08,0.153946
0.169966,0.449877
0,1.1e-08
0,1.1e-08
0.0310404,1.1e-08
1.1e-08,0.218605
1.1e-08,0.0293401
0.0918125,0.196416
0.063201,0.268727
1.1e-08,0.483312
1.08509,1.1e-08
-19.3932,-38.7627
0.247956,0.491345
-10.3934,-16.4054
0.645526,0.121106
1.22573,0.00883134
0.439797,0.115721
1.14502,0.228468
1.38265,1.1e-08
-15.1538,-19.873
0.62754,0.272198
0,1.1e-08
0.925878,0.146688
0.353754,0.441421
1.0371,0.0854666
-15.1871,-28.8113
1.6116,0.0168707
0.698237,1.1e-08
0.255374,0.389496
0.160229,0.172102
0.106194,0.215624
1.1e-08,0.807137
1.51369,0.0104629
0.869641,0.190482
0.106697,0.720663
1.1e-08,0.178774
0.0477103,0.11964
1.1e-08,0.208243
0.904461,1.1e-08
-12.3084,-13.782
1.50438,0.0766201
0.444476,0.332432
0.659476,0.129722
0.503616,1.1e-08
1.10816,0.111667
1.6737,0.150646
0.406717,0.274457
0.686424,1.1e-08
0.121564,0.0326745
1.33762,0.0704993
-15.7647,-32.4841
0.935306,0.18506
-21.0384,-39.098
0.773737,0.0961303
1.02915,0.276956
0.121502,0.274126
1.40649,0.256063
0.224681,0.388048
0.219923,0.188864
1.1e-08,0.0296732
0.836367,0.121302
1.83831,0.0119945
-3.11597,-0.696698
0.503859,0.0753718
0.0499759,0.141247
0.600067,1.1e-08
-9.55151,-10.658
1.1e-08,0.0921014
0.831204,0.182451
-14.4739,-16.2977
1.23437,1.1e-08
0.355429,0.538029
-0.951138,-0.147021
0.100281,0.142138
-5.269,-3.3318
-18.5447,-24.3058
1.569,0.00478393
0.886964,1.1e-08
0.886397,0.153994
-1.70813,-0.354306
0.345784,0.0272326
0.194489,0.673201
1.34445,0.423092
1.38116,1.1e-08
-1.82996,-0.516646
0.287181,0.0664092
0.068885,0.439374
0.304223,1.1e-08
1.44276,1.1e-08
0.423518,1.1e-08
0.542469,1.1e-08
1.67093,1.1e-08
0.999236,0.0102216
0.779381,0.513463
-6.26515,-2.32434
1.31446,0.0487302
1.18771,0.0910134
1.47608,1.1e-08
1.03742,0.127694
1.868,0.0341704
1.66614,0.00411485
0.779405,0.0562671
0.60177,1.1e-08
-12.7933,-20.6141
1.15017,0.0353994
1.02042,1.1e-08
-4.87703,-2.93999
-17.829,-31.2474
1.52099,0.514161
0.0904805,0.250197
-6.02477,-4.65373
1.30163,1.1e-08
1.5178,0.157076
0.573379,0.0465509
0.17272,0.0568441
1.29746,1.1e-08
0,1.1e-08
1.10084,0.263366
-12.6874,-16.2997
-16.4536,-28.8125
1.45126,1.1e-08
1.28425,0.111511
1.1e-08,0.260433
0.622886,0.022362
0.606441,0.143706
0.053122,1.1e-08
1.7283,0.361671
-7.92387,-7.96252
0.629998,0.189704
0.194948,0.618499
1.82338,0.0417553
0.600197,0.392339
0.106751,1.1e-08
0.770345,0.0526048
0.706833,1.1e-08
0.257284,1.1e-08
0.585288,0.194227
0.425895,0.0775466
1.28634,0.0469842
-17.4017,-26.3761
0.183063,0.306024
1.0879,0.17882
1.97921,1.1e-08
0.0630685,0.485835
1.39913,1.1e-08
1.31465,0.00214816
0.579622,0.311975
0.967795,1.1e-08
0.838285,0.498724
0.632619,0.487231
0.0812612,0.0733781
0.419683,1.1e-08
1.97921,0.18874
0.910885,0.741883
-4.34752,-1.60727
-11.5309,-13.6556
1.77547,0.354521
0.335573,1.1e-08
0.732951,0.563734
1.74848,1.1e-08
0.282022,1.1e-08
0.687779,0.306604
0,1.1e-08
-15.3111,-31.2652
0.0482308,0.612642
0.0999138,0.358515
0.72573,0.216605
-14.1378,-26.7976
0.512027,0.54
0.018685,0.0373919
0.390336,0.0327657
0.0294568,0.108575
0.28933,0.438619
0.582055,0.139075
0.000227337,0.656691
-3.73943,-1.83783
1.44927,0.0866684
-3.44334,-1.59782
1.1e-08,0.120733
0.65404,0.344291
1.91291,0.00760589
0.122787,0.383096
0.884393,0.00849848
0.771705,1.1e-08
1.1e-08,0.3209
1.86194,1.1e-08
1.17541,0.255388
-1.02071,-0.146994
0.78474,0.225477
0.105233,0.811845
0.963124,0.0048746
1.97921,0.122671
0.836088,1.1e-08
0.550744,0.19753
0.211987,0.475948
1.05738,1.1e-08
0.902595,0.0295155
0.108674,0.478282
1.41321,0.183306
-19.3173,-24.2534
0.894548,0.228179
0.285159,1.1e-08
0,1.1e-08
1.0882,0.73549
1.23796,0.100411
1.21424,0.0965295
1.0935,0.0817605
0.180077,0.212302
0.135619,0.459084
0.716096,0.665654
1.1e-08,0.089909
0.408057,0.180762
-11.9057,-16.3547
1.48192,1.1e-08
0.112336,0.430628
0.893557,0.42361
-8.50557,-6.762
0.126636,0.118702
0.388825,0.100833
-15.7865,-21.4138
0.788634,1.1e-08
0.483019,0.116234
-1.28298,-0.273965
0.252504,1.1e-08
1.14948,0.169314
0.463975,1.1e-08
0.269379,1.1e-08
1.1e-08,0.203353
0.693711,0.106373
0.417754,0.141989
0.553525,0.226832
0.65827,0.0463791
-0.752178,-0.0734967
0.843943,0.2157
0.407371,1.1e-08
1.54145,0.253552
1.1e-08,0.0296925
1.08353,1.1e-08
0.715215,0.0882831
0.314919,0.242134
0.930008,1.1e-08
-4.28798,-2.60727
1.6029,0.0284291
0.566813,1.1e-08
0.646076,0.625305
-21.7193,-38.0049
-12.3274,-18.9859
-16.1189,-22.3999
0.409115,0.888343
-5.68982,-1.50199
0.331542,0.0589854
-2.6642,-0.685193
1.1e-08,0.000259213
-19.2008,-31.2361
0.348913,0.236001
1.17233e-06,1.16741
0.7813,0.0879338
-4.574,-1.61247
1.1e-08,0.174938
0.122046,0.349183
1.1e-08,0.0528689
0.621713,0.575667
0.51908,0.0904226
0.717478,0.0834904
0.247003,0.023295
0.536385,1.1e-08
0.550834,0.457758
0.528241,0.143262
-20.1902,-20.0398
-16.77,-36.3193
0.189713,1.1e-08
1.1e-08,0.0698819
-15.078,-30.0056
0.604717,0.520829
1.1e-08,0.501987
0.23119,0.00296823
0.153647,0.095314
-13.6038,-19.6791
0.49118,0.40983
-7.61516,-6.1985
0.346325,0.62511
1.18921,0.00680184
0.776972,1.1e-08
1.56053,1.1e-08
0.58767,0.477735
0.210419,0.0779393
-11.246,-17.2162
0.839827,1.1e-08
0.148541,0.0581743
0.206898,0.0342775
-4.86709,-1.84453
-11.3566,-12.1518
0.59577,1.1e-08
0.0221541,0.0740659
1.36685,0.0275418
0.584575,0.231114
0.652138,1.1e-08
0.775345,0.0233642
1.49606,1.1e-08
1.64591,0.0882484
1.02419,0.0735419
0.821412,0.272427
0.156328,1.1e-08
1.75245,1.1e-08
0,1.1e-08
1.13183,1.1e-08
0,1.1e-08
1.26155,0.0410648
0.248257,0.101478
0.320425,0.673418
0.456766,0.114862
-12.1394,-17.2331
1.08945,0.00088423
0.635152,1.1e-08
-7.06348,-5.6595
0.0819874,1.1e-08
1.6144,0.231257
1.57996,1.1e-08
0.517282,0.00514332
1.12733,0.257053
-23.8074,-25.2449
0.371765,1.1e-08
1.80165,0.00223701
1.44218,0.352785
1.54411,1.1e-08
1.23347,0.835241
-10.6114,-14.5947
-3.18032,-1.29486
0.00907816,1.1e-08
0.859838,1.1e-08
0.221462,1.1e-08
0.725981,1.1e-08
-16.3569,-33.7575
1.89539,1.1e-08
1.1e-08,0.577099
0.575995,1.1e-08
-14.4786,-25.2108
0.48493,0.334148
0.737681,0.0381166
-12.2534,-18.1854
0.510555,0.120252
-10.248,-12.9388
0.624114,0.35937
1.1e-08,0.178233
1.23312,0.03855
1.5459,0.282406
0.438518,1.1e-08
0.28775,0.274602
1.41932,0.100438
1.19293,0.444622
0.113026,0.305481
1.4362,0.0197952
-3.43746,-1.47323
1.07821,0.0881314
0.53473,0.245805
0.586342,0.422845
1.3661,0.0829636
0.182662,0.240565
0.556051,0.165661
1.1e-08,0.418132
1.82687,1.1e-08
0.754866,0.0174353
0.115099,1.1e-08
0.348917,0.374656
-14.037,-18.8857
0.396709,1.1e-08
1.51738,1.1e-08
-15.6431,-21.8715
0.470928,0.447675
0.421772,0.614944
1.49533,1.1e-08
1.47209,0.156771
0,1.1e-08
0.11561,0.595639
1.94928,0.00776882
0.144622,0.020568
-4.02465,-2.30223
0,1.1e-08
0.664061,0.186886
0.088482,1.1e-08
0.809978,1.1e-08
0.997775,0.266585
-10.6052,-9.93871
0.406929,0.226831
0.695134,0.0270524
0.587262,0.342059
0.88974,0.057088
0.649048,0.0873911
1.20573,1.1e-08
0.138434,0.150611
0.376467,1.1e-08
1.08156,1.1e-08
-8.57804,-7.9625
-14.1,-18.4994
1.1e-08,0.161815
0.131615,0.0701571
0.853519,0.920171
0.550103,0.0806742
0.196692,0.277296
0,1.1e-08
0.994314,1.1e-08
0,1.1e-08
1.1e-08,0.641158
0.418893,0.0245565
1.20275,0.0349773
0.0862325,1.1e-08
1.72089,1.1e-08
1.47879,0.0730433
0.340824,1.1e-08
-1.59233,-0.373488
0.944449,1.1e-08
-8.47361,-8.5995
-3.29965,-1.05171
1.1198,0.141303
1.05066,1.1e-08
0.290647,0.18701
0.0701211,1.1e-08
0.783431,0.474956
1.79554,0.029673
1.37673,0.791725
0.781594,0.323144
0.0998394,0.0243897
0,1.1e-08
1.53314,0.11286
1.77523,1.1e-08
1.67849,0.247589
1.38276,1.1e-08
0.644484,0.53687
1.20844,0.196823
0.43123,0.254763
0.467734,0.00738315
0.0983312,0.00632215
0.219969,0.0957987
-6.4195,-2.06018
0.471712,0.131635
0.648819,0.0815228
1.32907,0.174408
0.185575,1.1e-08
-18.1121,-40.4864
-6.32121,-1.96347
-20.669,-36.5909
1.22654,0.386879
1.05452,0.514367
0.159866,0.057026
-16.8595,-24.3296
-13.132,-18.6765
0.965194,0.288873
0.0184775,1.1e-08
-7.01254,-6.19849
0.820658,0.0586508
1.0391,0.097519
0.222512,0.776189
1.05724,0.00280021
1.1e-08,0.107891
0.693876,0.359955
0.132915,0.0104839
0.657243,1.1e-08
-3.63041,-1.32773
0,1.1e-08
-23.5539,-24.6997
0.723488,0.00357707
0.465326,1.1e-08
-0.348142,-0.0244985
9.17708e-06,1.51362
1.1e-08,0.0319927
0.563823,0.368044
1.3264,0.224205
0.447338,1.1e-08
-2.93181,-0.89295
-12.171,-14.5831
0.120771,1.1e-08
-12.911,-14.5775
0.155776,1.1e-08
0.335779,0.210571
0.418189,0.845443
0.990156,0.573042
0.786483,0.400197
0.619783,1.1e-08
1.77167,0.180931
1.46328,0.192179
0.603526,0.615846
0.253467,0.199664
-1.96856,-0.512504
0.37186,0.193756
0.497001,0.300974
0.540217,0.699418
1.3107,1.1e-08
0.834686,1.1e-08
0.0990788,0.0721593
0.988217,0.342808
-13.2475,-21.9314
-16.2128,-20.0609
0.27513,0.293736
1.35899,0.14241
0.477666,0.574136
-15.5498,-27.6689
0.746533,0.255414
0.446367,0.554319
0.890116,1.1e-08
0.115851,0.164175
0.460813,0.205389
-13.6622,-20.74
0.626758,1.1e-08
1.80983,0.149691
0.287538,1.1e-08
0.695289,0.490397
0.328715,0.0482258
1.4368,0.137177
0.121485,0.188921
-7.98255,-7.35003
-5.87234,-1.89539
-19.6433,-32.4871
1.97921,0
1.1e-08,0.142481
1.39687,0.00749178
0.87029,1.1e-08
0.74172,1.1e-08
0.89455,1.1e-08
0.138122,0.316354
1.02379,1.1e-08
0.660668,0.239815
0.734358,1.1e-08
0.0723568,0.0582933
0.237866,0.525838
1.1e-08,0.0315754
0.994719,1.1e-08
0.755754,0.202734
1.59683,0.207939
1.1e-08,0.412176
0.449241,1.1e-08
-0.337717,-0.0244985
1.97921,1.1e-08
1.85235,0.171877
-22.5312,-24.2443
0.485815,0.192783
0.187697,0.344464
1.05634,0.160583
1.25066,1.1e-08
-4.96719,-2.22987
0.0381267,1.1e-08
0.140079,0.410799
0.96667,0.177608
1.15802,0.479914
1.97921,0.456629
0.160111,0.135616
0.529082,0.144054
0.195019,0.0540422
-23.0109,-24.0287
1.51105,1.1e-08
0.861828,0.00302912
-11.3783,-19.0226
-11.8858,-15.4331
0.240197,1.1e-08
0.304974,0.210515
1.38392,0.112411
0.322739,1.1e-08
1.22525,1.1e-08
1.1e-08,0.388374
1.86801,0.293945
0,1.1e-08
1.22843,0.418167
1.63774,0.15347
1.47964,0.398231
-18.2478,-32.4863
-20.0498,-24.2511
0.364382,0.106694
-11.9226,-12.937
1.36429,0.336026
1.1e-08,0.0874915
0,1.1e-08
0.80323,0.122386
-8.49473,-9.96113
0.541647,0.528455
0.332,0.177605
0.821072,0.0186899
-2.10863,-0.515035
1.05201,0.251509
0.179118,0.41028
0.443672,0.00131145
1.71612,0.000747214
0.547264,1.1e-08
0.77741,0.17296
0.682412,1.1e-08
0.930085,0.218552
0.372767,0.0607056
0.067811,0.744922
1.1e-08,0.111675
0.266767,0.549414
1.54388,1.1e-08
0.216026,0.325743
0.553044,1.1e-08
-3.68726,-1.65244
0.146226,0.287489
0.247674,0.0239664
1.76197,0.0379848
1.15648,0.739276
0.328365,1.1e-08
-1.50747,-0.245272
0.408857,1.1e-08
0.820419,0.0678717
0.224003,0.0558241
0.962859,0.410742
-17.8792,-22.4677
0.139924,0.217487
0.622156,0.0494086
0.0757249,0.13068
1.11105,0.208753
0.0539199,1.1e-08
0,1.1e-08
0.26429,1.1e-08
0,1.1e-08
1.47326,0.052021
0.011159,0.34231
0.157328,0.374635
0.926176,0.389783
-7.13369,-5.14499
-4.82263,-1.61619
0.779173,1.1e-08
0.624637,0.447912
-5.40044,-1.9095
0.421141,0.49966
0.224601,1.1e-08
0.423677,1.1e-08
0.045406,0.185505
-13.5378,-16.3832
0.0961349,0.0649019
-9.27967,-7.96248
1.88008,0.122569
0.893122,1.1e-08
0.223625,0.159858
1.05277,0.0192422
0.961902,0.01344
0.663583,1.1e-08
0.675241,0.153309
1.07702,0.228807
1.13054,0.103195
0.17865,0.518415
0.997766,0.195024
-16.5649,-37.7836
0.438326,0.0544432
-17.5192,-30.0096
1.43102,0.0438664
-9.46634,-12.9368
0.493802,0.119136
0.342709,0.0364776
0.059324,0.0817364
1.1e-08,0.326243
0.201825,0.106108
-16.9761,-32.4893
0.661355,0.432727
1.1e-08,0.286475
0.333851,0.282778
0.64798,0.394909
0.507889,0.213881
1.36405,1.1e-08
0.756192,1.1e-08
1.45244,1.1e-08
0.502383,0.637516
0.891662,1.1e-08
0.283343,1.1e-08
0.514429,1.1e-08
-6.51621,-5.65947
1.0872,0.606584
0.404131,0.461921
-14.4177,-27.589
0.17702,0.113916
-18.1279,-39.2825
0.0677877,0.786206
1.66625,1.1e-08
1.32444,0.00989418
1.87157,1.1e-08
-14.1498,-22.2217
0.448018,0.0273495
0.0716655,0.0300526
0.396137,0.0634182
0.775066,0.294876
0.299482,0.569541
0.077903,0.168245
1.07516,0.129808
0.868783,0.245372
-17.9844,-23.4467
1.89947,0.56339
0.486219,0.145502
0,1.1e-08
0,1.1e-08
1.22113,0.148105
-16.7164,-39.5291
0.412608,0.674522
0.982369,0.0343932
0.849562,0.3312
0.813929,0.429368
0.563131,0.270559
0.202653,0.719382
0.371075,0.00624811
0.385773,0.0209851
1.05496,0.19683
0.0224373,1.1e-08
0.484626,0.802449
-6.15027,-0.635236
1.27575,0.0410852
0.356858,1.1e-08
0.54369,0.299244
1.42775,1.1e-08
1.07642,0.38146
1.1e-08,0.0701452
-9.19219,-11.3907
1.35626,1.1e-08
0,1.1e-08
-9.18228,-9.90499
1.97921,0.0800961
1.1e-08,0.627952
1.25137,0.0850341
-7.33928,-7.35005
0.205306,0.138113
-11.0428,-10.6574
1.72885,1.1e-08
1.3421,0.300995
0.0183075,1.1e-08
0.675971,1.1e-08
1.33618,1.1e-08
0.940114,0.0244459
-4.63431,-2.25601
0.246547,0.349846
-13.7611,-24.7236
0.144546,0.641464
-14.0411,-17.2242
-21.1418,-24.2261
1.1e-08,0.225772
-0.638441,-0.0735508
-4.12994,-1.64272
0,1.1e-08
-6.54226,-4.65323
1.1e-08,0.555777
0.142138,0.700284
1.97921,0
1.29485,0.30107
1.01113,1.1e-08
0.455127,0.642228
1.1e-08,0.534777
1.27562,0.0746439
1.45416,0.504686
0.999775,0.138248
-5.67138,-4.18951
-18.8572,-30.0129
1.67876,0.0477396
1.62568,1.1e-08
0.485936,1.1e-08
-1.4293,-0.247734
0.819647,0.118968
0.365502,0.0478928
1.30198,1.1e-08
0.184062,0.07419
-18.7179,-35.7694
0.620929,0.679942
1.8462,0.216133
1.54031,0.216413
1.97921,0
1.0994,1.1e-08
0.0167798,0.367044
1.92729,1.1e-08
0.411833,0.00834399
0.841762,0.2948
0.540127,1.1e-08
0.350266,1.1e-08
-10.9519,-15.4366
0.311178,0.297371
-10.1126,-13.666
1.1e-08,0.0568192
1.19509,1.1e-08
0.357958,0.0997694
-9.87834,-9.97923
0.869607,0.392651
-11.4189,-14.56
0,1.1e-08
0,1.1e-08
0.342061,0.00750574
-20.1127,-25.1323
0.328854,1.00625
0.168161,1.1e-08
1.97921,0.0142761
1.1e-08,0.064949
-13.1946,-13.7352
1.69495,1.1e-08
0.51575,1.1e-08
1.1e-08,0.234548
-17.8209,-28.8119
1.97765,1.1e-08
-16.1868,-25.1561
0.354849,0.300677
-4.18903,-1.90746
-6.13951,-1.94512
-17.0952,-23.0586
0.738371,0.773269
-14.9464,-20.5628
0.0298785,0.241725
1.68795,1.1e-08
0.867434,0.0893178
0,1.1e-08
0.0239606,0.140896
0.294465,0.12351
0.413008,1.1e-08
0.582453,0.0106593
1.16206,1.1e-08
-15.2792,-25.9704
0.0516561,1.1e-08
-15.7369,-19.0099
0.372136,0.260251
0.993658,0.0846682
1.96791,1.1e-08
0.126533,1.1e-08
-9.90779,-11.3944
0.519242,0.188121
0.994189,1.1e-08
0.168017,0.487685
-16.7726,-20.865
0.831524,1.1e-08
0.119079,0.236982
0.208444,0.222966
0.746542,1.1e-08
0.667668,1.1e-08
1.49878,0.208712
1.48239,0.116734
-23.0511,-25.8567
0.863366,1.1e-08
1.1e-08,0.773775
1.94465,1.1e-08
1.70897,1.1e-08
0.0125971,0.721567
0.672799,0.0363094
1.12088,0.173151
0.306766,0.0697173
0.768703,0.116804
0.329046,0.468763
1.1e-08,0.252006
0.590156,1.1e-08
1.6547,0.051613
0.214558,1.1e-08
1.1e-08,0.532326
1.1e-08,0.303369
0.0506227,1.1e-08
0.0270834,0.0310158
-14.4051,-23.6556
0.249669,0.275039
0.0641149,0.400451
0,1.1e-08
0.477126,0.0858931
0.107138,0.0342511
0.433163,1.1e-08
0.191753,1.1e-08
0.533095,0.0461087
1.20324,0.0420328
1.77367,0.0166675
1.58324,0.0880203
1.69878,0.0766459
-11.0709,-12.9328
0.54154,0.0511297
0,1.1e-08
-19.2101,-33.7599
1.26631,0.140471
0.0684206,0.32856
0.90119,0.18444
0.562936,0.738155
0.181817,0.012068
0.338147,0.585178
0.0108892,0.51897
0.852777,0.458147
0.144226,1.1e-08
-0.678295,-0.0734609
-16.5071,-22.6046
1.1e-08,0.0463049
-3.26099,-1.19456
1.77076,0.0733687
0.0319579,1.1e-08
0.00171548,0.392457
0.796522,1.1e-08
0.493603,0.367284
0,1.1e-08
0.79954,1.1e-08
0.187743,0.15779
0.803143,0.185009
0.802865,0.0775975
0.323919,1.1e-08
0.513051,1.1e-08
0.999765,0.314598
1.1e-08,0.0191924
0.455205,0.272815
1.1e-08,0.271081
0.0802391,0.529307
0.272263,0.128761
0.280689,0.754948
0.0981661,0.017586
0.68267,1.1e-08
1.73681,0.0400444
1.6975,0.0390051
1.1e-08,0.351945
1.33441,1.1e-08
1.92948,0.155276
1.36275,0.193608
0.697639,1.1e-08
-6.41485,-1.88974
0.31368,0.389297
1.93007,0.0157438
0,1.1e-08
0.767877,0.144076
-14.0713,-20.1483
-19.3597,-36.3948
1.82398,1.1e-08
0.229003,1.1e-08
1.27038,1.1e-08
-8.74192,-9.26264
0.931193,1.1e-08
1.9295,1.1e-08
1.1e-08,0.925086
-14.1662,-21.5439
-10.2667,-10.6574
0.0853949,0.665936
1.28009,1.1e-08
0.952883,0.266029
1.08267,0.0451181
1.65827,1.1e-08
0.949044,1.1e-08
0.179705,1.1e-08
0.576969,0.103221
-4.07819,-1.39894
1.44826,1.1e-08
0.108236,1.1e-08
0.890287,0.326644
0.879416,0.0188572
-13.6839,-17.4311
-19.245,-35.0223
0,1.1e-08
0.0154898,0.21845
-13.0488,-17.219
0.340566,1.1e-08
0.611985,0.244286
1.60428,1.1e-08
0.627139,0.308912
0.0909479,0.408337
1.50954,0.0698247
-6.14479,-4.1895
0.546936,0.495856
1.14964,0.0355445
1.40875,0.323907
1.01803,0.165365
1.23101,0.291324
0.03383,0.101288
1.1e-08,0.0165348
-18.0349,-35.1578
0.387945,1.1e-08
1.11972,0.0100045
0.699556,0.792587
-11.1609,-16.1311
0,1.1e-08
0.198905,0.131046
0.0637199,0.0159649
0.108451,0.515584
0.150571,1.1e-08
1.16788,0.0196336
0.429171,0.371854
0.090233,0.104251
0.834824,0.152213
0.0165235,1.1e-08
1.61614,0.0912506
0.0920541,0.324339
1.29162,0.00591102
0.286691,0.40473
0.836064,0.377619
0.988793,0.109044
0.718711,1.1e-08
1.0175,0.0316432
0.15557,0.200263
0.0922191,0.571407
1.1e-08,0.0919914
0.687741,0.0646546
0.301791,0.512197
-9.43353,-9.26068
-6.20543,-3.74858
1.25814,1.1e-08
1.1e-08,0.000978241
1.52824,1.1e-08
1.1e-08,0.887811
0.649417,0.0239351
1.29378,1.1e-08
1.89543,0.235175
0.486745,0.482754
0.863,1.1e-08
0.6577,0.00369595
-13.7971,-14.577
1.33647,0.0550961
1.60322,0.155388
0.274692,0.0574003
-20.639,-35.0668
0.143252,0.528263
1.6643,0.416316
1.39963,0.0602652
-2.34942,-0.875871
0.732093,0.0534496
0.809899,1.1e-08
-1.5859,-0.245042
0.966039,1.1e-08
0.910724,0.46364
1.63025,0.0208111
-0.32541,-0.0244717
0.24302,1.1e-08
1.48355,1.1e-08
-14.303,-23.2145
0.419321,0.308028
0,1.1e-08
0.499086,0.039286
0,1.1e-08
0.0906361,1.1e-08
0.0514347,0.359995
1.82391,0.104333
0.221475,0.0463297
0.158487,1.1e-08
0.65929,1.1e-08
0.0791627,0.464808
1.25311,0.210882
0,1.1e-08
1.2392,1.1e-08
0.951993,1.1e-08
1.45126,0.252399
-7.26277,-6.76196
1.82756,0.061071
-14.0244,-25.428
1.64336,0.00977345
0.325482,0.768363
0.102658,0.86942
0.957498,0.513136
1.51867,0.0260885
1.35727,0.482337
-5.28874,-2.94
1.21163,0.238523
-17.9654,-27.6356
1.55214,0.350623
1.1e-08,0.843945
1.46489,1.1e-08
0.921257,1.1e-08
1.1e-08,0.328604
0.964105,0.0550843
0.745645,0.379745
1.33088,0.108897
1.69379,0.625866
0.976415,0.22673
0.760845,0.0189523
0.416876,0.110759
0.929199,0.109501
1.06892,0.325942
1.61627,0.0661138
0.0372703,0.572462
1.1e-08,0.0345968
0.325321,1.1e-08
0.167626,0.267096
1.38882,0.22196
1.80267,1.1e-08
0.927334,0.0534177
-5.70784,-3.33186
0.426039,0.435131
0.877675,0.0391955
0.482523,0.00128863
0.919169,0.295762
-16.2147,-23.1676
-16.9954,-21.7336
-11.4771,-11.3928
1.1e-08,0.477244
1.07734,0.439485
-4.4393,-1.93107
0.398451,0.535034
0.470586,0.0323851
-5.29432,-3.75086
1.50003,-59.3558
-6.05494,-5.14499
-12.8728,-15.4358
0.676987,0.680513
-16.5285,-31.2081
0.125878,1.1e-08
0.657557,0.306769
0.54712,1.1e-08
1.58396,0.805161
1.30794,0.142244
0.589486,0.0276043
1.14478,1.1e-08
1.40948,1.1e-08
0.750337,0.345937
1.64163,1.1e-08
0.505949,0.0667011
-8.09119,-9.25867
0.304661,0.0784252
1.44576,0.0349822
-16.8597,-34.9012
-16.6993,-27.6303
1.68127,0.00496026
1.9181,1.1e-08
0.540771,0.411697
-5.19028,-1.90779
-0.354334,-0.0244988
-1.08784,-0.146999
0.369934,0.346555
0.0129633,0.265471
0.708649,0.261425
0.076209,0.244396
0.485867,0.0479549
0.491512,1.1e-08
1.1e-08,0.407741
1.1664,1.1e-08
0.338756,0.328671
0.515478,0.268633
1.1e-08,0.10354
-3.91512,-1.57924
1.60496,1.1e-08
-15.451,-36.4781
1.13308,0.322162
0.44168,0.0407095
0.0797947,1.1e-08
-6.57596,-5.145
-2.73559,-0.886375
1.17697,0.0576326
-2.90618,-0.874727
0.40259,0.349032
1.96226,0.0173521
0.0181706,0.187737
1.1e-08,0.1058
0.583223,0.0627462
0.537718,0.0933107
0.951819,0.650143
0.585071,0.102331
1.06806,0.294631
1.03413,0.00519285
0.325277,0.068872
1.30289,0.193161
-7.85957,-6.762
1.3977,0.00139536
-20.6041,-26.0781
1.10927,1.1e-08
1.15975,0.121856
0.833638,1.1e-08
0.608194,1.1e-08
0.389386,0.410324
0.464305,0.075021
-2.25161,-0.514473
1.16902,0.201502
1.33892,1.1e-08
0.938177,0.0459079
0.704396,0.177278
1.21796,1.1e-08
-7.04618,-2.22065
0.112512,0.0948418
1.1e-08,0.0364074
0.240854,1.1e-08
0.515126,1.1e-08
0.0337106,0.28582
0.443898,0.16249
-9.21065,-8.59948
0.479306,1.1e-08
1.0198,0.391267
1.02708,1.1e-08
1.28878,0.360591
0.0432211,0.851093
1.25077,0.369171
0.246864,0.152343
1.35471,0.0178365
0.156642,0.336068
1.23463,0.0678008
0.611767,1.1e-08
-8.64695,-7.34999
1.17538,0.0883922
1.96798,0.16023
-16.2579,-30.0226
1.1e-08,0.131764
-14.6718,-19.3247
0.713866,0.534158
1.24799,0.0239222
0.772654,1.1e-08
-1.93912,-0.361592
0.368896,1.1e-08
1.58294,0.0555334
1.95922,0.289023
0.0937158,0.915563
0.0584721,0.30086
0.901981,1.1e-08
0.547886,0.860614
0.519701,0.442158
0.360778,1.1e-08
1.02268,0.220895
1.74111,0.100885
1.69112,0.0772421
2,0
