0.214309,1.1e-08
1.05614,0.456962
-2.02581,-0.488253
0.957952,0.0580498
-2.78095,-1.11118
1.36909,1.1e-08
0.426276,0.553664
1.3639,0.197608
-18.626,-41.4165
0.785303,0.0984747
1.11801,0.114918
0.0407043,1.1e-08
1.31148,0.11911
0.00508906,0.0511229
1.78176,1.1e-08
0.398934,0.413019
0.564483,0.479059
1.4646,0.298273
0.0904928,0.607287
-4.33131,-1.59629
0.617824,0.295128
0,1.1e-08
-18.5429,-26.2325
0.164792,0.752239
0.99682,0.184908
0.456688,0.0206838
0.0019651,0.0657105
1.1e-08,0.0421478
1.73817,0.171359
-3.63028,-2.16474
1.2173,0.804076
1.17675,0.0459721
0.0952862,0.0580163
0.42938,0.153107
-13.6407,-23.9704
1.11563,1.1e-08
1.68026,0.2041
0.218192,1.1e-08
0.45383,0.47553
0.347603,0.116794
1.77169,1.1e-08
-0.670287,-0.0734598
0.848258,0.423396
0.171082,0.211066
1.19487,1.1e-08
1.1e-08,0.00885428
0.3811,1.1e-08
0.00854357,0.401908
0.22953,0.411333
1.03406,1.1e-08
1.91523,0.0610546
1.1e-08,0.357779
1.40491,1.1e-08
0.452823,0.415691
0.490881,0.408895
1.75667,1.1e-08
0.250512,0.112833
0.769061,1.1e-08
0.347213,0.00167835
0,1.1e-08
0.227158,0.0487161
0.128295,0.326727
1.49182,0.0698158
1.1e-08,0.479056
0.564043,1.1e-08
-4.98517,-2.86242
1.95008,0.157049
0.29052,0.370211
0.8309,0.0180304
-5.85202,-2.63698
0.413515,1.1e-08
-10.9139,-10.6577
1.1e-08,0.463454
1.07201,1.1e-08
0.974582,0.15784
1.00846,1.1e-08
1.1e-08,0.172703
-18.7237,-39.1565
0.868797,0.00946942
-6.40776,-4.65388
-3.20606,-1.10676
0.796683,0.133458
1.1e-08,0.195552
0.641115,0.513321
0.928541,0.164586
1.1e-08,0.0782148
0.0632779,0.220367
0.344159,0.157907
-8.38047,-6.762
1.1e-08,0.295108
1.29853,1.1e-08
-11.3736,-12.935
0.779261,0.260036
0.0248254,1.1e-08
1.86227,0.0824761
-3.16733,-1.34817
0.591565,1.1e-08
1.07731,0.072873
0.325938,0.238105
1.21336,1.1e-08
0.117313,0.25269
0.560571,1.1e-08
0.984687,1.1e-08
1.50109,1.1e-08
0.748946,0.118194
0.203434,0.185419
1.55176,1.1e-08
-10.2941,-13.7437
0.94207,0.378546
0.574325,0.155477
1.57671,1.1e-08
1.39552,1.1e-08
1.28487,0.258495
0.0520642,0.998139
0.519771,1.1e-08
0.082718,0.392143
0.135752,0.0227375
0.0798367,0.0376303
0.789398,0.190895
0.438577,0.383575
0,1.1e-08
0.884315,0.189888
-13.8333,-25.3312
1.91228,0.0980018
0.659343,0.0324406
1.95008,0.0271312
0.093938,0.234833
0.295219,0.0607303
-1.81155,-0.479127
1.30741,0.327369
1.95008,0.10232
0,1.1e-08
0.0250415,0.519707
0.296261,0.0311824
0.0520593,0.397515
-15.9055,-24.2118
0.607728,0.33942
1.4124,0.445071
-13.6691,-21.4227
-4.64645,-2.59598
-12.8307,-21.9142
1.0492,0.0295941
0.363664,1.1e-08
1.22342,0.104288
0.701673,0.554075
0.85899,1.1e-08
1.70987,1.1e-08
0.101551,0.328246
1.1e-08,0.00995178
0,1.1e-08
-18.4067,-36.3862
0.0864184,1.1e-08
0.109866,0.156691
1.63702,0.036593
0.231711,0.0439838
1.3269,1.1e-08
0.229088,0.193896
0.605186,0.204718
0.480255,0.131837
0.105558,0.122237
1.49602,0.259688
0.440881,1.1e-08
0.579822,0.28613
1.1e-08,0.0916933
-9.47463,-12.1519
1.1e-08,0.325083
1.13795,0.140876
0.970341,1.1e-08
-11.4825,-15.5741
0.227273,0.351531
-1.43912,-0.245048
0.927968,0.0330698
0.0947548,1.1e-08
-17.0027,-27.2956
0.949777,0.109719
1.1e-08,0.00212696
1.1466,0.179856
1.16528,0.422304
0.139536,0.360632
1.05869,0.0734551
1.36372,1.1e-08
1.1e-08,0.166712
0.713003,1.1e-08
1.48663,1.1e-08
1.11991,0.00732576
0.614824,0.808962
1.63789,0.0409047
0.34024,0.0850865
-2.99227,-1.09362
1.1e-08,0.710853
1.95008,0.200608
0.449527,1.1e-08
1.39117,0.0982403
1.08129,0.103572
0.794953,1.1e-08
1.92124,0.144344
1.38322,0.0550774
-16.9206,-29.1883
1.67131,1.1e-08
0.472727,1.1e-08
0.0259528,0.333335
0.38141,0.0530587
1.0475,1.1e-08
0.391332,0.492975
0.495421,1.1e-08
-0.337879,-0.0244965
0.384343,1.1e-08
-21.0912,-39.5225
0.357546,0.185531
0.0822695,0.0311587
0.857167,1.1e-08
0.0534684,1.1e-08
0.444616,1.1e-08
0,1.1e-08
-20.2315,-41.9099
0,1.1e-08
0,1.1e-08
0.89349,1.1e-08
0.658897,0.0622048
1.95008,0
0.340781,0.150859
-11.1567,-13.7451
0.278096,1.1e-08
1.1e-08,0.0306285
0.280741,0.148877
0.115487,0.362055
1.43501,0.322466
0.941343,0.149373
0.0223553,0.0837984
-5.77046,-3.34266
-17.7874,-20.7607
0.622926,0.092875
1.1e-08,0.102512
0.160211,0.148668
-16.2181,-37.8381
1.90027,1.1e-08
1.2593,0.0907172
1.01485,0.154213
0.0252003,0.107952
0.254469,0.291778
0.11373,1.1e-08
1.83854,1.1e-08
0.375916,0.178952
0.362337,0.103503
1.54492,0.207404
1.77463,0.0938841
0.479982,0.0889276
1.76354,0.230842
0.00292394,1.1e-08
1.84783,1.1e-08
0.101669,0.179024
-11.948,-19.8326
0.812828,0.0577238
-25.1843,-27.7306
-7.53666,-3.05386
-3.74668,-2.09821
1.28384,0.409394
1.1e-08,0.132671
0.414188,0.191823
1.36565,0.244811
1.1e-08,0.00308801
1.26906,0.171529
-7.38264,-5.14499
1.24243,0.175848
1.28596,1.1e-08
1.28488,0.109099
1.1e-08,0.0295241
0.158506,0.114779
0.635008,0.180774
0.532766,0.245961
0.165414,1.1e-08
-15.8536,-28.9286
0.0198607,0.292064
0.365374,0.293225
0.194082,1.1e-08
0.487979,0.161888
1.59555,0.242751
0.277975,1.1e-08
0.571532,0.396969
-22.2427,-25.8766
0.879451,0.118441
-5.45249,-4.19059
-2.55141,-0.706269
1.95008,0
1.05449,0.164048
1.328,1.1e-08
1.03659,1.1e-08
0.842692,0.0336282
-15.9359,-19.8091
1.87432,0.030779
-4.62882,-1.81551
0.370654,0.139524
1.07403,0.0325616
1.56323,1.1e-08
0.506766,0.0847615
0,1.1e-08
1.0983,0.0273741
0.122655,0.187556
0.651445,1.1e-08
1.57132,0.0269405
1.01988,0.117452
-16.8397,-31.355
0.323379,1.00553
0.714684,0.155529
0.778852,0.226818
-5.32949,-3.35654
0.196069,0.364471
-16.023,-25.3262
1.52256,0.43684
-7.85144,-2.93147
0.226742,0.461072
0.147447,0.453197
1.52229,0.050636
-6.89499,-2.95168
1.1e-08,0.220845
0.0646759,0.161135
0.0435309,0.0663237
0.0291456,1.1e-08
0.049918,0.0341456
1.1e-08,0.318853
0,1.1e-08
0.221273,0.0921289
0.151687,0.232111
1.1e-08,0.335099
1.18792,1.1e-08
-20.0979,-41.5671
0.33441,0.647227
-10.9686,-18.248
0.705063,0.211728
1.21701,0.0180297
0.273976,0.264819
1.20983,0.185941
1.72723,0.0405677
-15.9116,-21.8953
0.856738,0.509184
0,1.1e-08
1.01423,1.1e-08
0.390864,0.382575
1.27304,0.0373033
-15.8194,-31.2367
1.61393,1.1e-08
0.708051,0.134731
0.347185,0.410763
0.266275,1.1e-08
0.125958,0.227562
1.1e-08,0.579387
1.49246,0.146358
1.00438,0.245833
0.00251839,0.775447
1.1e-08,0.216116
0.0405785,0.364561
0.0193474,0.248213
1.08411,1.1e-08
-13.0548,-15.4749
1.6802,1.1e-08
0.515979,0.269502
0.559984,0.310527
0.342304,1.1e-08
1.2476,0.127803
1.95008,0.110482
0.456683,0.175323
0.681769,1.1e-08
0.0569411,0.254589
1.21634,1.1e-08
-16.3823,-35.0565
0.832063,0.198515
-21.7909,-41.9153
0.898556,0.27526
1.35964,0.361655
1.1e-08,0.38824
1.71302,0.215095
0.188419,0.486017
1.1e-08,0.166629
0,1.1e-08
0.776487,0.0244324
1.95008,0.142649
-3.80841,-1.12102
0.68268,0.0286142
0.151263,1.1e-08
0.506357,0.100558
-10.2097,-12.1525
0,1.1e-08
0.640426,1.1e-08
-15.2808,-18.1341
1.14748,0.0789869
0.279703,0.507007
-1.57616,-0.367538
0.19698,0.218328
-5.92734,-4.18927
-19.3885,-26.5377
1.66409,0.150901
0.529462,0.0163682
1.07403,0.264115
-2.38948,-0.666346
0.267572,0.104792
0.300893,0.66788
1.69811,0.370205
1.39063,0.00258731
-2.43408,-0.88496
0.344591,0.0534118
0.167365,0.425852
0.058138,1.1e-08
1.67881,1.1e-08
0.404666,0.0478334
0.739172,1.1e-08
1.84216,1.1e-08
1.2173,0.14119
0.881651,0.462131
-7.24132,-3.05066
1.32012,0.152561
1.20793,1.1e-08
1.17732,1.1e-08
1.04823,0.119641
1.95008,0.0294233
1.69296,0.00298829
0.991257,0.01233
0.734978,0.0742921
-13.4325,-22.6745
1.41815,0.0556415
1.21554,1.1e-08
-5.52624,-3.74849
-18.5424,-33.7713
1.81205,0.360528
0.0309931,0.419569
-6.65802,-5.6581
1.1747,0.0785666
1.5983,0.107835
0.540219,1.1e-08
0.103552,0.0769377
1.59263,1.1e-08
0.192829,1.1e-08
1.12877,0.213622
-13.3923,-18.1362
-17.1391,-31.238
1.55542,0.0248064
1.10778,0.125368
1.1e-08,0.385021
0.449758,0.057813
0.684635,0.18832
0.0503707,1.1e-08
1.94876,0.172344
-8.55645,-9.26102
0.778384,0.317229
0.256761,0.363758
1.82162,1.1e-08
0.503637,0.217839
0.121654,1.1e-08
0.993623,1.1e-08
0.71193,0.0543103
0.193701,0.153521
0.703553,0.246735
0.544535,0.183996
0.949894,1.1e-08
-18.1591,-28.6988
1.1e-08,0.255038
1.11567,1.1e-08
1.90871,1.1e-08
0.0762181,0.49211
1.38566,0.0629663
1.36631,0.116182
0.645646,0.365292
1.32055,1.1e-08
1.04167,0.582254
0.900581,0.600582
0.0647239,0.0749676
0.33692,0.0799259
1.95008,0.0686584
0.833059,0.383658
-5.13892,-2.21773
-12.2294,-15.3405
1.40725,0.239084
0.546989,0.0324947
0.627193,0.559415
1.91582,0.0181186
0.419678,0.0121857
0.609926,0.400868
0,1.1e-08
-15.9225,-33.7898
0.119921,0.470671
0.171902,0.0986118
0.894212,0.149583
-14.7522,-29.1401
0.484397,0.584109
0.029169,0.213372
0.270423,1.1e-08
0.16397,1.1e-08
0.379938,0.237856
0.685543,1.1e-08
1.1e-08,0.520364
-4.3602,-2.48687
1.26231,1.1e-08
-4.06623,-2.20653
1.1e-08,0.142053
0.839338,0.150195
1.95008,0
0.237687,0.237838
1.06035,0.299232
0.80399,0.109381
0.0440977,0.481317
1.75242,0.00184479
1.46534,0.0106478
-1.6993,-0.367488
0.841133,0.248269
0.128008,0.832742
0.984484,1.1e-08
1.95008,0.00587954
0.896532,0.0354709
0.651652,0.00637502
0.320177,0.324999
1.24263,1.1e-08
0.960002,1.1e-08
0.200684,0.388455
1.4038,0.124035
-20.1962,-26.4828
1.11153,0.296667
0.137677,0.0112382
0,1.1e-08
1.31709,0.76423
1.30659,0.061155
0.894897,0.229492
1.48133,0.210809
0.275426,0.127442
0.226483,0.511534
0.788286,0.815189
1.1e-08,0.211664
0.615798,0.246365
-12.5664,-18.1944
1.72401,1.1e-08
0.117858,0.56677
0.956007,0.435635
-9.24627,-7.9625
0.262278,1.1e-08
0.43641,0.298679
-16.5568,-23.5117
0.678902,1.1e-08
0.589401,0.258165
-1.91542,-0.564717
0.490604,0.00472531
1.33351,0.276959
0.546105,0.0979407
0.42861,0.0104714
1.1e-08,0.26212
0.629681,1.1e-08
0.505838,0.0302924
0.448538,0.125706
0.856692,1.1e-08
-1.52743,-0.244989
0.653523,0.249269
0.606832,1.1e-08
1.82747,0.173031
0,1.1e-08
1.10238,1.1e-08
1.02134,0.0650738
0.258135,0.178783
1.14395,1.1e-08
-4.89818,-3.37257
1.43647,0.101848
0.538062,1.1e-08
0.807021,0.567878
-22.5101,-40.7836
-12.9587,-20.9638
-16.8866,-24.5449
0.525768,0.808226
-6.5851,-2.15608
0.140883,1.1e-08
-3.43149,-1.10141
0,1.1e-08
-19.97,-33.7595
0.406106,0.325875
1.39227e-05,0.880246
0.764351,1.1e-08
-5.40723,-2.22394
0.0690564,1.1e-08
0.056279,0.033826
0.0033051,0.0191875
0.63733,0.47396
0.521378,0.0417847
0.659345,0.102259
0.427247,0.0865822
0.611922,0.0424307
0.524217,0.476347
0.174071,0.173409
-21.0926,-22.0971
-17.3905,-39.0364
0.229078,0.0119965
0.0346434,0.0781575
-15.6925,-32.4798
0.650191,0.594225
1.1e-08,0.422422
0.183984,0.0750478
0.198078,1.1e-08
-14.2838,-21.6915
0.428362,0.442166
-8.30825,-7.35
0.140414,0.598861
1.44675,0.256512
0.785902,0.0779757
1.61111,0.0727855
0.735211,0.453279
0.291923,1.1e-08
-11.853,-19.1023
1.20434,0.0409605
0.0381114,0.145128
0.19501,0.124981
-5.68504,-2.49273
-12.0903,-13.7443
0.859893,0.0658946
1.1e-08,0.0792288
1.70339,1.1e-08
0.677588,0.146667
0.851638,0.108894
1.01706,0.0360209
1.8025,0.0179864
1.72314,1.1e-08
1.25896,1.1e-08
1.07363,0.136118
0.202054,0.0302165
1.93991,1.1e-08
0,1.1e-08
0.748812,0.169077
0,1.1e-08
1.32244,0.0219514
0.107236,1.1e-08
0.44646,0.699786
0.478405,1.1e-08
-12.7952,-19.1201
0.927204,0.0565142
0.643226,1.1e-08
-7.73586,-6.762
0.228245,1.1e-08
1.74299,0.123813
1.39083,1.1e-08
0.246693,1.1e-08
0.962593,0.309368
-24.8684,-27.5181
0.309742,1.1e-08
1.63056,1.1e-08
1.57008,0.180114
1.69979,0.0409617
1.44693,0.75672
-11.2347,-16.3353
-3.88641,-1.85284
1.1e-08,0.00441185
0.992028,0.0222568
0.422541,1.1e-08
0.931619,1.1e-08
-16.9854,-36.3788
1.95008,1.1e-08
0.000268511,0.439749
0.614741,1.1e-08
-15.1351,-27.4849
0.179525,0.270106
0.863341,0.0210096
-12.8978,-20.1226
0.561617,0.0535812
-10.8879,-14.5805
0.62036,0.442134
0.0038312,0.132915
0.936763,0.100641
1.95008,0.415484
0.271761,1.1e-08
0.420168,0.255548
1.41355,0.0577059
1.42353,0.355386
0.200299,0.249034
1.49809,1.1e-08
-4.12353,-2.06422
0.79208,1.1e-08
0.723462,0.323681
0.524321,0.363734
1.53706,0.00411066
0.376231,0.434307
0.518609,0.0724329
1.1e-08,0.557348
1.95008,0
0.696237,0.00772194
0.13468,0.16044
0.246559,0.323732
-14.7641,-20.864
0.505498,1.1e-08
1.71453,1.1e-08
-16.355,-24.0009
0.502877,0.329761
0.499707,0.687124
1.42492,1.1e-08
1.65095,1.1e-08
0.110377,0.021136
0.136544,0.713633
1.95008,0.117235
0.282633,0.000192582
-4.64169,-3.02453
-0.354492,-0.0244991
0.759146,0.0546382
0,1.1e-08
0.985637,0.051814
1.09031,0.190059
-11.3641,-11.3836
0.300752,0.413543
0.899585,1.1e-08
0.763188,0.41885
0.799459,1.1e-08
0.78405,1.1e-08
1.08306,1.1e-08
1.1e-08,0.237098
0.0545863,0.00511098
1.32585,1.1e-08
-9.26402,-9.261
-14.8355,-20.4478
1.1e-08,0.124241
0.0894477,1.1e-08
1.01439,0.743797
0.309425,1.1e-08
0.0895562,0.151625
0,1.1e-08
0.911439,0.0567455
1.1e-08,0.0715713
1.1e-08,0.818088
0.413317,1.1e-08
1.14731,0.105484
0.311124,0.0156433
1.76288,0.0459946
1.82363,1.1e-08
0.270066,0.0419802
-2.2238,-0.694859
0.684336,1.1e-08
-9.1249,-9.947
-4.03085,-1.55402
1.06755,0.0362547
1.13424,1.1e-08
0.229502,0.266532
0.140039,0.0572869
0.601004,0.0463291
1.60424,0.0244287
1.36388,0.495917
0.996698,0.445715
1.1e-08,0.023847
0,1.1e-08
1.72524,0.0691635
1.95008,0.015993
1.89909,0.104917
1.50463,0.0080271
0.720741,0.489994
1.19569,0.262891
0.742721,0.378287
0.422034,1.1e-08
0.155961,0.257783
0.297871,0.292895
-7.41413,-2.75018
0.410486,0.227253
0.630421,0.211268
1.24733,0.227345
0.192485,1.1e-08
-18.7476,-43.3524
-7.30627,-2.63947
-21.4354,-39.3193
1.39727,0.285497
1.13591,0.608494
0.222612,1.1e-08
-17.6258,-26.5626
-13.8233,-20.6402
1.32792,0.407444
0,1.1e-08
-7.64924,-7.34999
0.84132,1.1e-08
0.985109,1.1e-08
0.326027,0.531283
1.03328,0.0112387
1.1e-08,0.0490048
0.490781,0.448638
1.1e-08,0.191901
0.546211,1.1e-08
-4.35559,-1.88675
0.251782,0.017559
-24.6057,-26.9481
0.827078,1.1e-08
0.588752,0.0277164
-1.05627,-0.146979
1.22324e-05,1.26611
0,1.1e-08
0.81649,0.294475
1.35837,0.311883
0.61683,1.1e-08
-3.60423,-1.3838
-12.8868,-16.3229
0.106695,0.0861334
-13.6706,-16.317
0.103113,1.1e-08
0.373818,1.1e-08
0.26751,0.578404
1.06604,0.379682
0.862175,0.165113
0.735758,1.1e-08
1.39706,0.18036
1.5028,0.00914718
0.723064,0.605447
0.354022,0.0229611
-2.62263,-0.879196
0.484688,0.0356346
0.590801,0.178434
0.659247,0.679639
1.58191,1.1e-08
0.877456,1.1e-08
0.131231,0.130913
0.901697,0.380773
-13.8782,-24.0561
-17.0249,-22.0925
0.476634,0.203704
1.4019,1.1e-08
0.684264,0.510541
-16.2112,-30.0468
0.820336,0.45979
0.326947,0.487952
0.925353,1.1e-08
0.062691,0.320866
0.640343,0.114588
-14.3322,-22.8102
0.684531,0.0632143
1.95008,0
0.32071,1.1e-08
0.753884,0.557161
0.477481,1.1e-08
1.17919,0.125957
0.166369,0.330639
-8.64764,-8.59953
-6.85101,-2.55405
-20.4146,-35.0596
1.95008,1.1e-08
0,1.1e-08
1.56584,0.0750097
1.05797,1.1e-08
0.84741,1.1e-08
0.915466,1.1e-08
0.305695,0.257124
1.13435,0.0285311
0.686133,0.271387
0.832935,1.1e-08
0.160148,0.0480785
0.333424,0.380694
0,1.1e-08
0.949544,1.1e-08
0.987442,0.0993812
1.73251,0.332686
1.1e-08,0.264704
0.712398,1.1e-08
-0.99289,-0.147139
1.95008,1.1e-08
1.74122,1.1e-08
-23.5554,-26.4733
0.721646,0.109324
0.198688,0.420905
1.13224,1.1e-08
1.14956,0.0479347
-5.7344,-2.94041
0,1.1e-08
0.260407,0.40741
0.792192,0.355966
1.33021,0.177155
1.95008,0.318426
0.257027,0.216996
0.611301,0.138792
1.1e-08,0.0274343
-24.0403,-26.2468
1.85895,0.0208831
1.10456,0.162769
-11.9598,-21.0029
-12.5648,-17.2215
0.487087,0.0493473
0.330562,0.291797
1.51555,0.112759
0.140214,0.0746771
1.43925,0.00704182
0.0186689,0.464569
1.95008,0.00660597
-0.633012,-0.0736035
1.16285,0.456704
1.70442,0.118166
1.76922,0.382423
-18.9634,-35.0588
-20.9615,-26.4804
0.395004,0.0881791
-12.6694,-14.5785
1.3867,0.396168
0,1.1e-08
1.1e-08,0.0735945
0.974534,1.1e-08
-9.10027,-11.4077
0.667267,0.419434
0.403578,0.138569
0.639532,0.129733
-2.81229,-0.88276
1.35319,0.0490257
0.155087,0.507855
0.509242,0.180868
1.89481,1.1e-08
0.744075,1.1e-08
1.0133,1.1e-08
0.904513,1.1e-08
0.951133,0.0221655
0.293019,0.0683243
0.170506,0.628528
1.1e-08,0.0412328
0.362878,0.323693
1.23288,1.1e-08
0.364951,0.265078
0.802931,1.1e-08
-4.35601,-2.27214
0.00663732,0.0245165
0.313239,1.1e-08
1.8742,1.1e-08
1.43516,0.667289
0.451533,0.0217899
-2.26858,-0.514915
0.585263,1.1e-08
0.477483,0.0894806
0.166799,0.0360316
1.04583,0.349637
-18.7311,-24.6158
0.112462,0.124173
0.543736,0.0955253
0.0868619,1.1e-08
1.17946,0.330238
0,1.1e-08
0,1.1e-08
0.225779,0.0760435
-0.32564,-0.0245365
1.61043,1.1e-08
0.0891531,0.202275
0.199975,0.156447
1.13259,0.320286
-7.84887,-6.19849
-5.70249,-2.22852
0.585545,0.0674603
0.812649,0.23201
-6.30156,-2.57069
0.378929,0.35358
0.301312,1.1e-08
0.253269,0.0712894
0.172317,1.1e-08
-14.2911,-18.2245
0.207205,1.1e-08
-10.0237,-9.26098
1.95008,0.0973794
1.16655,1.1e-08
0.0497668,0.187227
1.30167,1.1e-08
1.01209,1.1e-08
0.596441,0.00938609
0.744494,0.229709
1.23119,0.274623
1.11567,0.250925
0.284941,0.329486
1.29077,0.221238
-17.1665,-40.554
0.517448,1.1e-08
-18.2344,-32.484
1.2606,0.0328175
-10.0566,-14.5784
0.585526,1.1e-08
0.485718,1.1e-08
0.205888,1.1e-08
1.1e-08,0.282406
0.311554,0.116583
-17.6415,-35.0619
0.933918,0.559442
0.0556248,1.1e-08
0.428139,0.353741
0.780178,0.514842
0.686205,0.364828
1.45412,1.1e-08
0.692914,1.1e-08
1.65584,1.1e-08
0.626649,0.631783
0.997884,0.0836529
0.328614,0.0427988
0.723746,0.0364658
-7.13592,-6.76197
0.846761,0.343572
0.492684,0.50728
-15.0306,-29.9635
0.245889,1.1e-08
-18.7754,-42.1077
0.120507,0.652271
1.68562,0.0848222
1.38412,1.1e-08
1.95008,0.128526
-14.8234,-24.358
0.654134,1.1e-08
1.1e-08,0.0133213
0.419552,0.0566369
0.753579,0.28266
0.383279,0.592596
0.0271341,1.1e-08
1.46916,0.0969726
0.840799,0.0944435
-18.82,-25.6423
1.95008,0.242547
0.700229,1.1e-08
0,1.1e-08
0,1.1e-08
1.43423,0.20057
-17.3126,-42.3635
0.563807,0.767902
1.05579,1.1e-08
0.946431,0.208174
0.864693,0.226268
0.711237,0.351921
0.265548,0.839084
0.453101,0.231852
0.395151,1.1e-08
1.23067,0.0667169
0.0938498,0.00623324
0.358513,0.467529
-7.12109,-1.13604
1.48584,1.1e-08
0.144934,1.1e-08
0.396828,0.164423
1.48779,1.1e-08
1.24395,0.416675
1.1e-08,0.0826866
-9.80362,-12.9341
1.55256,1.1e-08
0,1.1e-08
-9.83771,-11.3474
1.95008,0.110961
1.1e-08,0.499763
1.51196,0.190513
-7.94993,-8.59956
0.126561,0.101759
-11.8059,-12.1519
1.67934,0.0372029
1.53833,0.260585
0,1.1e-08
0.568301,0.0665449
1.53171,1.1e-08
1.11736,1.1e-08
-5.34753,-2.97101
0.19205,0.0734219
-14.3863,-26.9746
0.230368,0.752526
-14.8013,-19.1108
-22.1029,-26.4542
1.1e-08,0.403425
-1.26071,-0.245128
-4.88086,-2.26057
-0.740931,-0.0734935
-7.23186,-5.65754
1.1e-08,0.632573
0.0119439,0.609931
1.92576,1.1e-08
1.5843,0.368218
0.945968,0.0100615
0.586881,0.534832
0.0701478,0.440998
1.57496,0.0652958
1.7336,0.463405
1.04986,0.105223
-6.30026,-5.14501
-19.628,-32.4874
1.82414,1.1e-08
1.87217,1.1e-08
0.483964,1.1e-08
-2.14362,-0.519685
0.874413,0.313025
0.522227,0.0637629
1.37343,1.1e-08
0.0998055,1.1e-08
-19.3989,-38.4643
0.689132,0.633782
1.95008,0.00807244
1.60162,0.177135
1.95008,0.0487967
1.35415,1.1e-08
0.0934428,0.27348
1.83005,0.0242319
0.650078,1.1e-08
0.981754,0.199328
0.384789,0.0107346
0.456622,1.1e-08
-11.5768,-17.2251
0.348798,0.239132
-10.7241,-15.3516
0,1.1e-08
1.1717,1.1e-08
0.328897,0.207236
-10.5842,-11.4271
0.644895,0.316194
-12.0902,-16.2984
0,1.1e-08
0.0183447,0.17258
0.377219,0.208699
-21.0096,-27.4005
0.408722,0.844907
0.0160969,1.1e-08
1.95008,1.1e-08
1.1e-08,0.0147209
-13.9964,-15.4251
1.88659,0.0537532
0.627864,0.0258161
1.1e-08,0.235249
-18.5641,-31.2374
1.95008,0
-16.9226,-27.4278
0.481716,0.368748
-4.88489,-2.56823
-7.10007,-2.62178
-17.8902,-25.2332
0.881355,0.659278
-15.6753,-22.6187
0.115594,0.426602
1.6239,1.1e-08
0.692079,0.117807
0,1.1e-08
0.110289,0.0451956
0.28934,0.225353
0.460892,0.0612565
0.57666,0.216144
1.37558,1.1e-08
-15.9583,-28.2765
0.0405304,1.1e-08
-16.5464,-20.9891
0.504806,0.00262345
1.20671,0.222228
1.95008,1.1e-08
0.0179414,1.1e-08
-10.5677,-12.938
0.296537,0.19173
1.25969,1.1e-08
0.188547,0.547319
-17.5921,-22.9359
0.933712,1.1e-08
0.225405,0.12908
0.316495,0.0529108
0.949687,1.1e-08
0.817969,1.1e-08
1.66091,1.1e-08
1.87577,0.0398234
-24.0812,-28.158
0.821954,0.106713
1.1e-08,0.539363
1.95008,0.0342886
1.58273,1.1e-08
0.0615995,0.641895
0.809217,0.0572529
0.969529,0.064156
0.189324,0.0331162
0.813363,0.156836
0.0844647,0.682826
1.1e-08,0.0989575
0.579907,1.1e-08
1.54154,0.149504
0.362533,0.0431642
0.000880444,0.367009
1.1e-08,0.382461
0,1.1e-08
1.1e-08,0.0985629
-15.0598,-25.8587
0.337356,1.1e-08
0.191931,0.316653
0.0301328,0.0295319
0.772132,1.1e-08
0,1.1e-08
0.596064,0.0959777
0.389279,0.00356718
0.538388,0.150622
1.22961,0.0246182
1.95008,0
1.78888,0.0403887
1.94642,0.0474524
-11.7631,-14.5741
0.559137,0.0355124
0,1.1e-08
-19.9496,-36.3814
1.44731,0.0477225
1.1e-08,0.303058
0.764572,0.0116527
0.605126,0.730026
0.327132,0.117551
0.428402,0.508951
0.0807524,0.535294
1.07603,0.537974
0.120324,1.1e-08
-1.34882,-0.244879
-17.2603,-24.7546
0,1.1e-08
-3.9115,-1.72565
1.95008,0.0699324
0.0833461,1.1e-08
0.0805447,0.356567
0.630817,0.0511063
0.553489,0.3542
-0.34834,-0.0244985
0.901295,1.1e-08
0.301121,0.10087
0.922237,0.240966
0.82868,0.0772405
0.461687,0.135839
0.458032,1.1e-08
1.24592,0.33883
0.0328806,1.1e-08
0.649355,0.276629
1.1e-08,0.440141
0.131031,0.283807
0.337511,1.1e-08
0.366565,0.551796
0.246208,1.1e-08
0.532787,1.1e-08
1.95008,0
1.61295,1.1e-08
1.1e-08,0.173404
1.15681,1.1e-08
1.95008,0.158473
1.14039,1.1e-08
0.807592,1.1e-08
-7.42017,-2.56061
0.517798,0.12947
1.95008,0
0.0841271,1.1e-08
0.579637,1.1e-08
-14.7709,-22.1807
-20.0773,-39.1148
1.95008,0
0.278271,0.0878622
1.4468,1.1e-08
-9.38871,-10.6593
1.03247,0.0227323
1.85579,1.1e-08
1.1e-08,0.654613
-14.8565,-23.6474
-10.9749,-12.1519
0.126713,0.533401
1.34407,1.1e-08
1.1898,0.380994
0.66401,0.221849
1.80119,1.1e-08
0.895258,0.0817314
0.385629,1.1e-08
0.71688,0.28494
-4.89859,-1.97403
1.6237,1.1e-08
0.0735834,1.1e-08
0.979765,0.359514
0.655782,0.166481
-14.4043,-19.3276
-19.9715,-37.6913
0,1.1e-08
0.135445,1.1e-08
-13.7542,-19.1053
0.157071,0.120894
0.561994,0.241571
1.73906,1.1e-08
0.85379,0.283458
0.103001,0.49218
1.56362,0.119519
-6.82727,-5.145
0.462245,0.330162
1.29767,0.0300645
1.63343,0.295523
1.07268,0.218054
1.33211,0.224034
0.0601016,1.1e-08
0.0561332,0.011429
-18.7154,-37.8321
0.435584,0.0927251
1.11735,0.0857498
0.833864,0.594557
-11.7797,-17.9578
1.1e-08,0.0268783
0.212873,0.298251
0.0968283,1.1e-08
0.154951,0.299065
1.1e-08,0.0185036
1.10191,0.0563466
0.303146,0.571576
0.153181,0.183236
0.736683,0.198199
0.0204953,0.0407285
1.79475,0.142422
0.131872,0.394681
1.20763,0.097542
0.582196,0.351789
0.942159,0.275354
1.15838,0.0305004
0.758955,0.0891127
1.03894,0.235926
0.285061,1.1e-08
0.236543,0.553873
1.1e-08,0.245742
0.767572,0.0791291
0.26665,0.462782
-10.1326,-10.6572
-6.93726,-4.65509
1.33349,0.0835473
1.1e-08,0.0268275
1.6366,0.0944141
1.1e-08,0.740567
0.872529,1.1e-08
1.48519,0.10703
1.95008,0
0.552048,0.554432
0.811905,0.023262
0.731951,1.1e-08
-14.61,-16.3165
1.25026,1.1e-08
1.62924,0.144037
0.236658,1.1e-08
-21.419,-37.7376
0.226969,0.624989
1.80477,0.210405
1.54684,0.108967
-2.92857,-1.33965
0.731201,1.1e-08
0.767776,1.1e-08
-2.40016,-0.514558
1.25202,1.1e-08
1.0431,0.403349
1.53008,1.1e-08
-0.932521,-0.14679
0.346332,1.1e-08
1.66399,0.0732016
-14.9681,-25.3968
0.402651,0.284288
0.0600854,0.116875
0.149324,1.1e-08
0.219622,0.120002
0,1.1e-08
0.100264,0.40063
1.93592,1.1e-08
0.0507678,0.111134
0.166375,1.1e-08
0.72395,0.0718635
0.181554,0.582506
1.17864,0.164703
-0.708847,-0.0735306
1.45754,0.0676814
0.814245,1.1e-08
1.60322,0.0521205
-7.89357,-7.96245
1.95008,0.00863499
-14.6472,-27.7096
1.82728,0.102341
0.220627,0.690389
0.174432,0.677272
1.08687,0.611856
1.65155,1.1e-08
1.5949,0.32164
-5.99496,-3.7485
1.45453,0.165563
-18.7308,-30.0121
1.1926,0.0368805
1.1e-08,0.680114
1.44731,1.1e-08
0.898334,1.1e-08
1.1e-08,0.161281
0.916408,0.110907
0.920038,0.327519
1.39743,1.1e-08
1.88438,0.489037
0.970622,0.2413
1.03421,0.193737
0.542404,0.00113643
1.17785,1.1e-08
1.01551,0.285562
1.87121,0.145972
0.0619439,0.587607
0.0839814,0.039795
0.514108,1.1e-08
0.302759,0.448184
1.43675,0.137934
1.95008,0.00320761
0.882839,1.1e-08
-6.42373,-4.18934
0.479895,0.291667
1.08309,1.1e-08
0.250679,0.138953
1.01069,0.326606
-16.9689,-25.3475
-17.8053,-23.8493
-12.2441,-12.9363
1.1e-08,0.596038
1.10946,0.449907
-5.17874,-2.59628
0.4992,0.5477
0.566095,1.1e-08
-5.91583,-4.65765
1.50002,-62.8726
-6.65897,-6.19849
-13.6094,-17.2243
0.727316,0.721902
-17.1892,-33.7304
0.247885,1.1e-08
0.524003,0.40348
0.553246,1.1e-08
1.83812,0.784838
1.36159,1.1e-08
0.769425,0.146182
1.1587,0.00809329
1.19147,0.00202539
0.905877,0.429373
1.40959,1.1e-08
0.515358,1.1e-08
-8.68884,-10.655
0.378415,0.091139
1.52833,0.0583932
-17.4955,-37.5655
-17.4099,-30.0065
1.84149,0.0208802
1.95008,0
0.560638,0.439112
-6.05958,-2.56863
-1.11513,-0.146995
-1.82402,-0.367498
0.536526,0.212452
0.0850375,0.0958179
0.787975,0.0354805
0.0565336,0.287265
0.820325,1.1e-08
0.69,0.074401
1.1e-08,0.35438
1.28679,1.1e-08
0.166315,0.361675
0.526981,0.299111
0.0940427,1.1e-08
-4.62618,-2.18397
1.87449,1.1e-08
-16.022,-39.2012
1.37268,0.157024
0.50957,1.1e-08
0,1.1e-08
-7.23322,-6.1985
-3.4222,-1.35317
1.34386,0.033899
-3.62055,-1.3156
0.487217,0.246167
1.95008,0
0.108286,0.300163
1.1e-08,0.0250584
0.440367,0.206173
0.502601,1.1e-08
1.13716,0.759316
0.404601,0.125008
1.26755,0.300967
1.1194,0.0532838
0.572454,0.123156
0.924146,0.189576
-8.54267,-7.9625
1.65419,0.0225769
-21.5225,-28.3894
1.04798,1.1e-08
1.1918,0.0772566
0.862572,0.0566972
0.743584,0.0246676
0.335036,0.352142
0.34038,0.181621
-3.00934,-0.88196
1.31344,1.1e-08
1.27242,0.0835756
0.448076,1.1e-08
0.903092,1.1e-08
1.35104,1.1e-08
-8.13416,-2.92968
0.166937,1.1e-08
0,1.1e-08
0.332379,1.1e-08
0.578566,1.1e-08
0.139191,0.202637
0.45668,0.264248
-9.91969,-9.94698
0.620174,1.1e-08
1.16915,0.22164
0.887464,0.0463889
1.66593,0.257176
0.0615478,0.732915
1.47417,0.453067
0.269468,0.0335539
1.47198,0.0280961
0.310509,0.157549
1.4265,1.1e-08
0.654352,0.069789
-9.3686,-8.59948
1.29478,0.184147
1.95008,0.1017
-16.9211,-32.4975
0.0824852,0.128734
-15.425,-21.3205
0.790751,0.444482
1.33971,0.101943
0.625235,1.1e-08
-2.72202,-0.677111
0.590971,0.0939748
1.89129,1.1e-08
1.95008,0.198083
0.0773641,0.783105
0.0411399,0.558688
0.879903,0.0998639
0.695515,0.756877
0.703386,0.426933
0.469302,1.1e-08
1.1549,0.267867
1.95008,0.0553295
1.84265,0.230906
1.90067,0
