0.328553,0.322944
1.10488,1.1e-08
-3.70413,-1.56211
0.612382,0.282919
-4.31713,-2.5864
1.71768,1.1e-08
0.472533,0.210528
1.26971,0.343836
-20.2593,-48.8482
0.295431,1.1e-08
1.62317,0.277824
0.126312,0.21935
1.71768,0.0837106
0.386089,1.1e-08
1.63781,0.0316677
0.788926,1.1e-08
0.951624,0.400785
1.71768,1.1e-08
0.0857751,0.515521
-6.30577,-3.30081
0.804414,0.387499
0.173847,0.341979
-20.5595,-32.2066
0.0589413,0.942277
0.869615,1.1e-08
0.844386,0.255779
0,1.1e-08
0.0370899,0.026986
1.70374,0.193104
-5.28029,-4.12885
1.60852,1.1e-08
0.662859,0.174039
1.1e-08,0.0796336
0.0478751,0.100335
-15.2258,-29.6985
1.40962,0.272931
1.71768,0.0288713
0.602324,0.1084
0.829586,0.104725
0.634179,1.1e-08
1.58862,0.000928496
-2.3226,-0.685673
1.30584,0.0642819
1.1e-08,0.00455536
1.71589,0.122592
1.1e-08,0.41393
0.866926,1.1e-08
0.19558,0.14483
0.704952,0.585096
0.712241,0.0749121
1.62652,0.412485
3.96792e-05,0.863868
1.29933,0.167899
0.190407,1.1e-08
0.580855,0.586946
1.42956,0.0243697
1.1e-08,0.0207087
1.07379,0.232124
0.71009,1.1e-08
-1.5391,-0.366924
0.198654,0.058903
1.1e-08,0.0282436
1.619,1.1e-08
0.00607238,1.1e-08
1.17661,1.1e-08
-6.64479,-5.04052
1.70962,1.1e-08
0.349057,0.406197
0.253445,1.1e-08
-7.95626,-4.747
0.586431,1.1e-08
-12.8006,-14.5777
1.1e-08,0.331299
1.10831,1.1e-08
1.25453,0.210567
0.260994,0.0714373
0,1.1e-08
-20.3954,-46.389
1.54813,0.211082
-8.09305,-7.34857
-4.98788,-2.57947
1.39125,0.0705789
1.1e-08,0.00522838
1.08698,0.146603
1.64455,0.221729
0.0685127,0.0431259
0.167688,0.308521
1.1e-08,0.751449
-10.2051,-9.947
0.0662351,0.385478
1.41763,0.0661727
-13.1512,-17.2223
0.966886,0.332028
0.401429,0.0658203
1.42199,1.1e-08
-4.74548,-2.94112
1.1e-08,0.288045
1.48118,0.0845077
0.343944,0.282077
1.36745,1.1e-08
0.30663,1.1e-08
0.160728,0.161374
1.71768,0.303741
1.71768,0.0497731
1.0247,0.0421916
0.087579,1.1e-08
1.71768,1.1e-08
-11.852,-18.1536
1.55585,1.1e-08
1.14516,1.1e-08
1.71768,1.1e-08
1.6681,1.1e-08
1.6266,1.1e-08
1.1e-08,0.631271
1.1e-08,0.00202556
0.150972,1.1e-08
0.13164,0.305632
1.1e-08,0.222816
0.843522,0.508434
0.778364,0.126311
0.534173,1.1e-08
1.26904,1.1e-08
-15.3688,-31.2083
1.71768,0.499889
0.918564,1.1e-08
1.65081,1.1e-08
0.0480315,1.1e-08
0.37825,1.1e-08
-3.29885,-1.54583
1.71768,1.1e-08
1.5658,0.324413
0.522055,1.1e-08
0.195203,0.0893423
0.369006,0.250399
0.305684,0.105392
-17.713,-29.9642
0.92473,0.210661
1.71768,1.1e-08
-15.3322,-26.8479
-6.30262,-4.68824
-14.3598,-27.4089
1.71768,0.135701
0.139485,0.0682828
1.58012,0.200677
0.592199,0.841825
0.843138,0.0630399
1.65363,1.1e-08
0.489832,1.1e-08
0.0936531,0.48544
0,1.1e-08
-20.1107,-43.369
0.199485,1.1e-08
0.133212,0.24488
1.51917,0.111904
0.412599,0.0947726
1.49427,0.0479125
0.295043,1.1e-08
0.741493,0.522778
0.56781,0.0522541
0.387054,0.163222
1.71768,0.173767
0.154248,1.1e-08
0.967067,0.214224
0.105796,1.1e-08
-11.0003,-16.3168
0.168328,0.027987
1.71768,1.1e-08
1.03681,0.0607773
-13.1209,-20.2497
0,1.1e-08
-3.2391,-1.10263
1.41849,1.1e-08
0.303159,0.0798906
-18.8127,-33.3839
0.965439,1.1e-08
0,1.1e-08
1.15148,1.1e-08
1.32466,1.1e-08
0.494733,0.527257
0.776753,0.345636
1.71768,0.0591556
0.226192,1.1e-08
1.19034,0.0553379
1.64467,1.1e-08
1.11134,0.131897
1.00042,0.526477
1.61209,1.1e-08
0.340858,0.213712
-4.65092,-2.55804
1.1e-08,0.542384
1.71768,1.1e-08
1.28829,0.310346
1.71768,1.1e-08
1.44977,0.0719905
1.23488,0.128424
1.71768,0.178241
1.71768,0.17258
-18.6831,-35.4756
1.20263,1.1e-08
0.412279,0.236717
0.46487,1.1e-08
1.0677,0.135449
0.74485,0.18066
0.146524,0.445428
1.04601,0.203322
-1.97663,-0.513861
0.664608,0.129769
-22.9418,-46.7854
0.744375,0.250392
0.483978,0.0168346
0.938912,1.1e-08
0.123326,0.119686
0.789293,0.214911
0.290258,0.0749978
-21.9761,-49.3815
-0.647967,-0.0735017
0.0491413,0.00622454
1.54221,1.1e-08
0.801363,1.1e-08
1.43499,0.321746
0,1.1e-08
-12.8465,-18.1552
0.59939,0.441897
0,1.1e-08
0.248959,0.12246
0.45523,1.1e-08
1.70411,1.1e-08
1.0903,1.1e-08
0.127733,0.148175
-7.57953,-5.67399
-19.7235,-26.1542
1.13598,0.0520968
0.0353498,1.1e-08
1.1e-08,0.0966178
-17.6903,-44.9531
1.43269,0.056869
0.532935,0.163094
0.886849,0.278814
0.244022,0.0836438
0.0338944,0.430997
0.373239,0.00599592
1.71768,0.0861041
0.653092,1.1e-08
0.507371,1.1e-08
1.71768,0.0348857
1.71768,0.0667125
0.603493,0.312636
1.69612,1.1e-08
0.0116604,0.0795402
1.59538,0.0207788
0.0485145,0.250518
-13.4383,-25.0672
1.05982,0.0639165
-27.8686,-33.8667
-10.0696,-5.29963
-5.30435,-4.01635
1.71768,0.232952
1.1e-08,0.185317
0.427063,0.121661
1.60952,0.0218576
1.1e-08,0.170222
0.554854,0.466268
-9.23177,-7.96248
1.71768,0.363991
1.37553,0.134257
1.53762,1.1e-08
0.00420456,0.0413589
0.0152653,0.188524
0.963894,0.11988
0.997762,0.616495
0.0746667,0.230628
-17.5049,-35.1889
0.221761,0.174218
1.1e-08,0.101458
1.1e-08,0.00319736
0.128131,0.0122912
1.71768,0.248783
0.832254,0.0398178
0.891708,0.360436
-24.6185,-31.8183
1.06079,0.26972
-6.96234,-6.7634
-4.37403,-1.94811
1.71768,1.1e-08
1.532,0.271041
1.71768,0.256093
1.38446,0.0602568
1.32493,0.201994
-17.9308,-25.0406
1.41255,0.384827
-6.55936,-3.60933
0.435287,0.259484
1.25202,1.1e-08
1.71768,0.00381958
0.738461,1.1e-08
0,1.1e-08
1.44206,0.113071
0,1.1e-08
0.746741,0.326347
1.71768,1.1e-08
1.54587,0.151968
-18.6749,-37.9233
0.574756,0.617405
1.10972,1.1e-08
0.68411,1.1e-08
-6.99456,-5.6928
4.66639e-05,0.4916
-17.8035,-31.2027
1.71768,1.1e-08
-10.4843,-5.13339
0.41734,0.565402
0.0986099,1.1e-08
1.69816,0.0379512
-9.22025,-5.16082
0.0748683,0.128336
0,1.1e-08
0.243024,1.1e-08
1.1e-08,0.131287
0,1.1e-08
1.1e-08,0.442736
0.807967,1.1e-08
0.488809,0.00403288
0.557557,0.0177539
0.167952,1.1e-08
1.53397,0.0207414
-21.8596,-49.007
0.546775,0.614235
-12.4067,-23.2833
0.83521,0.191008
1.30731,0.101675
0.0953987,0.309874
1.58574,0.0820126
1.71768,0.00227209
-17.8062,-27.3798
1.43944,0.71475
-1.65672,-0.367747
1.51279,0.0544794
0.311075,0.185234
1.65193,0.0350513
-17.3999,-37.7292
1.55772,0.177242
0.629783,0.404165
0.632081,0.208368
0.687262,1.1e-08
0.201418,1.1e-08
1.1e-08,0.0170318
1.45214,0.18501
1.37736,0.210837
1.1e-08,0.458636
0.161481,1.1e-08
0.0997562,0.741706
0.221138,0.0947174
1.54075,0.240839
-14.9208,-20.1359
1.71768,0.0471733
1.00475,1.1e-08
0.437446,0.486504
1.1e-08,0.252926
1.54108,0.0807044
1.71768,0.515007
0.772229,0.0863482
0.718484,1.1e-08
0.0649211,0.560754
1.08547,0.0067482
-17.9261,-41.9162
0.716525,0.135016
-23.6719,-49.3874
1.16555,0.34698
1.71768,0.170305
0.0650808,0.444849
1.71768,1.1e-08
0.266534,0.390345
0.164303,0.13589
1.1e-08,0.0730214
0.44608,1.1e-08
1.71768,0.486539
-5.5395,-2.61057
1.24358,0.0466347
0.346323,1.1e-08
0.422019,0.17966
-11.8551,-16.3176
0.695189,1.1e-08
0.170177,0.0640785
-17.2982,-23.1538
0.989609,0.45516
0.0252081,0.127476
-3.13871,-1.34758
0.315128,0.24279
-7.5732,-6.7617
-21.4977,-32.5463
1.71768,0.314151
1.1e-08,0.0609303
1.47721,0.305303
-4.09286,-1.87519
0.281692,0.154484
0.48592,0.262204
1.71768,1.1e-08
1.02567,0.345292
-3.94437,-2.2345
0.402691,0.0326054
0.740707,0.0979645
0,1.1e-08
1.71768,1.1e-08
0.380807,1.1e-08
1.12276,1.1e-08
1.71768,0.10207
1.65862,0.389448
1.31031,0.266195
-9.68174,-5.29522
1.33018,0.0450776
1.20849,0.0147639
0.586173,0.142589
1.08107,0.0399509
1.71768,0.246402
1.65505,0.0576065
1.46844,0.0231252
1.16277,0.208934
-15.0305,-28.2541
1.66825,0.137296
1.53675,0.304384
-7.14929,-6.19849
-20.3258,-40.5098
1.71768,0.050249
0.280236,0.361429
-8.24114,-8.59777
0.900902,1.1e-08
1.66959,1.1e-08
0.490764,0.129472
0.0990486,0.261958
1.69392,0.00544966
0.626026,1.1e-08
1.27418,1.1e-08
-15.1548,-23.1562
-18.8527,-37.7306
1.68256,0.0841861
0.549473,1.1e-08
0.071181,0.632328
0.112949,1.1e-08
0.66179,0.0158371
0,1.1e-08
1.71768,0.0487316
-10.1379,-12.936
1.22028,0.396164
0.411896,1.1e-08
1.5953,1.1e-08
0.431572,1.1e-08
0.262495,1.1e-08
1.43161,1.1e-08
0.680938,0.0523536
0.03742,0.511267
1.11575,0.077497
0.903239,0.158188
0.13804,1.1e-08
-20.0525,-34.9343
0.254033,0.0146765
1.26682,0.118649
1.41845,0.132549
0.278127,0.0963492
1.14226,0.0431485
1.6803,0.114455
0.805761,0.286392
1.71768,1.1e-08
1.607,0.321408
1.51681,0.489741
0.439004,1.1e-08
0.102274,0.0479493
1.38043,1.1e-08
0.764157,0.0334258
-7.11742,-4.17263
-13.9755,-19.9814
0.309203,1.1e-08
1.01254,0.158664
0.370837,0.320389
1.59594,1.1e-08
0.825399,1.1e-08
0.524366,0.245844
-0.32555,-0.0244994
-17.4512,-40.5301
0.503567,1.1e-08
0.35915,0.059958
1.34871,1.1e-08
-16.288,-35.4252
0.354291,0.461986
0.204905,0.430387
0.176543,1.1e-08
0.725993,0.0869854
0.628581,0.0350764
0.859975,0.156108
0.173683,0.129043
-5.91214,-4.53823
0.966419,0.025523
-5.62348,-4.15706
0.210288,0.0184178
1.32008,1.1e-08
1.5877,0.0603604
0.444146,0.078009
1.60365,0.616911
1.15473,0.533194
0.148363,0.57613
1.21461,0.0808258
1.71768,0.471995
-3.39579,-1.34747
1.03761,1.1e-08
0.248874,0.498302
1.19181,1.1e-08
1.71768,1.1e-08
1.20779,1.1e-08
0.974482,0.0309071
0.668878,1.1e-08
1.51612,0.00443728
1.21781,1.1e-08
0.532399,0.154517
1.48322,1.1e-08
-22.3936,-32.4851
1.66912,0.282628
1.1e-08,0.509407
0.0988528,1.1e-08
1.71768,0.432609
1.62213,0.134899
1.1e-08,0.414704
1.70854,0.26656
0.60804,1.1e-08
0.474768,0.412967
0.96876,0.760277
0.268133,0.323653
1.10195,0.233232
-14.2183,-23.2224
1.71768,1.1e-08
0.176454,0.609976
1.40149,0.244399
-11.098,-11.3925
0.766703,1.1e-08
0.530653,0.510953
-18.4826,-29.1852
0.432606,0.447671
0.872885,0.321288
-3.49652,-1.72035
1.43296,0.224459
1.71768,0.289395
0.657184,0.0766822
1.05905,0.534164
1.1e-08,0.37624
0.368052,0.101452
0.749592,1.1e-08
0.0183172,1.1e-08
1.25208,1.1e-08
-3.46556,-1.10247
0.305776,0.344904
1.13958,1.1e-08
1.645,0.464532
0,1.1e-08
1.27924,1.1e-08
1.71768,0.0106814
0.294195,0.0382616
1.63308,0.014069
-6.42366,-5.71456
0.944036,1.1e-08
0.524429,0.0422844
1.26102,0.262144
-24.4872,-48.1591
-14.537,-26.3375
-18.8058,-30.3359
0.811146,0.328438
-8.82333,-4.22006
0,1.1e-08
-5.34973,-2.57071
0,1.1e-08
-21.8932,-40.4969
0.504488,0.322283
0.102207,1.1e-08
0.68543,0.0114141
-7.4903,-4.18138
0.425013,0.0499864
0.13005,0.178773
0.254333,0.166554
0.662472,1.1e-08
0.596825,0.0481684
0.590722,1.1e-08
0.992913,0.0998558
0.739648,0.0375021
0.675486,0.267321
0.0159213,0.0790214
-23.3487,-27.6691
-18.9418,-46.2578
0.375964,0.0107595
0.407324,1.1e-08
-17.2289,-39.0941
0.666145,0.293884
0.0560878,0.0763096
0.0477098,0.160888
0.342681,1.1e-08
-15.9838,-27.1513
0.219168,0.142131
-10.041,-10.6575
0.00805948,0.323609
1.71768,0.469385
0.827027,0.142578
1.71768,0.315626
1.15998,0.145593
0.597174,1.1e-08
-13.3705,-24.2463
1.71768,0.291478
0.372015,0.20187
0.256291,1.1e-08
-7.72992,-4.54199
-13.9246,-18.1543
1.51317,1.1e-08
0.121114,1.1e-08
1.61868,0.0654464
0.889884,1.1e-08
1.52604,1.1e-08
1.61141,1.1e-08
1.71768,1.1e-08
1.53547,0.0739481
1.63544,1.1e-08
1.71768,0.162748
0.323076,0.0532003
1.71768,0.185583
-1.27201,-0.2452
1.1e-08,0.524357
-1.35994,-0.245138
1.2379,0.077581
0.0117815,0.25963
0.663364,0.432493
0.477637,0.0725849
-14.4347,-24.2665
0.593669,1.1e-08
0.789185,1.1e-08
-9.41683,-9.947
0.653012,0.152153
1.70099,1.1e-08
0.900742,0.082025
0,1.1e-08
0.504047,0.221442
-27.5211,-33.63
0.237528,0.27171
1.27096,0.0416989
1.71768,0.0992344
1.63891,1.1e-08
1.71768,0.105215
-12.793,-21.1154
-5.65162,-3.67654
0,1.1e-08
1.30324,1.1e-08
0.908768,0.250399
1.47639,0.126217
-18.5569,-43.361
1.39258,1.1e-08
1.1e-08,0.0235347
0.650197,1.1e-08
-16.7763,-33.5991
0,1.1e-08
1.06477,1.1e-08
-14.5089,-25.3943
0.342864,1.1e-08
-12.4877,-19.1134
0.63925,0.353155
0.0589191,0.133389
0.31775,0.144069
1.69553,0.384802
1.1e-08,0.352679
0.899481,1.1e-08
1.2428,0.179074
1.71768,1.1e-08
0.373479,0.103206
1.71768,0.113097
-5.8387,-3.97046
0.210033,0.25423
1.35078,0.24454
0.479968,0.0346228
1.71768,0.340452
0.878202,0.621733
0.46186,0.358225
1.1e-08,0.475805
1.59493,0.177024
0.612265,0.24249
0.0983579,0.418982
0.0752174,1.1e-08
-16.5819,-26.2385
0.936182,0.442938
1.71768,1.1e-08
-18.1347,-29.753
0.61228,0.0144891
0.681612,0.507483
0.929164,0.0355414
1.71768,0.0611672
0.551736,1.1e-08
0.129753,0.6797
1.71768,0.376263
0.451388,0.316142
-6.18427,-5.25903
-2.26119,-0.514522
0.988945,0.0599468
0,1.1e-08
1.39727,0.0125076
1.32576,1.1e-08
-13.2615,-15.4245
0.203044,0.687995
1.62261,1.1e-08
1.2399,0.453951
0.410712,1.1e-08
1.34632,1.1e-08
1.04913,0.095415
1.1e-08,0.221905
1.1e-08,0.155115
1.71768,0.341242
-10.9789,-12.936
-16.6743,-25.7474
0.0476513,1.1e-08
0,1.1e-08
1.39479,1.1e-08
1.1e-08,0.147258
0.0256106,0.0351048
0,1.1e-08
0.857843,0.102814
1.1e-08,0.032593
1.1e-08,0.901225
0.349536,0.162383
1.06647,1.1e-08
0.92543,0.104706
1.71768,0.278099
1.42662,0.089549
0.0416229,1.1e-08
-3.8025,-1.92704
0.122587,0.435346
-10.7531,-13.7445
-5.85886,-3.23855
1.02004,0.255212
1.472,1.1e-08
0.178466,0.213215
0.213507,0.0586251
0.0947961,0.0503807
1.26488,0.0780903
1.16499,1.1e-08
1.48695,0.392141
0,1.1e-08
-0.337829,-0.0244998
1.71768,0.0499619
1.412,0.131002
1.71768,0.0870044
1.71768,0.138234
0.901188,0.0416828
1.20894,0.241142
1.52402,0.364022
1.1e-08,0.159202
0.372493,0.497451
0.585287,0.384864
-9.9007,-4.90393
0.281632,0.215391
0.596383,0.204603
1.11124,0.00888503
0.170823,0.247618
-20.3364,-50.9464
-9.7689,-4.7582
-23.3516,-46.5693
1.6604,1.1e-08
1.45752,0.437889
0.423766,0.28902
-19.5416,-32.5736
-15.5514,-25.9782
1.71768,0.413593
0.00869402,0.0194392
-9.24099,-10.6575
0.837811,0.0916648
1.02445,1.1e-08
0.490278,1.1e-08
1.03652,0.424914
0,1.1e-08
1.1e-08,0.42969
1.1e-08,0.603318
0.316613,0.0352512
-6.16855,-3.71304
0.92715,0.173529
-27.2351,-32.9978
1.12943,0.0996704
0.804772,0.0763645
-2.82602,-0.881915
0.034101,0.21195
0.187813,0.0238229
1.27706,0.0134473
1.68699,0.320734
0.989562,1.1e-08
-5.28502,-3.04072
-14.6763,-21.1013
0.0605785,0.302229
-15.5695,-21.0945
0.394267,0.285098
0.655838,0.208132
0.0254795,1.1e-08
1.23947,1.1e-08
1.14238,1.1e-08
1.04061,1.1e-08
0.557241,1.1e-08
1.45613,0.0273214
1.07447,0.181989
0.671111,0.00943797
-4.25781,-2.22468
0.703032,0.0163583
0.879445,0.120299
0.985815,0.308792
1.71768,1.1e-08
0.980268,0.257392
0.276886,0.0290311
0.651001,1.1e-08
-15.4551,-29.7967
-19.0552,-27.6003
0.921663,0.00809672
1.608,0.207743
1.17348,0.256439
-17.8647,-36.4204
1.07026,0.63516
0.0329044,1.1e-08
1.06375,1.1e-08
0.190375,0.538427
1.16134,1.1e-08
-16.007,-28.4142
0.910979,1.1e-08
1.676,1.1e-08
0.26416,0.118729
0.924603,0.301562
0.864421,0.0592814
0.556518,0.000136532
0.326222,0.433488
-10.3104,-12.152
-9.29768,-4.62945
-22.3429,-41.9196
1.71768,0.316954
0.100338,0.147904
1.70699,0.452333
1.54758,0.0270774
1.34201,0.165895
1.01525,0.0289669
0.803677,0.00396198
1.42808,1.1e-08
0.593972,0.0249243
0.940923,0.0745817
0.44396,0.0397036
0.760537,0.0216794
0.0809158,0.166727
0.930545,1.1e-08
1.44547,1.1e-08
1.71768,0.414301
1.1e-08,0.00265725
1.33157,0.0368005
-2.63047,-0.882532
1.71768,0.146107
1.46405,1.1e-08
-26.1159,-32.4745
1.2369,0.0399522
0.390376,0.353611
1.34985,0.0665408
0.620663,1.1e-08
-7.65241,-5.14551
0,1.1e-08
0.612869,0.174597
0.418952,0.627169
1.71768,0
1.71768,1.1e-08
0.562454,0.219122
0.77494,1.1e-08
0.019829,1.1e-08
-26.6136,-32.2209
1.71768,1.1e-08
1.71768,0.286981
-13.4136,-26.3822
-14.2624,-22.1212
1.18059,1.1e-08
0.421906,0.335667
1.71768,0.000430298
0.0618364,0.0156178
1.71768,0.287437
0.135709,0.524417
1.63966,0.255275
-2.16289,-0.686503
1.12423,0.296753
1.71768,0.0263733
1.71768,0.0056756
-20.7526,-41.9187
-23.2409,-32.4824
0.332244,1.1e-08
-14.5364,-19.1112
1.47863,0.345444
0.353899,1.1e-08
0.00393226,0.301229
1.59611,0.125249
-10.6141,-15.4528
1.0057,1.1e-08
0.8884,0.409136
0.500618,0.102466
-4.57145,-2.23082
1.71768,1.1e-08
0.27976,0.483326
0.639473,0.284802
1.66816,0.153024
1.27631,0.111111
1.71768,1.1e-08
1.5678,0.0799265
0.967056,1.1e-08
0.00227231,0.129965
0.535326,0.101211
1.1e-08,0.248369
0.702979,1.1e-08
0.796751,0.0966155
0.830683,1.1e-08
1.37732,1.1e-08
-6.02788,-4.25014
0.0623095,1.1e-08
0.502719,0.162772
1.66513,0.0807673
1.71768,0.180637
0.310463,0.480164
-4.17136,-1.61777
1.09057,0.0166185
0,1.1e-08
0,1.1e-08
1.29864,0.0688382
-20.8609,-30.4149
0.26064,1.1e-08
0.579577,1.1e-08
0.0738587,0.0279627
1.36268,0.324875
-0.933832,-0.146956
-1.77413,-0.367499
0.25795,0.431783
-1.84109,-0.515222
1.71768,0.179181
0.381953,0.0590442
0.311337,1.1e-08
1.71768,1.1e-08
-9.6368,-9.26099
-7.90213,-4.18807
0.344256,1.1e-08
1.3639,1.1e-08
-8.55435,-4.65244
0.116979,1.1e-08
0.479982,1.1e-08
0.0931477,1.1e-08
0.402457,0.199662
-16.1743,-23.2566
0.381858,0.135205
-11.8836,-12.936
1.71768,1.1e-08
1.71768,0.219437
0.0697646,0.0745015
1.71768,0
1.32414,0.125584
0.351411,0.0298314
1.19202,1.1e-08
1.47764,0.215759
1.24931,0.383166
0.735817,1.1e-08
1.71768,0.205637
-18.6705,-47.9087
0.722796,0.016877
-20.0225,-39.0987
0.994253,1.1e-08
-11.5323,-19.111
1.00008,0.0627577
1.12186,0.0202012
0.782978,0.0180539
0.124649,1.1e-08
0.454066,0.0953593
-19.305,-41.9221
1.54637,0.420768
0.27627,1.1e-08
0.577309,0.336992
1.10447,0.416682
1.05755,0.359566
1.62379,1.1e-08
0.746181,0.145875
1.71768,0.106471
0.841107,0.373684
1.45988,0.25102
0.509934,1.1e-08
1.58992,0.0430827
-8.68518,-9.94696
0.2815,1.1e-08
0.710496,0.265038
-16.5629,-36.3284
0.24406,0.0468985
-20.3942,-49.5993
0.26711,0.0678712
1.6285,0.10835
1.67326,1.1e-08
1.71768,0.679501
-16.5073,-30.1276
1.18327,1.1e-08
0.283349,1.1e-08
0.711218,0.314828
0.613781,1.1e-08
0.544208,0.277767
0.228544,0.00999332
1.68962,0.0875086
0.876413,0.0712603
-20.9089,-31.5601
1.56086,1.1e-08
1.35858,0.014476
-1.00844,-0.146996
-0.680287,-0.0734991
1.71768,0.0209123
-18.8033,-49.8783
0.915077,0.577103
1.14104,0.0977519
1.24411,1.1e-08
1.01125,1.1e-08
0.954089,0.149645
0.422794,0.709815
0.569191,0.537034
0.449786,0.157516
1.36994,1.1e-08
1.1e-08,0.121335
0.132449,0.0223433
-9.54814,-2.81679
1.71768,0.0360461
0,1.1e-08
0,1.1e-08
1.65006,0.158877
1.65365,0.022968
0.0853102,1.1e-08
-11.3322,-17.2213
1.71768,0.111487
-1.18987,-0.244866
-11.4763,-15.3821
1.59321,0.40636
0.160584,0.0616805
1.71768,0.0945134
-9.47655,-12.1521
0.0975849,0.11279
-13.7137,-16.3169
1.54861,1.1e-08
1.71768,1.1e-08
0,1.1e-08
0.566412,0.177617
1.71768,0.342326
1.69109,1.1e-08
-7.13059,-5.18725
0.118376,0.0378069
-15.9493,-33.0309
0.463461,0.611272
-16.7018,-24.2559
-24.5057,-32.4533
1.1e-08,0.666902
-2.81637,-1.10282
-6.75815,-4.23395
-2.6604,-0.685935
-8.95585,-8.59708
1.1e-08,0.335067
0.00274129,0.16756
1.35154,0.11043
1.71768,0.0844127
0.683373,0.354583
1.03982,1.1e-08
0.329929,0.10794
1.65716,1.1e-08
1.71768,0.0808119
1.07755,0.0944469
-7.87247,-7.96251
-21.5551,-39.1024
1.71768,0.121299
1.71768,0.490573
0.447839,1.1e-08
-3.92942,-1.62831
1.12498,0.361832
0.802854,0.0406497
1.71213,0.15465
0.228279,1.1e-08
-21.1012,-45.6302
0.881027,0.128704
1.71768,0.0583816
1.71768,1.1e-08
1.49828,0.0248013
1.71768,1.1e-08
0.347776,0.127554
1.46833,1.1e-08
1.18156,0.043551
1.28607,1.1e-08
0.103083,0.348737
0.802369,0.248028
-13.1392,-22.1254
0.418843,0.110464
-12.2527,-19.9943
0,1.1e-08
1.12752,1.1e-08
0.324559,0.0666606
-12.3487,-15.4756
0.130195,0.0734759
-13.7685,-21.0732
-1.07953,-0.146996
0.364217,0.369972
0.542949,0.411177
-23.252,-33.4997
0.717962,0.0328708
0,1.1e-08
1.3838,0.0958109
0.318987,0.381818
-16.0011,-20.0786
1.71768,0.0614103
0.800579,0.180526
1.1e-08,0.0243163
-20.4223,-37.7299
1.71768,1.1e-08
-18.7621,-33.5356
0.879571,0.18937
-6.62453,-4.64892
-9.50147,-4.74218
-19.8778,-31.0983
1.30726,1.1e-08
-17.4975,-28.1874
0.378553,0.542604
1.43949,1.1e-08
0.341394,0.00852959
0,1.1e-08
0.517166,0.0642822
0.126165,0.270794
0.636677,0.099853
0.615635,0.523519
1.71768,0.0814631
-17.6562,-34.4705
0.0572557,1.1e-08
-18.5701,-26.3658
0.759797,1.1e-08
1.71768,0.210334
1.57249,0.367764
1.1e-08,0.0277508
-12.2173,-17.2258
1.1e-08,0.0216142
1.71768,0.133425
0.213727,0.50218
-19.6408,-28.5421
1.29249,1.1e-08
0.428093,1.1e-08
0.567978,0.0930585
1.56491,0.0117132
1.2826,1.1e-08
1.71768,0.0976389
1.71768,0.235372
-26.6565,-34.3399
0.521654,0.196218
0,1.1e-08
1.71768,0.437842
1.52119,0.10793
0.38553,0.137117
1.32949,0.115615
0.569458,1.1e-08
0.0752724,1.1e-08
1.02761,0.10964
1.1e-08,0.821075
0,1.1e-08
0.70417,0.170758
1.3741,0.117983
0.859072,1.1e-08
0.267299,1.1e-08
1.1e-08,0.280811
1.1e-08,0.113413
0.153816,0.386539
-16.6968,-31.795
0.620379,0.119573
0.632376,0.0626773
0.201475,0.379817
1.57974,1.1e-08
0,1.1e-08
0.995535,0.384844
0.722455,1.1e-08
0.607561,0.0704313
1.20924,0.155947
1.49949,0.180559
1.71768,1.1e-08
1.71768,0.0336509
-13.4937,-19.1061
0.624589,0.139808
0,1.1e-08
-21.7985,-43.3638
1.71768,0.0283702
0.0546456,0.336465
0.426451,0.000397558
0.763604,0.287832
0.691521,0.115786
0.554556,1.1e-08
0.229394,0.306766
1.6536,0.323731
0.230435,1.1e-08
-3.02514,-1.10218
-19.1435,-30.5583
0.326185,1.1e-08
-5.53777,-3.48212
1.31219,0.0130096
0.324956,1.1e-08
0.454002,0.237351
0.365714,1.1e-08
0.653115,0.0441498
-2.1192,-0.514579
1.19306,1.1e-08
0.515969,1.1e-08
1.21634,0.202762
1.02509,0.300798
1.13107,0.482524
0.124535,0.0967816
1.71768,0.141672
0.187099,0.181939
1.11994,0.191355
1.1e-08,0.960595
0.297844,0.0113675
0.52297,0.091977
0.663284,1.1e-08
0.535453,0.0355815
1.1e-08,0.0777255
1.6878,0.0274586
1.38603,0.171315
0.222592,0.12819
1.0437,0.017653
1.71768,0.415351
0.767796,0.0675253
0.86843,0.0172293
-9.93346,-4.66653
1.35227,0.0200502
1.51942,1.1e-08
0.681012,1.1e-08
0.0514422,0.279835
-16.5199,-27.6904
-21.8712,-46.3434
1.71768,0.216065
0.498572,0.373399
1.71768,0.0151987
-11.0057,-14.5796
1.62076,0.159827
1.59306,1.1e-08
0.0806448,1.1e-08
-16.5822,-29.3352
-12.7452,-16.3169
0.137255,1.1e-08
1.53091,1.1e-08
1.70283,0.353099
1.1e-08,0.412783
1.71768,1.1e-08
0.673569,1.1e-08
0.960914,0.000576354
0.785246,0.5039
-6.94957,-3.84049
1.71768,0.193177
0.155366,1.1e-08
1.18473,0.178089
0.0276024,0.366202
-16.205,-24.4975
-21.7878,-44.7927
-1.89282,-0.367505
0.48087,0.115584
-15.5177,-24.2496
1.1e-08,0.207602
0.650535,1.1e-08
1.71768,1.1e-08
1.48629,0.268441
0.211655,0.217299
1.4806,1.1e-08
-8.53348,-7.9625
0.563587,0.0603649
1.6724,0.00532833
1.71768,1.1e-08
1.21025,0.0155324
1.50685,0.149207
0.099544,0.0950164
0.615673,0.483507
-20.4165,-44.9466
0.662958,0.0862953
1.07065,0.0319947
1.2231,1.1e-08
-13.3266,-22.9535
0.154681,1.1e-08
0.399513,0.423485
1.1e-08,0.280289
0.399873,0.028459
0.454844,1.1e-08
0.919357,0.116076
1.1e-08,0.697312
0.422071,0.386955
0.454044,0.165118
1.1e-08,0.0200337
1.71768,0.134784
0.298526,0.289638
1.27306,0.155507
1.55689,1.1e-08
1.07325,1.1e-08
1.70866,0.052078
1.16937,0.293578
0.952553,0.545484
0.67489,0.230774
0.785362,0.155186
1.1e-08,0.57168
0.959437,0.077654
0.349203,0.0704164
-11.8804,-14.5771
-8.76684,-7.35012
1.64176,0.102484
0.0355251,1.1e-08
1.71768,0.185937
0.0855018,1.1e-08
1.51485,0.210479
1.71768,0.382582
1.71768,0.128757
0.743434,0.470663
0.477351,0.165334
0.830345,1.1e-08
-16.6422,-21.0939
1.13308,0.158025
1.51437,1.1e-08
0.226003,1.1e-08
-23.3691,-44.8433
0.500454,0.459247
1.71768,0.162988
1.71768,0.32337
-4.37646,-2.92785
0.843282,0.0202624
0.776267,1.1e-08
-4.43583,-1.6171
1.71768,1.1e-08
1.5781,1.1e-08
1.50079,1.1e-08
-2.44497,-0.881306
0.727893,1.1e-08
1.71768,0.247258
-16.6308,-31.2812
0.486372,0.0628333
0.247006,0.209189
0,1.1e-08
0.696433,0.448762
-1.44287,-0.244951
0.15441,0.19929
1.6289,0.0569263
0.130022,0.367401
0.0786377,1.1e-08
0.934399,0.352704
0.470927,0.547763
1.15685,0.0113029
-2.48988,-0.686195
1.68318,0.23239
0.444157,0.202741
1.71768,1.1e-08
-9.47057,-11.3924
1.71768,0.166185
-16.2041,-33.8423
1.71768,0
0.174951,0.280213
0.382612,1.1e-08
1.3985,0.556085
1.63248,1.1e-08
1.71768,0.00740025
-7.76051,-6.1985
1.71768,1.1e-08
-20.6442,-36.3821
0.214067,1.1e-08
0,1.1e-08
1.35236,1.1e-08
0.88591,0.233181
0.29411,0.120105
0.855695,0.222043
1.38175,0.0488708
1.41882,0.182716
1.71768,0.00264564
0.680367,0.0678426
1.59859,0.27601
1.01741,1.1e-08
1.71768,0.0386225
1.1636,1.1e-08
1.71768,0.41005
1.1e-08,0.387631
0.572289,0.110858
0.977713,0.175464
0.660353,0.685425
1.45434,1.1e-08
1.71768,0.218773
0.864781,1.1e-08
-8.21346,-6.76179
0.824719,1.1e-08
1.71768,1.1e-08
1.1e-08,0.305466
1.28684,0.224294
-18.8544,-31.226
-19.83,-29.5673
-14.1615,-17.2238
0.0101941,0.769856
1.1735,0.0942945
-7.02735,-4.68806
0.698858,0.390402
1.03866,1.1e-08
-7.4696,-7.35336
1.50001,-72.0932
-8.16904,-9.26099
-15.4509,-22.1244
0.8525,0.44142
-18.8409,-40.4649
0.648287,1.1e-08
0.271809,0.260788
0.670328,1.1e-08
1.71768,0.361337
1.47261,0.13746
1.22185,0.31226
1.22588,1.1e-08
0.573592,0.259386
1.35989,0.369829
0.696633,0.201563
0.649433,0.0247321
-10.183,-14.5745
0.754346,0.424554
1.64881,0.0657634
-19.0849,-44.6553
-19.1865,-36.3759
1.71768,0.543527
1.71768,0.0495696
0.742686,0.214446
-8.23284,-4.64946
-3.02336,-0.881986
-3.66446,-1.34749
0.963558,1.1e-08
0.240208,0.0414872
1.08782,0.0761032
0.207247,0.32459
1.71768,1.1e-08
1.23484,1.1e-08
0,1.1e-08
1.48262,1.1e-08
0.106394,0.198258
0.549816,0.135102
0.434172,0.147162
-6.40383,-4.12455
1.71768,0.38132
-17.4494,-46.4377
1.66119,0.0188986
0.882077,1.1e-08
1.1e-08,0.0662821
-8.87637,-9.261
-5.1387,-2.94889
1.56206,0.116524
-5.40672,-2.84549
0.900185,0.0573753
1.55794,0.0438039
0.474648,0.290682
0,1.1e-08
0.168961,0.476352
0.454542,0.0256006
1.59868,0.595663
0,1.1e-08
1.71768,0.101471
1.20644,0.0505863
1.19584,0.120426
0.194613,1.1e-08
-10.2504,-11.3925
1.71768,1.1e-08
-23.8187,-34.5963
0.826626,0.00870482
1.40895,0.0260628
1.04231,0.139425
0.991505,0.114253
0.192474,0.0983282
0.0757994,0.198062
-4.90368,-2.22943
1.63327,0.193324
1.355,0.290037
-0.347183,-0.0244996
1.48273,0.0808038
1.71768,0.224191
-10.8541,-5.13099
0.180099,1.1e-08
0.324684,0.00508237
0.633715,1.1e-08
0.989235,1.1e-08
0.404127,1.1e-08
0.535856,0.307116
-11.6923,-13.7445
0.837485,1.1e-08
1.71768,0.00552306
0.522496,1.1e-08
1.71768,0.0170824
0.151971,0.107213
1.71768,0.269058
0.33679,0.0981565
1.58104,0.0175305
1.17098,0.0579747
1.71768,1.1e-08
0.535985,0.361964
-11.1727,-12.152
1.67523,0.180412
1.58226,0.245838
-18.579,-39.1136
0.300856,1.1e-08
-17.308,-26.7389
0.942053,1.1e-08
1.5768,1.1e-08
0.372149,1.1e-08
-4.67926,-1.89466
1.40422,1.1e-08
1.63435,0.350728
1.50617,1.1e-08
0.234384,0.335966
0.101423,0.882873
0.943818,0.261272
1.01146,0.202682
1.12933,0.246764
0.842658,0.301748
1.45181,0.151505
1.71768,0.250848
1.71768,0.367218
1.67789,0
