0.460525,0.625166
1.14464,1.1e-08
-5.38246,-3.24847
0.379265,1.1e-08
-5.8533,-4.67412
1.5544,0.0495982
0.58705,0.000261225
1.20041,0.178554
-21.8926,-56.8924
1.1e-08,0.078727
1.5544,0.345917
0.0697809,0.384926
1.5544,1.1e-08
0.806224,0.241249
1.21035,0.292901
1.40733,1.1e-08
1.22516,0.0676546
1.5544,0.383109
0.129485,0.0998602
-8.28024,-5.61784
1.01255,0.0891801
0.464948,0.363624
-22.5761,-38.7933
0.0688434,0.566802
0.438627,1.1e-08
1.32218,0.320683
0.0179014,0.073269
1.1e-08,0.260081
1.28166,0.141501
-6.9303,-6.70546
1.5544,0.475725
0.208395,0.0797275
0.151452,0.0604127
0.057023,0.0665317
-16.811,-36.0391
1.53772,0.333222
1.5544,0.231223
0.816404,0.0358911
1.2746,0.0146898
0.816694,0.18452
1.05245,0.0932379
-3.97492,-1.91039
1.5544,1.1e-08
0.0147122,1.1e-08
1.5544,0.152195
0.0907056,0.537219
1.39785,0.339589
0.387231,1.1e-08
1.31126,0.425169
0.32078,0.0667349
1.35292,0.539522
3.07417e-07,0.849487
1.06013,1.1e-08
0,1.1e-08
0.780036,0.39675
0.96176,0.0339888
0,1.1e-08
1.35875,0.338732
0.681146,0.221324
-3.06765,-1.3463
0.111826,0.00994174
0.343101,1.1e-08
1.5544,0.291369
0.00798775,1.1e-08
1.5544,0.10319
-8.30442,-7.83111
1.26223,0.224116
0.476697,1.1e-08
1.1e-08,0.0273971
-10.0605,-7.46952
0.742218,0.00440736
-14.6872,-19.1102
0,1.1e-08
1.34255,0.0179677
1.24468,1.1e-08
1.1e-08,0.237606
0.229142,1.1e-08
-22.067,-54.2339
1.5544,1.1e-08
-9.77835,-10.6558
-6.7697,-4.66467
1.53237,1.1e-08
0.136102,1.1e-08
1.5544,0.0420623
1.5544,0.108283
0.236822,0.199387
0.308909,1.1e-08
1.1e-08,0.797281
-12.0297,-13.7445
0.304368,0.217988
1.50158,0.00550373
-14.9288,-22.1222
1.22002,1.1e-08
0.843245,0.0630573
0.90904,1.1e-08
-6.32362,-5.14656
1.1e-08,0.36818
1.5544,0.0169937
0.502324,0.0102941
1.5075,1.1e-08
0.64063,1.1e-08
0.0887685,0.282057
1.5544,0.648527
1.39875,1.1e-08
1.42474,1.1e-08
0.0404737,0.243661
1.5544,0.0459805
-13.4098,-23.176
1.5544,0.165042
1.5544,0.0295244
1.5544,0.26081
1.18083,0.0103952
1.5544,0.214906
0.00521505,0.0981886
0,1.1e-08
0.242326,0.0827496
0.339028,0.31555
0.00597548,0.343377
1.05483,0.322191
1.14529,0.0575814
1.25424,0.152088
1.5544,1.1e-08
-16.9042,-37.6979
1.4311,0.58802
1.51258,0.0620024
1.14165,1.1e-08
1.1e-08,0.196335
0.582333,0.110182
-4.78615,-3.22502
1.5544,0.073915
1.03662,0.38039
1.01501,1.1e-08
0.329676,0.194386
0.467521,0.567514
0.418988,0.105019
-19.5206,-36.3291
0.936548,1.1e-08
1.5544,1.1e-08
-16.9953,-32.8856
-7.95879,-7.39301
-15.8889,-33.5161
1.5544,1.1e-08
1.1e-08,0.0811997
1.5544,0.420418
0.478871,0.513226
1.14802,0.0707645
1.35029,1.1e-08
1.01419,0.290246
0.194114,0.456122
-1.46158,-0.244999
-21.8147,-50.9644
0.40641,0.245243
0.203382,0.0423331
1.17183,1.1e-08
0.757012,0.197405
1.26231,1.1e-08
0.287811,1.1e-08
0.852417,0.496185
0.686763,1.1e-08
0.582843,1.1e-08
1.5544,1.1e-08
1.1e-08,0.14134
0.962133,1.1e-08
0.341118,1.1e-08
-12.5259,-21.0943
0.564417,0.252804
1.5544,1.1e-08
1.10667,0.0322113
-14.7592,-25.5378
0.0505252,1.1e-08
-5.03908,-2.57272
1.5544,0.0649374
0.434509,0.108843
-20.6226,-40.0847
1.07081,1.1e-08
-0.637722,-0.0734943
1.20714,0.0194673
1.44607,1.1e-08
0.876436,0.208571
0.400932,0.316877
1.5544,1.1e-08
0.790443,1.1e-08
1.5544,0.159213
1.5373,0.570356
1.14594,0.0170613
1.41003,1.1e-08
1.03031,0.0426805
0.244663,1.1e-08
-6.30957,-4.63497
0,1.1e-08
1.5544,0.0616295
1.5544,0.308403
1.5544,0.488381
1.5544,0.344412
1.53036,1.1e-08
1.44006,0.360537
1.44574,0.827231
-20.4457,-42.3755
0.615245,0.125183
0.447107,0.176043
1.05518,1.1e-08
1.5544,0.372066
0.274294,0.290769
0.062228,1.1e-08
1.52753,0.0174208
-3.61523,-1.6157
1.1671,1.1e-08
-24.7925,-54.6609
1.00682,0.345142
0.985382,0.0127899
1.04406,1.1e-08
0.137048,0.165965
1.21969,0.238039
0.655847,0.0701118
-23.7208,-57.4657
-2.239,-0.686008
0.239613,0.503821
1.5544,1.1e-08
0.942315,0.0875552
0.736917,0.381214
-1.02026,-0.146998
-14.5364,-23.1778
0.977705,0.704613
-0.322015,-0.0244995
0.0891286,0.095358
0.710943,0.161211
1.5544,0.000644587
1.34362,0.233666
0.180604,0.0146348
-9.3886,-8.61781
-21.6595,-32.1601
1.5544,0.0214969
0.169755,0.18827
0,1.1e-08
-19.1624,-52.6806
0.847981,0.00973925
0.103298,0.0146014
0.619602,0.0216
0.586063,1.1e-08
0.174874,0.251787
0.862665,0.238607
1.5544,0.0589347
0.863309,1.1e-08
0.480892,0.109947
1.54818,0.0404772
1.5544,0.0314885
0.835597,0.147262
1.211,0.00250994
0.213238,0.275904
1.13825,1.1e-08
0.406388,1.1e-08
-14.9286,-30.9143
1.46947,1.1e-08
-30.5529,-40.6152
-12.6026,-8.1579
-6.86201,-6.547
1.54272,1.1e-08
0.20021,1.1e-08
0.531727,0.0022823
1.42958,1.1e-08
0,1.1e-08
1.1e-08,0.307667
-11.0809,-11.3925
1.5544,0.240251
1.49066,0.144255
1.5544,0.390721
0,1.1e-08
0.250683,0.024773
1.22838,0.112186
1.45221,0.448278
0.533756,0.23815
-19.1562,-42.0617
0.494326,1.1e-08
0.239072,0.121826
0.168158,0.098125
0,1.1e-08
1.42277,0.392206
1.39113,0.0360573
1.35738,1.1e-08
-26.9943,-38.3726
1.17063,0.111428
-8.47219,-9.94872
-6.19665,-3.80245
1.48263,1.1e-08
1.5544,1.1e-08
1.5544,0.551327
1.5298,0.0930956
1.5544,0.130393
-19.9257,-30.8846
0.770481,0.459017
-8.4899,-6.01564
0.650245,0.151035
1.267,1.1e-08
1.5544,0.48358
0.819656,0.216943
0.174429,0.0578628
1.48497,1.1e-08
0.0767343,1.1e-08
0.757553,0.300135
1.5544,1.1e-08
1.5544,0.299264
-20.5101,-45.104
0.933994,1.1e-08
1.5544,0.144481
0.654403,0.112756
-8.65964,-8.64157
0.179091,0.314466
-19.584,-37.6916
1.5544,0.0226208
-13.1172,-7.94782
0.768344,0.227525
0.66215,0.0170335
1.36359,0.0633697
-11.5455,-7.98246
0.592195,0.0226298
0,1.1e-08
0.347367,0.227962
1.1e-08,0.10518
0,1.1e-08
1.1e-08,0.412124
1.5544,1.1e-08
0.825027,1.1e-08
1.12467,1.1e-08
0.61289,1.1e-08
1.5544,1.1e-08
-23.6214,-57.0595
0.646898,0.279244
-13.8448,-28.9312
0.98854,0.075925
1.50974,0.036317
0.0451386,0.0353844
1.5544,0.0586345
1.27665,0.547821
-19.7008,-33.4768
1.5544,0.42526
-3.30766,-1.34806
1.5544,0.0234039
0.264429,1.1e-08
1.41621,0.0304755
-18.9804,-44.8341
1.30303,0.368557
0.659225,0.349556
0.97772,0.0266949
1.04766,0.0961046
0.284953,0.186405
0.198249,1.1e-08
1.19673,0.11088
1.5544,0.0846073
0.0820737,0.0672524
0.366089,0.00803497
0.194677,0.536456
0.529698,0.101706
1.5544,0.258125
-16.7869,-25.4093
1.36833,0.204182
1.5544,0.156577
0.549934,0.193761
0.00695015,0.240761
1.5544,1.1e-08
1.5544,0.739937
1.04334,0.282848
0.757176,1.1e-08
0.08198,0.433836
0.697863,0.276704
-19.4699,-49.3884
0.524774,0.134838
-25.5529,-57.4721
1.50634,1.1e-08
1.41785,0.0060451
0.191056,0.341913
1.5544,1.1e-08
0.280007,0.0781134
0.416767,0.62141
0.128907,0.0636628
0.245624,1.1e-08
1.5544,0.458558
-7.27118,-4.71445
1.5544,0.173066
0.633906,0.029121
0.527569,1.1e-08
-13.5006,-21.0951
1.45177,0.177057
0,1.1e-08
-19.3156,-28.786
0.927404,0.421817
0.0284468,1.1e-08
-4.70126,-2.94012
0.173989,0.150536
-9.21905,-9.94663
-23.607,-39.1674
1.5228,0.279571
0,1.1e-08
1.5544,0.110338
-5.79625,-3.69654
0.378728,0.100588
0.82883,1.1e-08
1.5544,0.0335641
0.692054,0.393263
-5.45467,-4.19653
0.412798,1.1e-08
1.28999,0.180818
0.106332,1.1e-08
1.5544,0.368294
0.316266,0.0181444
1.27289,0.0935789
1.35769,0.114569
1.5544,0.474108
1.5544,1.1e-08
-12.1222,-8.15227
1.33825,0.0847869
1.01848,1.1e-08
0.250503,0.25102
1.12246,0.084195
1.5544,0.297534
1.40854,0.0765399
1.5544,1.1e-08
1.5544,0.421962
-16.6285,-34.4462
1.35097,1.1e-08
1.5544,0.517093
-8.77233,-9.26098
-22.1092,-47.8608
1.5544,1.1e-08
0.320039,1.1e-08
-9.82426,-12.1499
0.660565,0.313284
1.2979,1.1e-08
0.482813,1.1e-08
0.238079,0.368871
1.08385,0.341784
1.46435,0.142454
0.944807,1.1e-08
-16.9172,-28.7887
-20.5662,-44.8357
1.40517,0.047708
1.1e-08,0.0199314
0.152082,0.504773
1.1e-08,0.018734
0.49465,1.1e-08
0,1.1e-08
1.5544,0.160447
-11.7193,-17.2235
1.5544,0.0737309
0.721767,1.1e-08
1.24506,0.00981253
0.437713,0.0588384
0.220177,0.0246754
1.37044,0.142788
0.622288,0.0859239
0.155011,0.399015
1.27399,0.291875
1.13385,1.1e-08
0.15053,1.1e-08
-21.9459,-41.7823
0.835567,1.1e-08
1.46929,0.248643
0.896881,0.643967
0.569237,1.1e-08
0.868303,0.360318
1.5544,0.157746
0.905978,0.20147
1.5544,1.1e-08
1.5544,0.0999453
1.5544,0.173363
0.898983,1.1e-08
1.1e-08,0.0233972
0.585755,0.149462
0.683686,1.1e-08
-9.09592,-6.74003
-15.7216,-25.2349
1.1e-08,0.149428
1.5544,0.0916265
0.152338,0.224087
1.17201,0.0861823
1.34943,0.173832
0.460442,0.031261
-1.87152,-0.514493
-18.9799,-47.8829
0.992994,0.15362
0.488166,0.0668185
1.47369,0.0133834
-17.8239,-42.3228
0.242157,0.167162
0.488509,0.0430273
0.0786347,0.0220352
1.47664,0.402848
0.695454,0.0113135
1.17706,0.208332
0.0981521,0.0581889
-7.46407,-7.20209
0.666387,0.0263794
-7.18072,-6.72009
0.400928,0.0169506
1.5544,0.194216
1.4425,0.0575995
0.581387,0.323846
1.5544,0.544971
1.53279,0.386872
0.155254,0.125598
0.572156,0.0357971
1.5544,0.798747
-5.09228,-2.93996
1.32254,0.192209
0.385548,1.1e-08
1.49588,0.344351
1.546,0.128035
1.31768,1.1e-08
1.41844,0.146954
0.960931,0.205222
1.49492,1.1e-08
1.26286,0.257776
1.00569,0.127443
1.5544,0.0492605
-24.591,-39.0999
1.5544,1.1e-08
1.1e-08,0.389603
0.765075,0.261659
1.5544,1.1e-08
1.5544,0.132542
0.0623704,0.234666
1.32241,0.395803
1.11185,0.00261584
0.781222,0.110731
1.09532,1.1e-08
0.477483,0.312805
1.5544,0.196821
-15.8701,-28.863
1.5544,1.1e-08
0.31022,0.281523
1.5544,1.1e-08
-12.9498,-15.435
1.12988,0.0583166
0.762831,0.143128
-20.4084,-35.4713
0.145884,0.740294
1.22363,0.145949
-5.07762,-3.48847
1.5544,1.1e-08
1.5544,1.1e-08
0.760137,1.1e-08
1.5544,0.632787
0.0992852,0.172113
0.0128584,0.0543087
1.01325,1.1e-08
0,1.1e-08
1.3634,0.064145
-5.4037,-2.57245
0.0670566,0.00923724
1.5544,0.269906
1.23013,0.589991
-0.339634,-0.0244998
1.48745,0.268522
1.5544,0.084414
0.463077,1.1e-08
1.5544,0.127736
-7.94914,-8.66905
0.763048,1.1e-08
0.446086,0.0247443
1.5544,0.0581911
-26.4643,-56.1471
-16.1153,-32.3238
-20.725,-36.7394
1.07472,0.143505
-11.0615,-6.89654
-1.08686,-0.146999
-7.26737,-4.6507
-1.26401,-0.244986
-23.8163,-47.8467
0.550609,1.1e-08
0.275006,0.046601
0.341758,0.26647
-9.57337,-6.75132
0.869303,1.1e-08
0.268564,0.144881
0.718799,0.118236
0.640151,0.2076
0.777035,0.0267305
0.881719,1.1e-08
1.5544,0.0513799
0.845534,0.10658
0.876133,0.0330286
0.226499,1.1e-08
-25.6048,-33.8536
-20.4931,-54.0918
0.652035,0.0746172
0.917557,0.293155
-18.7652,-46.3209
0.577862,1.1e-08
0.200039,1.1e-08
0.125309,0.261434
0.818308,1.1e-08
-17.6838,-33.2236
1.1e-08,0.153544
-11.7737,-14.5775
0.376142,1.1e-08
1.5544,0.251075
0.820871,0.0326111
1.54811,0.490259
1.45939,0.0385632
1.11193,1.1e-08
-14.888,-30.0028
1.5544,0.18534
0.882935,1.1e-08
0.483128,0.0818964
-9.7748,-7.20374
-15.7589,-23.1767
1.5544,0.318856
0.540766,0.0852688
1.16292,1.1e-08
1.05689,0.256873
1.5544,0.218364
1.5544,0.195576
1.5544,0.0115857
0.930039,1.1e-08
1.45411,0.0721792
1.5544,0.259896
0.569269,0.0777651
1.5544,1.1e-08
-2.84636,-1.10303
1.1e-08,0.55341
-3.07001,-1.10286
0.932712,0.0472814
0.206601,0.156594
0.855327,0.0542869
0.514017,0.0995547
-16.0742,-30.0253
0.411707,0.0461615
1.07647,1.1e-08
-11.0978,-13.7445
0.984915,0.436645
1.22349,0.200568
0.350422,0.0483997
0,1.1e-08
0.0325213,0.0194
-30.1737,-40.3543
1.1e-08,0.494755
1.06057,0.0358397
1.5544,1.1e-08
0.691955,1.1e-08
1.5544,1.1e-08
-14.3513,-26.508
-7.41683,-6.11275
0,1.1e-08
1.48461,0.034087
1.44676,1.1e-08
1.5544,0.165348
-20.1283,-50.9556
0.370778,1.1e-08
1.1e-08,0.183505
0.721711,1.1e-08
-18.4174,-40.3257
1.1e-08,0.134956
1.11311,1.1e-08
-16.12,-31.2785
0.100335,1.1e-08
-14.0875,-24.2589
0.692118,0.0287202
0.131601,0.338091
0,1.1e-08
1.22937,0.271761
1.1e-08,0.5
1.44869,1.1e-08
1.02193,0.180448
1.5544,0.273926
0.372959,0.0672925
1.5544,0.518369
-7.55388,-6.48919
1.1e-08,0.429408
1.5544,0.142361
0.528286,1.1e-08
1.5544,0.727913
1.28555,0.342143
0.467274,0.430171
0.239225,0.0287045
0.975653,0.260029
0.568021,0.0329176
0.29635,0.407504
0,1.1e-08
-18.3997,-32.2255
1.39742,0.530866
1.5544,1.1e-08
-19.9144,-36.1176
1.01099,0.210135
0.881983,0.0883517
0.387513,0.156513
1.5544,0.239445
1.04521,0.000501524
0.214287,0.237641
1.5544,0.412917
0.602306,0.209337
-7.72685,-8.10603
-4.17038,-1.61704
1.11719,1.1e-08
0.267779,0.222035
1.47863,1.1e-08
1.5544,0.00025164
-15.1589,-20.078
0.231519,0.414393
1.5544,0.095987
1.5544,0.195312
1.1e-08,0.300601
1.5544,1.1e-08
1.10183,0.114848
0,1.1e-08
1.1e-08,0.0347514
1.5544,0.531353
-12.6939,-17.2235
-18.5131,-31.6596
0,1.1e-08
0,1.1e-08
1.5544,0.0169246
0,1.1e-08
0.346114,1.1e-08
0,1.1e-08
0.940208,0.116618
0.0931697,0.234064
1.1e-08,0.524906
0.43771,1.1e-08
0.921033,0.047891
1.32275,0.535528
1.50791,0.420901
0.853522,1.1e-08
0.118742,0.20618
-5.38119,-3.77172
0.000797153,0.477695
-12.3813,-18.1545
-7.68686,-5.53558
0.976164,0.410192
1.47672,1.1e-08
0.144992,1.1e-08
0.365845,0.140032
0.11004,1.1e-08
0.991747,1.1e-08
0.871711,0.280119
1.5544,1.1e-08
0.299931,1.1e-08
-2.02054,-0.514505
1.5544,0.0459802
0.716042,0.0317802
1.5544,0.119042
1.5544,1.1e-08
0.934726,0.185338
1.32509,0.157114
1.5544,1.1e-08
1.1e-08,0.201693
0.509135,0.225122
1.04899,0.0528886
-12.3873,-7.67018
0.177239,0.0189998
0.602453,1.1e-08
0.803676,0.340243
0.257957,0.327159
-21.9252,-59.1528
-12.2315,-7.48944
-25.2677,-54.4317
1.47492,0.210096
1.5544,1.1e-08
0.629136,0.443261
-21.4574,-39.1971
-17.2796,-31.9287
1.5544,0.306246
0.133909,1.1e-08
-10.8327,-14.5775
0.832961,0.266765
1.11249,1.1e-08
0.684337,0.0105854
1.09715,0.393193
0,1.1e-08
0,1.1e-08
0.000444907,0.634706
0.490418,1.1e-08
-7.98152,-6.15184
1.50331,0.235233
-29.8645,-39.66
1.42361,0.431504
1.11652,0.197635
-4.59577,-2.22935
0.248088,0.0748044
0.472884,0.240588
1.5544,0.211895
1.54217,0.0429719
1.37286,0.116793
-6.96581,-5.31013
-16.4659,-26.4922
0.206191,0.114613
-17.4684,-26.4845
0.977012,0.230803
1.25139,0.315051
0.0296618,1.1e-08
1.44322,0.473121
1.43401,0.0223946
0.975644,0.172415
1.1e-08,0.0122797
1.09269,0.259583
1.5544,0.163963
0.909995,0.334073
-5.89299,-4.18266
0.815398,1.1e-08
1.19144,0.395283
1.18825,0.147585
1.28179,0.10697
0.926195,0.234741
0.533526,0.0421182
0.324405,0.0151757
-17.032,-36.1498
-21.0855,-33.7206
1.384,0.0917473
1.49078,0.577246
1.44513,0.0439616
-19.5182,-43.4065
1.41171,0.279361
1.1e-08,0.165776
1.5544,0.303115
0.449832,0.453208
1.4151,1.1e-08
-17.6818,-34.6308
1.38186,1.1e-08
1.26709,1.1e-08
0.323819,0.559798
1.08511,0.0242427
1.13447,0.254255
0.065934,0.141568
0.601464,0.0568812
-11.9731,-16.317
-11.7443,-7.31736
-24.2712,-49.3921
1.5544,0.210391
0.251602,1.1e-08
1.38587,0.741669
1.5544,0.443133
1.5544,1.1e-08
1.32335,0.115505
1.05921,0.183263
1.5544,1.1e-08
0.437224,1.1e-08
1.06202,0.218431
0.90744,1.1e-08
1.20667,1.1e-08
0.280663,0.0978873
0.656476,1.1e-08
1.5544,0.0971481
1.5544,0.449322
0,1.1e-08
1.5544,0.406891
-4.26806,-2.23043
1.5544,0.569727
1.38312,0.408452
-28.6764,-39.0883
1.5544,0.319291
0.787936,1.1e-08
1.5544,1.1e-08
0.21318,1.1e-08
-9.57042,-7.96311
-0.677586,-0.0734995
1.23221,1.1e-08
0.0263291,0.558622
1.28439,1.1e-08
1.5544,0.229374
1.07597,1.1e-08
0.99361,1.1e-08
0.110046,0.137712
-29.187,-38.8075
1.37009,0.00471795
1.5544,0.00524722
-14.8674,-32.3741
-15.96,-27.6335
1.53353,0.1025
0.449553,1.1e-08
1.5544,0.0849424
0.318907,0.118379
1.5544,0.287479
0.379925,0.271512
1.15196,0.658705
-3.69276,-1.9119
0.99885,0.0567347
1.5544,1.1e-08
1.5544,0.0434192
-22.5417,-49.3911
-25.5204,-39.097
0.315203,0.0650734
-16.4034,-24.2563
1.5544,0.234045
0.700566,1.1e-08
0.294229,0.24791
1.5544,0.0662807
-12.128,-20.1104
1.37467,0.0145925
1.41005,0.250372
0.463922,0.114374
-6.33061,-4.19139
1.5544,1.1e-08
0.390499,0.207584
0.940273,0.151144
1.12807,0.592992
1.5544,0.440146
1.5544,0.134841
1.5544,0.060351
1.14798,0.0301624
1.1e-08,0.279249
1.01,0.0436078
1.1e-08,0.218698
0.856258,0.184265
0.620122,1.1e-08
1.35206,0.270567
1.5544,0.175502
-7.69976,-6.84064
0.0243008,1.1e-08
0.786652,1.1e-08
1.2281,1.1e-08
1.5544,0
0.278628,0.552192
-6.07414,-3.33313
1.48782,1.1e-08
-1.58818,-0.367479
0.283011,1.1e-08
1.31132,0.0959343
-22.9906,-36.8266
0.600397,0.291921
0.794467,0.067006
0,1.1e-08
1.5544,1.1e-08
-2.47696,-0.881876
-3.54748,-1.34749
0.268428,0.463736
-3.35441,-1.61843
1.5544,0.828392
0.683502,0.135725
0.532632,1.1e-08
1.5544,0.413333
-11.4247,-12.936
-10.1018,-6.76013
0.132911,0.0265088
1.5544,0.00627898
-10.8071,-7.34669
1.1e-08,0.054364
0.617104,0.168873
0.0194632,0.123828
0.797308,0.0663317
-18.0574,-28.9012
0.380478,0.46526
-13.7436,-17.2235
1.54465,0.218066
1.5544,0.133111
0.414221,1.1e-08
1.49889,0.0980254
1.5544,0.112603
1.1e-08,0.304591
1.50728,0.317493
1.5544,0.00266624
1.40364,0.126611
1.29518,1.1e-08
1.5544,1.1e-08
-20.1745,-55.8759
0.88042,1.1e-08
-21.8106,-46.3259
1.16212,0.153786
-13.0079,-24.2562
1.5544,1.1e-08
1.5544,0.340987
1.5544,1.1e-08
0.235525,0.0231394
0.5616,1.1e-08
-20.9684,-49.3948
1.5544,0.209741
0.545293,1.1e-08
0.627981,1.1e-08
1.2979,1.1e-08
1.44334,1.1e-08
1.5544,0.0817175
0.907778,0.0665698
1.34078,0.0320711
0.902603,1.1e-08
1.5544,0.0710461
0.935986,1.1e-08
1.5544,0.0678652
-10.2344,-13.7445
0,1.1e-08
0.946056,1.1e-08
-18.0951,-43.3059
0.275471,0.0163571
-22.0129,-57.7035
0.392863,0.029022
1.20201,1.1e-08
1.5544,0.285865
1.5544,0.701724
-18.1913,-36.5097
1.5544,0.359212
0.91231,0.105797
0.867624,0.448666
0.352924,1.1e-08
0.801785,1.1e-08
0.36262,0.0942398
1.15568,0.410793
0.916837,0.107395
-22.9977,-38.0905
0.875683,0.137757
1.5544,0.192271
-2.68317,-0.881995
-2.40989,-0.685994
1.5544,0.0253144
-20.294,-58.0056
1.24067,1.1e-08
0.966017,0.120241
1.37735,1.1e-08
1.1316,1.1e-08
1.14092,0.119087
0.531148,0.17861
0.703953,0.340776
0.612524,0.366734
1.33322,1.1e-08
0.123489,0.464999
0.0885744,0.341731
-11.9752,-5.11005
1.53633,0.148019
-1.36304,-0.245002
1.1e-08,0.00505293
1.44356,0.287362
1.5544,0.0239331
0.16838,1.1e-08
-12.8608,-22.121
1.5544,1.1e-08
-2.63868,-1.10212
-13.1149,-20.0294
1.2121,0.367159
0.463241,0.147137
1.54085,0.169434
-11.0032,-16.3171
0.233741,0.29857
-15.6215,-21.0944
1.37156,0.299067
1.5544,0.00320884
-1.83418,-0.367499
0.922608,0.374302
1.5544,0.618052
1.5544,0.246266
-8.91365,-8.01599
0.0583104,1.1e-08
-17.5123,-39.6997
0.727408,0.0720484
-18.6022,-30.0135
-26.9085,-39.0649
6.79853e-06,0.678512
-4.37202,-2.57302
-8.63545,-6.81983
-4.57988,-1.91088
-10.6798,-12.1491
0,1.1e-08
0.0322388,0.107896
0.894655,0.0346742
1.33647,1.1e-08
0.342838,0.128528
1.5544,1.1e-08
0.65109,0.0182618
1.19345,1.1e-08
1.30719,0.219287
1.4756,0.0682757
-9.44468,-11.3925
-23.4821,-46.33
1.5544,0.531072
1.5544,0.701414
0.323174,0.164187
-5.71522,-3.34944
1.38585,0.169846
0.965446,0.0825806
1.5544,0.389466
0.858298,0.107096
-22.8036,-53.4085
1.31911,0.130662
1.5544,0.222409
1.5544,1.1e-08
0.788178,0.106964
1.4257,0.316789
0.318918,1.1e-08
1.12946,1.1e-08
1.49127,0.183593
1.46075,1.1e-08
0.0628088,0.28902
1.258,0.190989
-14.7015,-27.6381
0.504597,0.419827
-13.7814,-25.2495
0,1.1e-08
0.746153,1.1e-08
0.526555,0.367495
-14.1133,-20.1366
0.0891495,1.1e-08
-15.4468,-26.4606
-2.89801,-0.881991
0.722529,0.213689
0.661213,0.246627
-25.4945,-40.2115
1.01906,0.00039327
-0.950154,-0.147001
0.708699,1.1e-08
0.816395,0.528013
-18.0058,-25.3447
1.5544,0.130391
0.723657,0.246461
0.117754,0.0639793
-22.2804,-44.8348
1.5544,0.506193
-20.6017,-40.2559
1.3072,0.0278025
-8.36418,-7.34211
-11.9029,-7.47509
-21.8654,-37.5758
1.5544,0.101648
-19.3197,-34.3685
0.557669,0.35487
1.19148,0.0544581
0,1.1e-08
0.614,1.1e-08
0.820906,0.0991208
0.08611,1.1e-08
0.758377,0.0896184
0.858223,0.317584
1.5544,0.130089
-19.354,-41.2771
0.125427,0.103243
-20.5938,-32.3549
0.678763,1.1e-08
1.5544,1.1e-08
1.15708,0.353101
0.313195,1.1e-08
-13.867,-22.1262
0.00681782,1.1e-08
1.5544,0.23349
0.361367,0.186614
-21.6895,-34.7608
1.48094,0.0798462
0.699325,0.191023
0.772105,0.0345331
1.5544,0.570321
1.5544,1.1e-08
1.53404,0.45636
1.5544,0.595023
-29.2318,-41.1343
0.28906,1.1e-08
0,1.1e-08
1.5544,0.655907
1.5544,0.447298
0.978839,1.1e-08
1.5544,0.584537
0.28675,0.0558448
0.256334,1.1e-08
1.36023,1.1e-08
0.0380787,0.369915
1.1e-08,0.00204328
0.722054,0.295906
1.28678,0.0351941
1.31841,0.0679165
0.683917,0.0787741
1.1e-08,0.0344394
0.0605768,0.106484
0.364041,0.36204
-18.3337,-38.3438
1.10005,0.225151
1.41927,0.176052
0.42053,0.190075
1.5544,1.1e-08
0,1.1e-08
1.5544,0.29761
1.08706,1.1e-08
0.793286,1.1e-08
1.00256,0.371714
0.921374,0.490339
1.45,1.1e-08
1.55273,0.0759457
-15.2243,-24.2506
0.801569,0.138327
-1.7105,-0.367508
-23.6473,-50.9587
1.5544,0.037391
0.258802,1.1e-08
0.289562,0.35106
0.900492,0.158966
1.17655,0.0805624
0.641289,1.1e-08
0.34798,0.0473234
1.5544,0.0709812
0.209552,0.0405601
-4.70146,-2.57197
-21.0266,-36.9744
0.880954,0.0838423
-7.16404,-5.8511
0.513939,1.1e-08
0.640444,1.1e-08
0.851648,1.1e-08
0.428622,1.1e-08
0.66277,0.180752
-3.88984,-1.61717
1.46492,0.106228
0.666143,1.1e-08
1.5544,0.195787
1.30217,0.252125
1.5544,0.391253
1.1e-08,0.33456
1.5544,1.1e-08
0.20097,0.20382
1.44388,1.1e-08
1.13382e-07,0.999639
0.361774,0.559975
0.782923,0.179127
1.1996,0.0988227
0.736776,1.1e-08
0.0659289,1.1e-08
1.25458,0.0462405
1.24017,0.0230311
0.576059,0.571135
0.759564,0.340313
1.5544,0.622851
0.61104,0.0745866
0.985725,0.320229
-12.4468,-7.38495
1.5544,0.296352
0.956298,0.0457662
1.09532,1.1e-08
1.1e-08,0.451809
-18.269,-33.8127
-23.665,-54.1846
1.5544,0.146742
1.10432,0.298284
1.5544,0
-12.6227,-19.1124
1.5544,1.1e-08
1.42217,0.0910391
0.300203,0.133397
-18.3079,-35.6354
-14.5155,-21.0944
0.118022,0.30339
1.5544,1.1e-08
1.5544,1.1e-08
0.150765,0.563972
1.54721,1.1e-08
0.486487,1.1e-08
1.53628,0.249937
0.903289,0.260058
-9.00056,-6.31946
1.5544,0.261482
0.333965,0.0973601
1.31095,1.1e-08
0.0678942,0.194145
-18.0058,-30.28
-23.6041,-52.5066
-3.80273,-1.34751
1.03224,0.612016
-17.2813,-30.0065
0,1.1e-08
0.74085,0.163072
1.49561,1.1e-08
1.5544,1.1e-08
0.0151267,0.0448742
1.15136,1.1e-08
-10.2397,-11.3925
0.803864,0.161941
1.48482,0.51794
1.48974,0.0573316
1.20001,1.1e-08
1.50762,1.1e-08
0.0494986,0.158569
1.19262,0.480193
-22.1176,-52.6736
0.949683,1.1e-08
0.631872,1.1e-08
1.37932,0.246361
-14.8735,-28.5617
0.533764,0.0305454
0.408553,0.134813
0.109446,0.407006
0.607829,0.247891
1.38707,1.1e-08
0.499701,0.0311963
0.0331508,0.187647
0.889973,0.406603
0.272159,0.0104694
1.1e-08,0.080162
1.5544,0.0979273
0.408139,0.0641645
1.27925,1.1e-08
1.5544,0.0961959
1.06848,0.0186235
1.5544,1.1e-08
1.5544,0.166926
0.82908,0.375492
0.947824,0.340327
1.40233,0.207971
1.1e-08,0.596267
1.23121,0.334862
0.371286,0.0279566
-13.6282,-19.1095
-10.5964,-10.6576
1.5544,1.1e-08
0.0889399,1.1e-08
1.5544,0.100902
0.163013,1.1e-08
1.5544,0.276136
1.5544,0.346543
1.5544,0.188545
0.988997,0.096398
0.0517308,0.458638
0.942952,0.0164304
-18.6745,-26.4839
1.04196,0.133786
1.32814,1.1e-08
0.397149,0.106234
-25.3192,-52.5615
0.707534,1.1e-08
1.47003,0.35117
1.5544,0.388834
-5.82434,-5.12854
1.18241,0.033216
0.744146,0.0509956
-6.47149,-3.33214
1.5544,0.0276013
1.5544,0.432808
1.50669,0.376984
-3.95742,-2.22832
1.10188,0.0474674
1.5544,1.1e-08
-18.2935,-37.7782
0.57716,0.19049
0.220688,1.1e-08
0,1.1e-08
1.14719,0.215133
-3.29052,-1.10234
0.168702,1.1e-08
1.46136,0.105092
0.442382,0.300868
0.064089,0.00408206
1.25094,0.380381
0.561421,1.1e-08
1.17452,0.320537
-4.27091,-1.91136
1.48622,0.292985
0.0422813,1.1e-08
1.5544,0.175835
-11.0476,-15.4349
1.5544,1.1e-08
-17.7611,-40.5875
1.4304,0.236307
0.321772,1.1e-08
0.554597,0.137624
1.5544,0.0990877
1.18156,1.1e-08
1.52092,0.674433
-9.52605,-9.261
1.5544,1.1e-08
-22.5577,-43.3645
-0.351549,-0.0244997
0.500133,0.159411
1.13779,0.164296
0.959564,0.289068
0.691592,0.0783657
0.703542,1.1e-08
1.5544,0.0337735
1.18312,0.243416
1.5544,0.496591
0.282145,1.1e-08
1.5544,1.1e-08
1.51652,0.119419
1.5544,0.131174
1.2171,0.152042
1.35884,0.382912
1.1e-08,0.0178176
1.12182,0.351959
1.33758,0.181131
1.06281,0.413469
1.44842,0.21865
1.5544,0.593082
0.734186,0.0278091
-10.0032,-9.94674
1.27405,0.150503
1.5544,1.1e-08
0.0958594,0.118644
1.4948,1.1e-08
-20.74,-37.717
-21.8546,-35.8979
-16.079,-22.1239
0.180532,0.375946
1.16607,1.1e-08
-8.87596,-7.39234
0.979993,1.1e-08
1.51906,0.200612
-9.02337,-10.6616
1.5,-81.9263
-9.67911,-12.936
-17.2924,-27.637
1.04353,1.1e-08
-20.4927,-47.8119
1.31221,0.0507614
0,1.1e-08
0.693551,1.1e-08
1.46108,1.1e-08
1.44283,0.532416
1.5544,1.1e-08
1.1039,0.161852
0.164109,0.286769
1.53062,0.0358937
1.1e-08,0.345733
1.00024,0.0109334
-11.6771,-19.1066
1.18127,0.283912
1.24575,0.0678248
-20.6744,-52.3575
-20.9631,-43.3578
1.5544,0.793663
1.5544,1.1e-08
1.08224,0.0782806
-10.4061,-7.3428
-4.93159,-2.22948
-5.5049,-2.93999
1.20949,0.0568649
0.122729,1.1e-08
1.31379,0.287617
0.444567,0.0681988
1.43408,0.135689
1.52492,1.1e-08
0.571336,0.0875527
1.5544,0.0257364
0.46331,1.1e-08
0.550159,0.044152
0.631627,1.1e-08
-8.18148,-6.67762
1.5544,0.688884
-18.8769,-54.2867
1.4668,1.1e-08
1.22963,1.1e-08
0.14588,0.00887899
-10.5195,-12.936
-6.85521,-5.15712
1.5544,0.235875
-7.19288,-4.98788
1.41603,1.1e-08
0.867938,0.0167001
0.931451,1.1e-08
0,1.1e-08
0.0442928,0.315754
0.482656,0.200727
1.5544,1.1e-08
-0.713132,-0.0735002
1.5544,0.00954244
1.14843,0.0102209
1.5544,0.0652389
1.1e-08,0.02384
-11.9582,-15.435
1.5544,1.1e-08
-26.1148,-41.4157
0.526504,0.292834
1.51693,0.154146
1.25886,0.0876541
1.49938,0.45835
0.178936,1.1e-08
0.194653,0.0412856
-6.79801,-4.1894
1.51434,0.0609548
1.46563,0.298199
-2.17131,-0.514495
1.5544,0.355494
1.5544,0.139005
-13.5741,-7.9448
0.0308469,0.0276418
0.819265,0.436518
1.10758,0.076367
1.5544,1.1e-08
0.654683,1.1e-08
0.806412,0.29472
-13.4649,-18.1545
0.889395,1.1e-08
1.5544,0.149623
0.165221,0.0631762
1.54509,1.1e-08
0.173474,1.1e-08
1.5544,1.1e-08
0.2141,1.1e-08
1.39702,1.1e-08
1.5544,0.243231
1.5544,0.0164356
0.443228,0.252132
-12.9769,-16.317
1.5544,0.115266
1.28089,0.447912
-20.2369,-46.3421
0.540047,1.1e-08
-19.191,-32.7697
1.15081,1.1e-08
1.52155,1.1e-08
1.1e-08,0.260132
-6.6365,-3.72471
1.5544,1.1e-08
1.37612,0.465444
0.837919,1.1e-08
0.404496,1.1e-08
0.170997,0.603719
0.728332,0.117296
1.02098,0.239846
1.47954,0.0338737
1.14527,0.286576
1.52106,1.1e-08
1.5544,0.329591
1.5544,0.340872
1.53398,0
