0.816038,1.1e-08
0.266576,0.498217
-9.07478,-9.11446
0.136817,0.309641
-9.23289,-11.4231
-0.746935,-0.0786967
1.22752,0.733965
1.10633,0.242485
-25.4857,-76.7456
0.0618599,0.237349
0.0419813,0.325621
0.282269,0.0499849
-1.44943,-0.146995
1.3429,0.0562265
0.0587075,0.354201
-0.360856,-0.0177204
0.462928,0.879051
1.1e-08,0.444984
1.1e-08,0.332616
-12.6241,-12.8713
0.141319,1.1e-08
0.678254,0.114448
-27.0126,-55.4399
0.533631,1.1e-08
0.153647,1.1e-08
1.33935,1.1e-08
0.835558,0.0249821
0.639067,1.1e-08
0.342564,1.1e-08
-10.5566,-14.531
0.156055,0.435855
1.1e-08,0.320363
0.303625,0.203878
0.858614,0.0681628
-20.2984,-52.1443
0.644459,0.0590066
0,1.1e-08
0.182828,0.44195
1.3234,0.00639678
0.810087,0.264237
1.1e-08,0.384097
-7.61002,-6.76076
1.1e-08,0.0109745
0.334743,0.00980529
1.1e-08,0.299415
0.559496,1.1e-08
1.11244,0.42805
0.688435,1.1e-08
0.524214,0.0428359
0.228986,1.1e-08
0.52752,0.121208
0.130133,1.1e-08
0.247813,1.1e-08
0.447262,0.371953
1.46511,0.138634
0.159151,0.0876471
0.161454,1.1e-08
1.57774,0.0494457
0.242173,0.299993
-6.43047,-5.65691
0.2249,0.542306
0.977062,0.336319
0.727356,1.1e-08
0.606696,1.1e-08
1.1e-08,0.348149
-11.9556,-16.1264
0.670317,0.158115
1.01673,0.111821
0.116202,0.226071
-14.6898,-15.6151
1.43525,0.21122
-18.8378,-31.2378
-0.374982,-0.045293
0.816951,0.234236
1.18738,0.0580256
0.502145,1.1e-08
0.680785,0.452781
-25.7446,-73.6489
-1.36674,-0.147006
-13.486,-20.0876
-10.6897,-11.4081
0.581337,0.0261712
0.589543,0.605856
1.1e-08,0.392607
1.1e-08,0.00996684
0.708076,1.1e-08
0.518417,0.204322
0.240853,0.00109149
-16.0438,-24.255
1.11421,1.1e-08
1.00661,0.0476608
-18.8395,-35.0578
0.881449,0.0369325
0.771752,0.182806
0,1.1e-08
-9.79554,-12.1545
0.63218,0.0249913
0.220692,1.07938
0.787957,0.0326272
0.645572,0.419119
1.13353,1.1e-08
0,1.1e-08
0.0289532,0.0658472
0.678357,0.718676
1.33005,0.926906
0.289177,0.0143166
0.0822603,0.290596
-16.837,-36.3813
1.1e-08,0.559476
1.1e-08,0.645509
1.48775,1.1e-08
1.12363,0.0279965
0.9479,0.0899342
0.555255,0.16739
-2.32741,-0.685813
0.97584,0.426063
0.938541,0.115983
0.32463,0.18119
1.22973,0.0225635
1.30956,0.388302
0.485887,0.226102
0.423883,0.169407
-20.2823,-54.1309
0.406957,0.146293
0.305852,0.156916
0.257495,1.1e-08
0,1.1e-08
0.807296,0.0557926
-8.05821,-9.07526
-1.14698,-0.147418
0.405727,0.10384
1.58932,0.471573
1.1796,1.1e-08
0.751647,0.0234229
0.2651,1.1e-08
-23.4971,-52.4879
0.673072,0.0157695
0.221793,0.688631
-20.6541,-48.3245
-11.6024,-15.4995
-19.253,-49.1079
1.26078,1.1e-08
0.367363,0.139274
1.0077,0.359536
0.0227596,0.370222
1.30398,0.0184964
0.149197,0.566621
0.682026,0.204262
0.659246,0.282528
-5.5169,-2.94
-25.5635,-69.8301
1.14916,0.121577
0.336192,0.14218
1.1e-08,0.263384
1.4309,0.372563
0.157176,0.050338
0.116109,0.509708
0.377508,0.114473
1.06543,0.251048
0.905593,1.1e-08
1.1e-08,0.0812953
0.0175405,1.1e-08
0.297297,0.378653
1.25526,0.0201614
-15.8824,-33.7608
1.23336,1.1e-08
0.827779,0.489077
0.713053,1.1e-08
-18.3636,-39.3276
0.173764,1.1e-08
-8.99905,-7.9629
-0.62541,-0.0640782
0.562586,0.261613
-24.6045,-56.9823
0.677605,1.1e-08
-4.0525,-2.22945
1.17117,0.0950366
1.233,1.1e-08
1.21007,0.38591
0.306052,1.1e-08
0.137595,0.364831
1.07034,1.1e-08
0.54599,0.0380215
1.1894,0.507105
0.846618,0.418809
1.46576,0.548423
1.1e-08,0.0291648
0.0822735,1.1e-08
-9.9586,-11.3602
0.403724,0.589783
0.0693207,1.1e-08
1.1e-08,0.0568228
1.41606,0.0421026
1.53226,1.1e-08
1.02491,0.670483
0.717994,1.1e-08
0.76065,0.33165
-24.3234,-59.7113
0.0109438,1.1e-08
0.78558,0.0926919
0.62526,0.389774
1.59575,1.1e-08
0.449077,1.1e-08
0.274603,0.0480106
0.380883,0.0239796
-7.22017,-6.19574
0.30523,1.1e-08
-28.8639,-74.1428
1.41001,1.1e-08
1.36613,1.1e-08
0.605131,0.178853
0.0228777,0.151949
1.37222,0.485141
1.22671,0.593298
-27.5591,-77.4068
-5.73926,-4.18952
0.914999,0.0516283
-1.08363,0.467593
1.19708,0.273659
1.1e-08,0.469486
-4.74716,-2.57249
-18.2541,-36.3835
0.944231,1.1e-08
-3.7364,-1.91099
0.224422,0.476183
1.14498,0.194489
0.0683232,0.581849
1.07998,0.164415
0.308953,0.331256
-13.3686,-17.2502
-25.9188,-47.5292
0.424683,0.0525388
0.588981,0.0549655
0.215166,0.415972
-22.4011,-71.8371
0.110465,0.454148
1.1e-08,0.00332785
0.451249,0.0406349
0.841032,0.296294
0.492004,1.1e-08
1.1e-08,0.0429843
0.945167,0.403006
0.49112,0.140608
0.212951,0.290638
0.69687,0.286964
-1.83443,0.752149
0.321217,0.116615
1.1e-08,0.404331
1.17115,1.1e-08
0.0378339,0.480917
1.05783,1.1e-08
-18.2072,-45.934
1.03586,0.192521
-36.4584,-57.618
-18.1751,-16.6021
-10.2889,-14.2704
0.32174,0.994617
1.54908,0.114439
1.00235,0.184715
0.833401,1.1e-08
0,1.1e-08
0,1.1e-08
-15.149,-21.0945
-1.70728,-0.200946
0.629555,0.14002
1.03085,1.36201
-0.913653,-0.144164
0.478271,0.497912
1.12172,0.0985408
0.887404,1.1e-08
0.759204,0.00368187
-22.7891,-59.3379
1.43021,0.150173
1.05675,0.217842
0.622925,0.217595
0.20728,1.1e-08
0.460682,0.115659
0.00083322,0.578291
1.24744,1.09911
-32.2211,-54.9479
0.900179,0.301892
-11.7939,-19.1124
-10.2064,-10.038
1.1e-08,0.474778
1.3712,0.374082
1.32058,0.0801662
0.651991,1.1e-08
0.563074,0.581677
-24.3146,-45.8973
1.1e-08,0.0573518
-12.7371,-13.4655
1.31433,1.1e-08
0.633959,0.649623
1.1e-08,0.293258
0.628993,1.1e-08
0.456911,0.0138993
0,1.1e-08
0.599971,0.245561
0.814814,0.0892565
1.00076,1.1e-08
0.522291,0.238646
-24.5475,-63.0575
1.52958,0.838838
0.725414,1.1e-08
1.00829,0.0102036
-12.3228,-17.2848
1.09123,0.309852
-23.5011,-54.1233
1.1e-08,0.0567139
-18.9095,-16.2956
1.09946,0.28057
1.3177,0.0756968
0.282987,0.0941038
-16.6611,-16.3461
1.45404,0.404654
-3.67975,-1.617
1.45448,1.1e-08
0.120182,0.0711313
-1.03566,-0.147021
0.0469733,0.0321871
1.1e-08,0.437064
1.5957,0.626599
1.1e-08,0.753529
1.38487,0.183216
1.11053,0.0622858
-27.4972,-76.9308
0.515699,0.600411
-17.0087,-43.5124
1.59572,1.1e-08
1.07844,1.1e-08
0.525067,0.0452947
0.129369,0.84956
0.222085,0.167328
-23.8688,-49.0462
0.00475689,0.424783
-6.93973,-5.66074
0.326968,1.1e-08
0.161776,0.00361613
0.212723,0.0750849
-22.4576,-62.6209
0.510101,0.0135039
1.04463,1.1e-08
1.54636,0.00442641
1.07276,0.107196
0.533112,0.0811439
0.87412,0.177654
1.1e-08,0.163185
0.00107806,0.699937
0.354347,0.438318
0.101246,0.395103
0.276227,0.00175002
1.58475,0.505077
0.980887,0.145703
-20.8922,-39.1669
1.1e-08,0.100312
0.443285,0.423307
1.38514,1.1e-08
0,1.1e-08
1.1e-08,0.604202
0.944097,0.238363
0.983381,1.1e-08
1.22331,0.423157
0.139756,0.0610002
0.184318,1.1e-08
-22.8663,-67.9833
0.285102,0.268448
-29.6911,-77.4143
0.654462,0.0282403
0.130202,0.155532
0.044248,0.206986
-1.95341,-0.210884
0.408135,0.341193
0.946619,0.0567465
0.31315,0.113587
0.571599,0.542296
0.35847,1.1e-08
-11.0828,-11.5118
0.200645,0.619119
0.984895,0.110663
0.834914,0.105468
-17.1206,-33.7618
1.25726,0.440039
0.248867,0.228062
-23.7539,-43.3328
0.749895,0.039051
1.1e-08,0.13176
-8.13887,-8.59972
0.196182,1.1e-08
-12.8399,-19.1095
-28.2475,-55.8898
1.21098,1.1e-08
-0.332161,-0.0610786
1.07266,0.45595
-9.54369,-9.85951
0.266986,1.1e-08
1.04363,0.375088
-0.389868,-0.0276714
0.205788,1.1e-08
-8.77732,-10.669
0.108282,0.685866
0.446257,0.0634634
0.247912,0.110446
1.1e-08,0.364709
0.21255,1.1e-08
1.45327,0.342665
0.616077,1.1e-08
1.13302,1.1e-08
1.50492,0.0150824
-17.4911,-16.5938
0.941655,1.1e-08
0.218167,0.0270577
0.103401,0.167277
0.142574,0.39711
1.1e-08,0.0153243
0.540766,0.736259
1.23647,0.263237
1.03516,0.0940289
-20.1442,-50.2249
0.305142,1.1e-08
1.27847,1.1e-08
-12.343,-18.1545
-26.0326,-66.1891
1.1e-08,0.0953378
0.105087,0.308046
-13.3071,-22.1207
0.192653,0.181217
0.239644,0.445111
0.500752,1.1e-08
0.778341,0.242334
1.1e-08,0.10746
1.1e-08,0.197296
0.00309001,1.1e-08
-20.7945,-43.3361
-24.3361,-62.6228
0.701712,0.144231
1.2786,0.0570179
0.285453,1.1e-08
0.0744012,0.112935
0.242745,0.252676
0.498263,0.0887356
0,1.1e-08
-15.1984,-28.812
0.131892,0.596129
0.977699,0.083809
1.34253,0.217156
1.30992,1.1e-08
0.0189244,0.247214
0.35974,0.280835
0.194317,1.1e-08
0.660378,0.0758296
0.825628,1.1e-08
1.16831,1.1e-08
0.773084,0.209999
-26.1114,-59.0039
0.693638,0.0528138
1.52108,0.959994
0.0448107,1.1e-08
1.25537,1.1e-08
0.444401,1.1e-08
1.36005,0.659483
0.866916,0.804216
1.42433,1.1e-08
-1.24426,-0.147496
0.167551,0.181759
0.911977,0.368412
0.25921,1.1e-08
0.0954204,0.441156
0.244417,0.147138
-13.4486,-14.5443
-19.5631,-38.9485
0,1.1e-08
0.919126,0.24859
0.110896,1.1e-08
0,1.1e-08
1.1e-08,0.125008
0.561278,0.131361
-5.27014,-3.74848
-22.3429,-66.2151
0.659696,1.1e-08
0.0987743,1.1e-08
0.612064,0.446636
-21.2028,-59.6535
0.254585,0.0671105
0.848289,1.1e-08
1.1e-08,0.229823
1.1e-08,0.372807
1.21013,1.1e-08
1.44398,1.1e-08
0.21488,0.20505
-10.8783,-15.2186
1.1e-08,0.0140386
-10.6104,-14.5137
0.0607322,0.105087
1.15927,0.0537273
0.769432,0.360476
0.341958,0.0948275
0.275635,0.168428
1.04817,0.0983525
1.1e-08,0.0140772
0.0173675,0.224198
1.0872,0.205126
-8.82454,-8.59942
1.29279,0.107583
0.0823142,0.626067
0.8592,0.332394
0.637254,0.00200385
1.05754,1.1e-08
0.319881,0.247616
1.59571,1.1e-08
0.565955,0.196741
1.30807,1.1e-08
0.565497,0.0386204
1.17617,1.1e-08
-29.4252,-55.8085
0.179133,0.130077
0.0240596,0.179515
0.479643,0.340394
0,1.1e-08
1.26152,1.1e-08
0.822438,0.20689
0.214573,0.114331
0.151567,1.1e-08
1.59572,0.0204405
1.45244,0.509418
0.472771,1.1e-08
1.35772,0.005614
-19.5041,-43.4283
0.167379,0.410337
0.444349,0.187476
0.0365716,0.627512
-17.0236,-26.4845
1.26726,0.388967
1.45252,0.592699
-24.6452,-51.4565
0.0262158,0.104553
0.896148,0.0471454
-8.55603,-9.53436
1.1e-08,0.591238
0.337694,0.220395
1.23792,0.186631
0.623363,0.0683665
0.197904,0.320833
0.512061,0.289305
1.34983,0.279257
-2.58438,-0.881971
0.914724,0.556101
-9.66759,-7.9624
1.1e-08,0.0161466
1.56245,0.584067
0.75587,0.155839
-4.04767,-1.911
1.52657,0.179737
1.19198,1.1e-08
1.21704,0.218141
0.0848844,0.417576
-11.3052,-17.3249
0.697204,0.884801
1.1e-08,0.0439828
1.17034,0.460771
-30.8138,-75.8767
-19.5875,-47.6494
-24.9472,-52.9832
1.28479,1.1e-08
-15.9856,-14.9408
-5.13218,-2.5725
-11.4843,-11.3698
-4.71263,-2.93994
-28.0471,-66.1724
0.131047,0.133978
0.436394,0.104166
0.188502,0.022196
-14.1561,-14.5612
1.17158,0.042753
0.514148,1.1e-08
1.24826,1.1e-08
1.1e-08,0.309277
0.724875,1.1e-08
0.832222,1.1e-08
0.476141,0.184232
1.0925,0.024268
1.04214,1.1e-08
1.11899,1.1e-08
-30.5681,-49.6154
-23.9061,-73.4825
1.32893,1.1e-08
0.514861,1.1e-08
-22.1452,-64.3758
0.0439838,1.1e-08
0.809287,1.1e-08
0.0978704,0.13802
1.33495,0.180503
-21.4238,-48.7386
0.143999,0.232619
-15.5857,-25.3575
1.39476,0.149099
1.1e-08,0.509043
0.1402,1.1e-08
0.612513,0.0302388
1.54449,0.348664
0.549147,0.368775
-18.2265,-44.8231
-1.71873,-0.374524
0.764459,0.00061305
0.722883,0.364436
-14.2735,-15.2156
-19.7943,-36.3822
1.1e-08,0.231631
1.18732,0.2087
0.125401,0.254943
0.564552,1.1e-08
1.1e-08,0.177934
-0.706098,-0.064545
0.198881,0.0704434
0.062646,0.686303
0.823181,1.1e-08
0.1081,1.1e-08
0.934003,1.1e-08
1.16698,0.0960581
-6.3099,-5.14627
0.46028,0.0054787
-6.83217,-5.14584
0.310256,0.0645754
0.782659,1.1e-08
1.1746,0.320506
0.158454,0.135128
-19.681,-44.8507
0,1.1e-08
1.41355,0.612316
-14.7959,-24.255
1.59571,1.1e-08
0,1.1e-08
1.1e-08,0.273962
-1.5131,-0.381858
0,1.1e-08
-36.0096,-57.3038
0.157953,1.1e-08
0.755972,0.664657
1.1e-08,0.5029
0.0999796,0.00494941
1.1e-08,0.00813024
-17.7795,-40.5276
-11.3003,-13.6284
-3.27737,-1.10261
0.809357,0.444325
1.37176,0.0692357
1.1e-08,0.208673
-23.5854,-69.8199
-2.80223,-1.10282
0.686455,0.047978
1.59567,1.1e-08
-22.028,-57.2803
0.277185,0.340944
1.59573,1.1e-08
-19.6644,-46.3797
0.85954,0.265504
-17.6071,-37.7349
0.947278,1.1e-08
0.242833,1.1e-08
-2.78836,-0.882017
1.1e-08,0.279003
0.479975,1.1e-08
1.01601,0.240106
0.779304,1.1e-08
0.077303,1.1e-08
0,1.1e-08
0.483215,0.439097
-11.3273,-14.1864
0,1.1e-08
0.0687542,0.169503
0.0691177,0.54994
-0.384432,-0.00841062
0.73935,1.1e-08
0.368859,0.0508698
0.716532,0.0315498
0.201063,0.134619
0.704932,0.674638
0.462963,1.1e-08
-2.50876,-0.68608
-22.3988,-47.553
1.25748,1.1e-08
-0.868752,-0.0732856
-23.8299,-52.2757
1.59573,1.1e-08
1.50073,0.456003
-1.77811,-0.369269
0.973337,0.294873
0.93847,0.899412
0.336366,1.1e-08
1.1e-08,0.0402338
0.0560707,1.1e-08
-11.1205,-16.5254
-8.37061,-6.19859
0.995908,0.457757
0.834165,0.387259
0.489294,0.102333
1.30405,0.655735
-19.3331,-32.4716
0.3447,1.1e-08
0.0521201,0.294431
-1.20588,-0.146008
0.21559,1.1e-08
1.1e-08,0.177445
1.30558,0.145312
0.372068,0.100216
0.24537,0.337135
0.952144,0.155197
-16.4667,-28.812
-22.5584,-46.8224
0,1.1e-08
-3.97834,-1.617
1.15442,0.42606
0.415294,1.1e-08
0.434631,0.237421
-0.974442,-0.147879
1.29241,0.0237881
0.0629713,1.1e-08
0,1.1e-08
1.00195,1.1e-08
0.651665,0.204935
1.56319,1.1e-08
0.583748,1.1e-08
0.110646,0.0393528
0.565815,1.1e-08
-8.85432,-9.98601
0.278793,0.13546
-15.9634,-30.0125
-11.7085,-12.745
1.31484,0.256459
0.0968956,0.535824
0,1.1e-08
1.02258,0.14796
0.0607194,1.1e-08
0.0871031,0.338592
0.129797,0.0960297
1.43204,0.0763142
1.17362,0.252259
-5.72215,-3.74852
-1.80426,-0.123416
0.0124541,0.429629
0.676715,0.378495
0.367196,0.3802
0.738971,0.398083
0.587992,0.118379
0.341052,0.328548
0.215614,0.258354
0.943259,0.048481
0,1.1e-08
-17.8577,-15.9119
1.1e-08,0.0256451
1.03421,1.1e-08
0.130216,1.1e-08
0.79669,1.1e-08
-25.4205,-79.363
-17.6493,-15.6542
-29.4832,-73.8851
0.0545677,0.263968
1.27192,0.226502
1.22195,0.0818704
-25.6722,-55.9249
-21.0816,-47.1758
-1.21984,0.0121164
0.23591,1.1e-08
-14.3346,-25.3575
0.535845,0.00252077
0.670521,1.1e-08
0.543297,0.332491
0.920112,1.1e-08
-3.19792,-1.3475
0.163539,0.475712
0.372299,0.0709364
1.00087,0.0666273
-11.97,-13.6732
1.5226,0.0505238
-35.6493,-56.4728
1.48477,0.166031
0.330356,0.0129706
-8.48922,-7.34971
1.04178,0.613996
1.45159,0.0996021
1.11405,0.178717
0.375708,0.320652
0.722026,0.0354575
-10.6635,-12.4589
-20.4028,-40.508
0.106807,1.1e-08
-21.6459,-40.4985
0.894685,0.23403
0.823913,0.0571435
0,1.1e-08
1.42598,0.661507
1.47451,0.287542
0.267838,1.1e-08
0,1.1e-08
0.159431,1.1e-08
0.202111,0.0332121
1.14499,0.227586
-9.49038,-10.6462
0.587788,0.506753
0.991237,1.1e-08
0.809286,0.324246
0.0300982,0.0831563
1.1e-08,0.290571
1.37632,0.235783
0,1.1e-08
-20.5011,-52.2825
-25.5521,-49.3413
1.11217,0.628342
0.516583,0.324399
1.45858,0.190091
-23.1559,-60.9319
1.39784,0.205777
0.815748,0.179835
0.304245,0.038832
1.23058,0.127578
1.33037,0.0264442
-21.3664,-50.4632
1.04346,0.0646543
0.0286651,1.1e-08
0.865652,1.1e-08
1.39083,1.1e-08
1.49472,0.0508759
0.400938,0.0266407
1.58852,0.718171
-15.6311,-27.636
-17.127,-15.3867
-28.5134,-67.9877
1.1e-08,0.0147545
0.604554,1.1e-08
0.590283,1.1e-08
1.40474,0.258361
1.46369,1.1e-08
1.11251,0.0699881
0.766642,0.0740884
1.19342,0.118249
1.1e-08,0.126583
1.21021,0.556694
1.49961,1.1e-08
0.671809,0.549089
0.515927,0.168605
0.0151492,1.1e-08
1.121,1.1e-08
0,1.1e-08
-2.07873,-0.5145
0.74693,0.252341
-7.87074,-7.35179
0.0993482,0.0251064
1.00947,0.303199
-34.3096,-55.7945
0.430816,0.123415
1.4705,0.0559383
1.50441,0.394052
0.441904,0.146024
-13.79,-16.3178
-4.38966,-2.2295
0.349326,1.1e-08
0.685253,0.0315113
1.1e-08,0.30028
0.0319382,0.0271035
1.23625,0.891889
1.47721,0.100015
0.145761,0.117989
-34.8484,-55.454
0.73889,0.217895
-1.85778,0.260477
-18.0656,-47.7121
-19.6948,-41.9164
1.02846,0.264213
0.426337,1.1e-08
0.185425,1.1e-08
0.316025,0.425249
-0.830648,-0.0735213
1.35289,0.148865
0.164892,0.0277664
-7.05847,-6.76378
0.495639,0.378398
0.130152,0.0240446
1.5102,1.1e-08
-26.4778,-67.9865
-30.5351,-55.805
0.479006,0.0472104
-20.5109,-37.7317
0.793755,1.1e-08
1.09344,0.123107
1.08461,0.064026
0.00709244,0.511599
-15.4585,-32.5132
0.882371,0.392188
1.55063,0.284475
0.246126,0.0722247
-10.2008,-10.6606
1.09323,0.554389
0.873181,0.454107
1.21152,0.0323783
1.1e-08,0.00681277
0.518152,0.265194
-2.27168,-0.243073
-0.319135,-0.0462638
0.792752,0.170735
0.270322,0.0842414
1.2556,0.776416
1.1e-08,0.197399
1.06917,0.411049
0.170674,0.209564
0.746769,0.0961059
1.1979,0.149512
-11.3779,-14.6957
0,1.1e-08
1.57238,1.1e-08
0.0785789,0.0576399
1.01719,0.411599
1.1e-08,0.063711
-10.2602,-9.26292
1.22429,1.1e-08
-5.04883,-3.33193
1.10191,0.358267
0.102684,1.1e-08
-27.676,-53.0882
1.24594,0.232726
0.95201,0.0147153
0.00857177,1.1e-08
1.04999,0.0428523
-5.87186,-4.6547
-7.44885,-5.65947
0.168268,0.239399
-6.6837,-6.20148
1.33773,0.418628
1.58085,0.0973397
0.286297,1.1e-08
0.0393304,1.1e-08
-15.3582,-23.177
-14.941,-14.5746
0.239812,1.1e-08
0.356016,0.620279
-15.7633,-15.43
0,1.1e-08
0.293736,0.0120314
0.875873,1.1e-08
1.31678,0.517511
-22.2004,-43.4752
0.368292,0.20443
-17.8355,-28.812
0.981556,0.63733
0,1.1e-08
1.12058,0.141908
0.00401378,0.340173
0.0953667,0.264156
0.434408,1.1e-08
1.29617,0.573585
0.584806,0.676068
1.39257,0.0721357
0.330355,0.79624
-1.93503,-0.276942
-23.4832,-75.5597
1.27479,0.0368883
-25.7443,-64.3818
0.30925,1.1e-08
-16.2544,-37.7314
0.186851,0.263215
1.1e-08,0.5121
1.1e-08,0.54054
0.711235,0.193247
1.59565,0.076492
-24.628,-67.9908
0.258746,0.0113653
0.592076,0.353225
1.13683,0.0417243
0.931457,0.47923
1.15104,1.1e-08
1.36501,0.0310531
1.59571,0.585317
0.276411,0.410167
0.729785,0.116002
1.1e-08,0.633015
0.870739,0.102859
0.363041,0.815312
-13.6428,-24.2549
-2.14969,-0.685516
1.39043,1.1e-08
-21.4661,-60.8122
0.179332,0.0652945
-25.5741,-77.6886
1.22109,0.301884
0.0731563,0.200853
0.055242,0.447886
0.969039,1.1e-08
-21.8959,-52.7064
0.69908,0.817452
0.841604,0.0410176
1.4523,0.0450594
0.39019,1.1e-08
1.29027,1.1e-08
0.729112,0.16908
0.0613941,0.0345497
0.597495,0.0394678
-27.5933,-54.6132
0.0907207,0.0937627
0,1.1e-08
-6.36757,-4.65499
-6.21503,-4.18948
1.25915,0.148896
-23.5734,-78.0416
0.92521,0.202623
0.73266,0.278651
0.460697,0.230684
0.911453,0.434962
1.01491,0.0687531
0.0860543,1.1e-08
0.813846,0.122256
0.793453,0.0447141
1.40803,0.295249
0.537343,1.1e-08
0.400399,0.203058
-17.3147,-12.3112
0.997281,0.515475
-5.10281,-2.94001
0.152751,0.164425
0.869483,0.00797853
-1.06892,-0.0456112
1.08386,1.1e-08
-16.2236,-35.0563
1.1e-08,0.176548
-5.82605,-5.14408
-16.7198,-32.4093
0.856846,1.1e-08
0.886527,1.1e-08
0.921321,1.1e-08
-14.3617,-27.6361
0.877597,1.1e-08
-19.8186,-33.7608
0.566807,0.0795874
1.03257,0.562174
-5.90847,-3.332
0.587603,0.21311
1.28239,0.182038
0.184391,0.0982753
-12.8364,-16.3952
0.359856,0.0114683
-20.951,-56.527
1.54047,1.1e-08
-22.7832,-44.8362
-32.1946,-55.7665
0.0579291,0.0591101
-7.79447,-7.96344
-12.7655,-14.6648
-8.80272,-6.76175
-14.4726,-22.1196
-1.09177,-0.147012
0.49161,0.0704559
0.711746,0.311265
0.591467,0.00835556
0.457297,0.312017
0,1.1e-08
1.07977,0.0358932
0.163524,0.0824579
0.0654362,1.1e-08
0.817181,0.616123
-12.9035,-21.0945
-27.7217,-64.3866
1.1e-08,0.162159
1.04206,0.297637
0,1.1e-08
-9.64397,-9.29192
1.36551,1.1e-08
1.16003,0.162239
0.752775,1.1e-08
0.423295,1.1e-08
-26.5488,-72.6769
0.322052,0.0409247
0.826424,0.868489
1.1e-08,0.0960579
0.0199734,0.275757
0.882146,0.209934
0.167203,1.1e-08
1.1e-08,0.00599975
1.51793,0.0317666
1.23542,0.332735
0.843055,1.1e-08
1.24253,0.034507
-18.1388,-41.9221
1.42452,0.112278
-17.1445,-38.967
-3.46372,-1.3475
0.0975446,0.0563628
0.891257,0.271607
-17.9953,-32.5468
0.676686,0.250581
-19.1391,-40.4687
-6.89866,-4.65498
1.3492,0.0239124
1.37687,0.0401155
-30.4278,-57.1333
0,1.1e-08
-4.38796,-2.5725
-1.65773,-0.368661
0.960799,0.192614
-22.4162,-39.0859
-1.71503,-0.286736
0.411026,0.0880296
0.609117,0.100718
-26.3683,-62.6218
1.1e-08,0.488749
-24.6486,-57.1966
0.845753,0.181983
-12.1914,-15.4231
-17.1859,-15.6435
-26.2381,-53.9825
0.0311435,1.1e-08
-23.3286,-50.1229
0.922516,0.163388
0.852184,0.230336
1.1e-08,0.16454
0.970214,0.582651
1.3045,0.21919
0.286859,0.234584
1.27142,0.273078
1.23713,0.50345
1.1e-08,0.120534
-23.0892,-58.4074
0.558792,0.22851
-25.046,-47.6871
0.470192,0.113641
1.1e-08,0.187987
0.343669,0.0472472
0.286327,1.1e-08
-17.4962,-35.0629
0.247986,0.393177
1.1e-08,0.199572
1.01074,1.1e-08
-26.1966,-50.5979
1.06731,0.120127
1.4821,1.1e-08
1.39887,0.437134
1.26389,0.342735
0.938548,0.0226763
0.682822,1.1e-08
1.1e-08,0.143469
-34.8973,-58.238
1.1e-08,0.105258
-3.39718,-1.61701
1.18583,1.1e-08
1.0917,1.1e-08
1.1e-08,0.570787
0.277683,0.298205
0.162637,0.265031
0.407405,0.391621
1.49155,1.1e-08
0.902918,0.330959
0,1.1e-08
0.851568,1.1e-08
1.28278,1.1e-08
1.31752,1.1e-08
0.374817,1.1e-08
1.03724,0.0304286
0.792591,0.391072
0.622869,1.1e-08
-21.9349,-54.9071
0.808846,1.1e-08
1.1e-08,0.091622
1.37843,0.108756
0.0775341,0.492746
-3.03455,-1.10216
0.871629,0.495443
0.691121,0.621411
1.37123,0.580641
0.454018,1.1e-08
0.0184656,0.0377491
0.1484,0.0416362
1.16785,0.385988
-19.0316,-37.7244
0.708671,0.0875305
-5.46784,-3.33203
-27.7147,-69.8234
-1.71466,0.489743
0.898325,0.0917889
0.278544,1.1e-08
1.19184,0.350841
1.3656,1.1e-08
0.760784,0.430226
0,1.1e-08
1.1e-08,0.0209723
1.1e-08,0.0328632
-8.38937,-7.96152
-25.1694,-53.246
1.1e-08,0.677639
-10.7418,-13.2188
1.1e-08,0.242246
1.59575,0.0423881
0.699044,0.0952448
1.1e-08,0.241188
0.776973,1.1e-08
-7.78524,-6.19887
0.380489,1.1e-08
0.820726,0.698929
0.411014,1.1e-08
0.466463,0.653636
0.154898,0.524629
0.171827,0.300857
-0.665618,-0.0870405
0.268047,1.1e-08
1.3598,1.1e-08
0.0598023,1.1e-08
0.657166,1.1e-08
0.919898,1.1e-08
1.59573,1.1e-08
1.41198,1.1e-08
0.23576,0.0301573
0.711566,0.499208
0.547379,1.1e-08
1.35797,1.1e-08
1.1e-08,0.411977
1.19148,0.0230399
0,1.1e-08
1.07712,0.344036
-17.976,-15.5215
0,1.1e-08
0.115829,0.0810018
0.358161,0.175489
0.105582,1.1e-08
-22.1169,-49.4376
-27.6115,-73.5911
-2.16216,-0.243639
0.251367,0.205836
1.57261,1.1e-08
-16.18,-31.2406
1.1e-08,0.724351
0.890819,0.153711
0.399252,0.236729
-22.1045,-51.6518
-18.4102,-33.7609
0.54241,0.0944358
0.641063,0.109391
0,1.1e-08
0.649049,1.1e-08
0.952557,0.355714
0.128985,0.186241
0.315532,0.649329
0.659367,0.00630287
-13.5127,-13.9292
0.559289,0.0271926
1.04615,1.1e-08
0.908158,0.0213955
0.204641,0.356703
-21.9676,-45.1574
-27.5998,-71.6332
-8.00454,-5.65951
0.828311,0.3559
-21.1611,-44.8276
1.47043,1.1e-08
0.965125,0.087414
1.1e-08,0.15922
0.33708,0.0592222
0,1.1e-08
0.0544625,0.389484
-13.9933,-21.0945
1.45461,0.253752
1.28037,0.0708954
0.0383994,0.0799918
1.14969,1.1e-08
1.1e-08,0.227614
0.409518,0.0620303
0.487524,1.1e-08
-25.8601,-71.829
1.52507,1.1e-08
0,1.1e-08
1.14171,0.276838
-18.2766,-43.0556
1.20436,0.0828139
1.1e-08,0.0273489
0.66903,0.342167
1.08333,1.1e-08
0.0431131,0.529096
0.250682,1.1e-08
0.0396049,1.1e-08
1.20355,1.1e-08
0.126731,0.471056
0.198015,0.14329
-1.86811,0.0707632
0,1.1e-08
0.594343,0.159057
1.00085,1.1e-08
0.00496665,0.227052
2.88381e-06,1.04959
1.19642,0.177039
0.136089,1.1e-08
1.59571,1.1e-08
0.759739,0.468186
0.116166,0.125844
0.644648,1.1e-08
0.418612,0.0161249
-17.4733,-31.2369
-14.6215,-20.0902
1.1e-08,0.242208
0.0388553,0.4138
1.1e-08,0.0821179
0,1.1e-08
0.198579,1.1e-08
0.855465,0.0755262
0.130845,0.646435
1.4369,1.1e-08
0.313877,1.1e-08
0.449469,1.1e-08
-23.1455,-40.4977
0.527104,0.484084
0.785277,0.125114
0.601631,0.284847
-29.6093,-71.6976
0.385406,0.426353
0.759648,0.303256
1.1e-08,0.0049912
-9.00968,-12.1261
0.98633,0.215953
0.363986,1.1e-08
-10.9499,-9.26123
-1.29672,-0.147023
1.1e-08,0.0516516
0.769228,0.498079
-7.2848,-7.34776
0.481549,0.0408569
-1.83616,-0.221805
-21.9515,-54.2275
0.139913,0.2081
0.367767,0.249759
0.058623,0.0233373
1.49896,0.321383
-7.35535,-5.14459
0.962869,1.1e-08
1.59568,0.180935
0.687726,1.1e-08
0.947039,0.520821
1.02573,0.0152049
0.322737,0.283961
1.20727,0.0328699
-8.18917,-6.76272
0.941201,1.1e-08
0.290573,0.456736
0,1.1e-08
-14.517,-26.4844
-1.80803,0.031545
-21.1864,-57.583
0.350186,0.479449
0.181712,0.373446
0.787742,0.288235
1.42708,0.0296206
0.0617694,0.138365
0.943006,0.284584
-13.4103,-18.1545
1.15313,0.643704
-26.7672,-60.882
-4.37431,-1.911
1.12326,0.117871
0.784345,0.0942294
1.25757,0.0926198
1.15021,0.0243219
1.1e-08,0.415807
1.53477,0.47666
0.360982,1.1e-08
0.979774,0.248987
0,1.1e-08
-0.317599,0.0162871
1.47594,0.854652
0.0133743,0.553068
1.09923,0.696967
0.197163,0.510559
0.0711673,1.1e-08
0.993277,1.1e-08
0.819985,0.151231
0.194572,0.227085
1.27534,0.49117
1.34723,1.1e-08
0.000736003,1.1e-08
-13.9406,-19.1096
1.3599,0.886365
1.59567,1.1e-08
0.00316961,1.1e-08
0.453148,0.276454
-24.8881,-54.1531
-26.3089,-51.981
-20.2974,-35.06
0.979741,0.036238
0.407784,1.1e-08
-12.9429,-15.4978
1.50762,0.604919
0.915905,0.0805486
-12.4417,-20.0956
1.49997,-105.715
-13.0013,-23.177
-21.3437,-41.9208
1.58535,1.1e-08
-24.1266,-66.1312
1.12556,0.376397
0.570742,0.303462
0.384886,0.16517
1.13903,0.321295
0.703304,0.421967
0.377452,1.1e-08
0.376828,1.1e-08
0.232221,0.0740659
1.02195,1.0134
0.319534,1.1e-08
1.4012,0.762115
-14.9641,-31.2331
0.263462,0.187164
0.0146488,0.306478
-24.1712,-71.4583
-24.8716,-60.8739
0.848448,0.13125
0.980679,0.0399914
0.900287,0.118477
-15.1873,-15.4241
-9.1297,-7.34996
-9.55388,-8.59949
0.805049,1.1e-08
0.108985,0.357341
1.31561,0.333845
0.912085,1.1e-08
0.339591,0.55429
1.32383,0.459944
1.24329,0.0924633
0.334739,0.373642
0.976934,0.00209272
0.638422,0.172661
1.53724,0.242912
-12.0923,-14.4504
0.740238,0.0663985
-22.0173,-73.7105
0.569469,1.1e-08
0.612542,0.032735
1.39034,0.0329167
-14.1344,-23.177
-10.6315,-12.1712
0.706675,0.238434
-11.1224,-11.8571
0.586407,1.1e-08
0.100759,0.199649
1.59573,1.1e-08
-1.92571,-0.514493
0.638419,0.251733
0.711369,0.334724
0.566245,0.462686
-4.7427,-2.22951
0.789068,0.0103662
1.29342,0.877255
0.229369,0.368585
0.138999,0.276531
-15.7153,-26.4845
0.213121,0.830338
-31.1663,-58.5745
0.00496114,0.0247642
0.640627,0.308539
1.20187,1.1e-08
1.49669,0.226194
0.40975,0.288167
0.400761,1.1e-08
-10.9656,-10.6573
0.510692,1.1e-08
1.51174,0.0982468
-6.18725,-3.74849
0.309069,0.50275
0,1.1e-08
-19.558,-16.2912
0.0845497,1.1e-08
1.34071,0.110233
0.418757,1.1e-08
1.1e-08,0.480773
1.05443,0.323887
1.41929,1.1e-08
-17.3646,-30.0125
0.772357,1.1e-08
1.1e-08,0.363966
1.1e-08,0.448034
1.1e-08,0.440537
0.871007,0.0140464
1.02633,1.1e-08
0.573366,0.39666
0.443229,0.525624
-0.339931,-0.00749418
1.1e-08,0.254995
0.735999,1.1e-08
-16.946,-27.636
0.252687,0.0418515
0.616357,1.1e-08
-23.8844,-64.4009
1.05308,0.166712
-23.3335,-48.1936
1.5518,1.1e-08
0.623476,0.339708
0.230947,1.1e-08
-10.9424,-9.90682
-0.788207,-0.0721712
0.111171,1.1e-08
0.108841,1.1e-08
0.956995,1.1e-08
0.160459,0.337043
0.0913927,0.235956
0.759862,0.124789
1.53594,0.151694
0.890008,1.1e-08
0.638917,1.1e-08
0.978916,1.1e-08
0.0170841,0.121439
1.62715,0
