0.02,0.02,0
0.02,0.06,0
0.02,0.1,0
0.02,0.14,0
0.02,0.18,0
0.02,0.22,0
0.02,0.26,0
0.02,0.3,0
0.02,0.34,0
0.02,0.38,0
0.02,0.42,0
0.02,0.46,0
0.02,0.5,0
0.02,0.54,0
0.02,0.58,0
0.02,0.62,0
0.02,0.66,0
0.02,0.7,0
0.02,0.74,0
0.02,0.78,0
0.02,0.82,0
0.02,0.86,0
0.02,0.9,0
0.02,0.94,0
0.02,0.98,0
0.02,1.02,0
0.02,1.06,0
0.02,1.1,0
0.02,1.14,0
0.02,1.18,0
0.02,1.22,0
0.02,1.26,0
0.02,1.3,0
0.02,1.34,0
0.02,1.38,0
0.02,1.42,0
0.02,1.46,0
0.02,1.5,0
0.02,1.54,0
0.02,1.58,0
0.02,1.62,0
0.02,1.66,0
0.02,1.7,0
0.02,1.74,0
0.02,1.78,0
0.02,1.82,0
0.02,1.86,0
0.02,1.9,0
0.02,1.94,0
0.02,1.98,0
0.06,0.02,0
0.06,0.06,0
0.06,0.1,0
0.06,0.14,0
0.06,0.18,0
0.06,0.22,0
0.06,0.26,0
0.06,0.3,0
0.06,0.34,0
0.06,0.38,0
0.06,0.42,0
0.06,0.46,0
0.06,0.5,0
0.06,0.54,0
0.06,0.58,0
0.06,0.62,0
0.06,0.66,0
0.06,0.7,0
0.06,0.74,0
0.06,0.78,0
0.06,0.82,0
0.06,0.86,0
0.06,0.9,0
0.06,0.94,0
0.06,0.98,0
0.06,1.02,0
0.06,1.06,0
0.06,1.1,0
0.06,1.14,0
0.06,1.18,0
0.06,1.22,0
0.06,1.26,0
0.06,1.3,0
0.06,1.34,0
0.06,1.38,0
0.06,1.42,0
0.06,1.46,0
0.06,1.5,0
0.06,1.54,0
0.06,1.58,0
0.06,1.62,0
0.06,1.66,0
0.06,1.7,0
0.06,1.74,0
0.06,1.78,0
0.06,1.82,0
0.06,1.86,0
0.06,1.9,0
0.06,1.94,0
0.06,1.98,0
0.1,0.02,0
0.1,0.06,0
0.1,0.1,0
0.1,0.14,0
0.1,0.18,0
0.1,0.22,0
0.1,0.26,0
0.1,0.3,0
0.1,0.34,0
0.1,0.38,0
0.1,0.42,0
0.1,0.46,0
0.1,0.5,0
0.1,0.54,0
0.1,0.58,0
0.1,0.62,0
0.1,0.66,0
0.1,0.7,0
0.1,0.74,0
0.1,0.78,0
0.1,0.82,0
0.1,0.86,0
0.1,0.9,0
0.1,0.94,0
0.1,0.98,0
0.1,1.02,0
0.1,1.06,0
0.1,1.1,0
0.1,1.14,0
0.1,1.18,0
0.1,1.22,0
0.1,1.26,0
0.1,1.3,0
0.1,1.34,0
0.1,1.38,0
0.1,1.42,0
0.1,1.46,0
0.1,1.5,0
0.1,1.54,0
0.1,1.58,0
0.1,1.62,0
0.1,1.66,0
0.1,1.7,0
0.1,1.74,0
0.1,1.78,0
0.1,1.82,0
0.1,1.86,0
0.1,1.9,0
0.1,1.94,0
0.1,1.98,0
0.14,0.02,0
0.14,0.06,0
0.14,0.1,0
0.14,0.14,0
0.14,0.18,0
0.14,0.22,0
0.14,0.26,0
0.14,0.3,0
0.14,0.34,0
0.14,0.38,0
0.14,0.42,0
0.14,0.46,1.94762e-50
0.14,0.5,1.21433e-49
0.14,0.54,1.98269e-48
0.14,0.58,1.36779e-50
0.14,0.62,0
0.14,0.66,0
0.14,0.7,0
0.14,0.74,0
0.14,0.78,0
0.14,0.82,0
0.14,0.86,0
0.14,0.9,0
0.14,0.94,0
0.14,0.98,0
0.14,1.02,0
0.14,1.06,0
0.14,1.1,0
0.14,1.14,0
0.14,1.18,0
0.14,1.22,0
0.14,1.26,0
0.14,1.3,0
0.14,1.34,0
0.14,1.38,0
0.14,1.42,0
0.14,1.46,0
0.14,1.5,0
0.14,1.54,0
0.14,1.58,0
0.14,1.62,0
0.14,1.66,0
0.14,1.7,0
0.14,1.74,0
0.14,1.78,0
0.14,1.82,0
0.14,1.86,0
0.14,1.9,0
0.14,1.94,0
0.14,1.98,0
0.18,0.02,0
0.18,0.06,0
0.18,0.1,0
0.18,0.14,0
0.18,0.18,0
0.18,0.22,0
0.18,0.26,0
0.18,0.3,0
0.18,0.34,3.21112e-52
0.18,0.38,7.42201e-51
0.18,0.42,2.07621e-48
0.18,0.46,4.05658e-44
0.18,0.5,2.38397e-43
0.18,0.54,3.0315e-42
0.18,0.58,1.44743e-44
0.18,0.62,4.26726e-48
0.18,0.66,0
0.18,0.7,0
0.18,0.74,0
0.18,0.78,0
0.18,0.82,0
0.18,0.86,0
0.18,0.9,0
0.18,0.94,0
0.18,0.98,0
0.18,1.02,0
0.18,1.06,0
0.18,1.1,0
0.18,1.14,0
0.18,1.18,0
0.18,1.22,0
0.18,1.26,0
0.18,1.3,0
0.18,1.34,0
0.18,1.38,0
0.18,1.42,0
0.18,1.46,0
0.18,1.5,0
0.18,1.54,0
0.18,1.58,0
0.18,1.62,0
0.18,1.66,0
0.18,1.7,0
0.18,1.74,0
0.18,1.78,0
0.18,1.82,0
0.18,1.86,0
0.18,1.9,0
0.18,1.94,0
0.18,1.98,0
0.22,0.02,0
0.22,0.06,0
0.22,0.1,0
0.22,0.14,0
0.22,0.18,0
0.22,0.22,0
0.22,0.26,0
0.22,0.3,3.32523e-50
0.22,0.34,1.93874e-45
0.22,0.38,4.15367e-44
0.22,0.42,2.70855e-42
0.22,0.46,1.55955e-38
0.22,0.5,1.73362e-36
0.22,0.54,9.9654e-37
0.22,0.58,1.41244e-39
0.22,0.62,4.79948e-42
0.22,0.66,2.44036e-46
0.22,0.7,3.24765e-49
0.22,0.74,0
0.22,0.78,0
0.22,0.82,0
0.22,0.86,0
0.22,0.9,0
0.22,0.94,0
0.22,0.98,0
0.22,1.02,0
0.22,1.06,0
0.22,1.1,0
0.22,1.14,0
0.22,1.18,0
0.22,1.22,0
0.22,1.26,0
0.22,1.3,0
0.22,1.34,0
0.22,1.38,0
0.22,1.42,0
0.22,1.46,0
0.22,1.5,0
0.22,1.54,0
0.22,1.58,0
0.22,1.62,0
0.22,1.66,0
0.22,1.7,0
0.22,1.74,0
0.22,1.78,0
0.22,1.82,0
0.22,1.86,0
0.22,1.9,0
0.22,1.94,0
0.22,1.98,0
0.26,0.02,0
0.26,0.06,0
0.26,0.1,0
0.26,0.14,0
0.26,0.18,0
0.26,0.22,6.96872e-46
0.26,0.26,3.59703e-44
0.26,0.3,7.39449e-43
0.26,0.34,2.76487e-39
0.26,0.38,4.59833e-36
0.26,0.42,5.27175e-35
0.26,0.46,1.72914e-33
0.26,0.5,6.1873e-31
0.26,0.54,1.18777e-31
0.26,0.58,2.10924e-34
0.26,0.62,1.13996e-36
0.26,0.66,2.52563e-40
0.26,0.7,2.32355e-43
0.26,0.74,1.23211e-47
0.26,0.78,0
0.26,0.82,0
0.26,0.86,0
0.26,0.9,0
0.26,0.94,0
0.26,0.98,0
0.26,1.02,0
0.26,1.06,0
0.26,1.1,0
0.26,1.14,0
0.26,1.18,0
0.26,1.22,0
0.26,1.26,0
0.26,1.3,0
0.26,1.34,0
0.26,1.38,0
0.26,1.42,0
0.26,1.46,0
0.26,1.5,0
0.26,1.54,0
0.26,1.58,0
0.26,1.62,0
0.26,1.66,0
0.26,1.7,0
0.26,1.74,0
0.26,1.78,0
0.26,1.82,0
0.26,1.86,0
0.26,1.9,0
0.26,1.94,0
0.26,1.98,0
0.3,0.02,0
0.3,0.06,0
0.3,0.1,7.92483e-48
0.3,0.14,1.21433e-45
0.3,0.18,8.8958e-44
0.3,0.22,1.22632e-39
0.3,0.26,3.45025e-36
0.3,0.3,1.03515e-34
0.3,0.34,1.80622e-33
0.3,0.38,1.4079e-30
0.3,0.42,1.43945e-29
0.3,0.46,1.00141e-28
0.3,0.5,8.01721e-26
0.3,0.54,6.36926e-27
0.3,0.58,2.21493e-29
0.3,0.62,8.07545e-32
0.3,0.66,6.2028e-35
0.3,0.7,5.07541e-39
0.3,0.74,1.1933e-41
0.3,0.78,1.84747e-46
0.3,0.82,3.72635e-50
0.3,0.86,0
0.3,0.9,0
0.3,0.94,0
0.3,0.98,0
0.3,1.02,0
0.3,1.06,0
0.3,1.1,0
0.3,1.14,0
0.3,1.18,0
0.3,1.22,0
0.3,1.26,0
0.3,1.3,0
0.3,1.34,0
0.3,1.38,0
0.3,1.42,0
0.3,1.46,0
0.3,1.5,0
0.3,1.54,0
0.3,1.58,0
0.3,1.62,0
0.3,1.66,0
0.3,1.7,0
0.3,1.74,0
0.3,1.78,0
0.3,1.82,0
0.3,1.86,0
0.3,1.9,0
0.3,1.94,0
0.3,1.98,0
0.34,0.02,0
0.34,0.06,3.04065e-46
0.34,0.1,1.89001e-41
0.34,0.14,1.37261e-37
0.34,0.18,1.08032e-35
0.34,0.22,6.18265e-34
0.34,0.26,8.72308e-31
0.34,0.3,2.32824e-29
0.34,0.34,2.80862e-28
0.34,0.38,1.14785e-25
0.34,0.42,1.03775e-24
0.34,0.46,6.15358e-24
0.34,0.5,5.44273e-21
0.34,0.54,9.86113e-23
0.34,0.58,1.29999e-24
0.34,0.62,9.40177e-28
0.34,0.66,5.95164e-30
0.34,0.7,1.23182e-33
0.34,0.74,2.18797e-36
0.34,0.78,1.89307e-40
0.34,0.82,1.55985e-45
0.34,0.86,1.78595e-48
0.34,0.9,0
0.34,0.94,0
0.34,0.98,0
0.34,1.02,0
0.34,1.06,0
0.34,1.1,0
0.34,1.14,0
0.34,1.18,0
0.34,1.22,0
0.34,1.26,0
0.34,1.3,0
0.34,1.34,0
0.34,1.38,0
0.34,1.42,0
0.34,1.46,0
0.34,1.5,0
0.34,1.54,0
0.34,1.58,0
0.34,1.62,0
0.34,1.66,0
0.34,1.7,0
0.34,1.74,0
0.34,1.78,0
0.34,1.82,0
0.34,1.86,0
0.34,1.9,0
0.34,1.94,0
0.34,1.98,0
0.38,0.02,5.87131e-40
0.38,0.06,4.06733e-37
0.38,0.1,5.03475e-35
0.38,0.14,9.1339e-32
0.38,0.18,2.28703e-29
0.38,0.22,8.89725e-28
0.38,0.26,5.75031e-26
0.38,0.3,1.3252e-23
0.38,0.34,1.91997e-22
0.38,0.38,5.07627e-21
0.38,0.42,8.04786e-19
0.38,0.46,2.95763e-18
0.38,0.5,2.33819e-16
0.38,0.54,2.51202e-18
0.38,0.58,4.92169e-20
0.38,0.62,5.85469e-23
0.38,0.66,2.47311e-25
0.38,0.7,1.31731e-28
0.38,0.74,1.28161e-32
0.38,0.78,4.45736e-35
0.38,0.82,1.63227e-39
0.38,0.86,7.00131e-43
0.38,0.9,1.91446e-47
0.38,0.94,0
0.38,0.98,0
0.38,1.02,0
0.38,1.06,0
0.38,1.1,0
0.38,1.14,0
0.38,1.18,0
0.38,1.22,0
0.38,1.26,0
0.38,1.3,0
0.38,1.34,0
0.38,1.38,0
0.38,1.42,0
0.38,1.46,0
0.38,1.5,0
0.38,1.54,0
0.38,1.58,0
0.38,1.62,0
0.38,1.66,0
0.38,1.7,0
0.38,1.74,0
0.38,1.78,0
0.38,1.82,0
0.38,1.86,0
0.38,1.9,0
0.38,1.94,0
0.38,1.98,0
0.42,0.02,1.15466e-33
0.42,0.06,5.14478e-30
0.42,0.1,8.24922e-28
0.42,0.14,4.36341e-26
0.42,0.18,1.22781e-23
0.42,0.22,4.42957e-22
0.42,0.26,6.32439e-21
0.42,0.3,8.45812e-19
0.42,0.34,1.06303e-17
0.42,0.38,9.96535e-17
0.42,0.42,2.7465e-14
0.42,0.46,8.77837e-14
0.42,0.5,2.12124e-12
0.42,0.54,1.30079e-13
0.42,0.58,4.78587e-16
0.42,0.62,3.02762e-18
0.42,0.66,1.08109e-21
0.42,0.7,8.01109e-24
0.42,0.74,1.45024e-27
0.42,0.78,3.29928e-30
0.42,0.82,4.28969e-34
0.42,0.86,9.36352e-39
0.42,0.9,1.60611e-41
0.42,0.94,1.25267e-46
0.42,0.98,0
0.42,1.02,0
0.42,1.06,0
0.42,1.1,0
0.42,1.14,0
0.42,1.18,0
0.42,1.22,0
0.42,1.26,0
0.42,1.3,0
0.42,1.34,0
0.42,1.38,0
0.42,1.42,0
0.42,1.46,0
0.42,1.5,0
0.42,1.54,0
0.42,1.58,0
0.42,1.62,0
0.42,1.66,0
0.42,1.7,0
0.42,1.74,0
0.42,1.78,0
0.42,1.82,0
0.42,1.86,0
0.42,1.9,0
0.42,1.94,0
0.42,1.98,0
0.46,0.02,5.1862e-28
0.46,0.06,8.87597e-25
0.46,0.1,1.80701e-22
0.46,0.14,9.20643e-21
0.46,0.18,5.43887e-19
0.46,0.22,9.49771e-17
0.46,0.26,1.85736e-15
0.46,0.3,3.41892e-14
0.46,0.34,2.26792e-12
0.46,0.38,1.42023e-11
0.46,0.42,4.61289e-10
0.46,0.46,1.16291e-09
0.46,0.5,1.76255e-08
0.46,0.54,1.58334e-09
0.46,0.58,1.15934e-11
0.46,0.62,1.59528e-13
0.46,0.66,6.91373e-17
0.46,0.7,2.46803e-19
0.46,0.74,1.07402e-22
0.46,0.78,9.8805e-27
0.46,0.82,4.54573e-29
0.46,0.86,2.65612e-33
0.46,0.9,4.34651e-37
0.46,0.94,1.31367e-40
0.46,0.98,6.1704e-46
0.46,1.02,0
0.46,1.06,0
0.46,1.1,0
0.46,1.14,0
0.46,1.18,0
0.46,1.22,0
0.46,1.26,0
0.46,1.3,0
0.46,1.34,0
0.46,1.38,0
0.46,1.42,0
0.46,1.46,0
0.46,1.5,0
0.46,1.54,0
0.46,1.58,0
0.46,1.62,0
0.46,1.66,0
0.46,1.7,0
0.46,1.74,0
0.46,1.78,0
0.46,1.82,0
0.46,1.86,0
0.46,1.9,0
0.46,1.94,0
0.46,1.98,0
0.5,0.02,6.68966e-22
0.5,0.06,1.41773e-19
0.5,0.1,1.69701e-17
0.5,0.14,8.14199e-16
0.5,0.18,1.912e-14
0.5,0.22,1.63396e-12
0.5,0.26,2.72216e-11
0.5,0.3,3.48966e-10
0.5,0.34,2.11002e-08
0.5,0.38,1.13913e-07
0.5,0.42,1.34253e-06
0.5,0.46,1.1207e-05
0.5,0.5,2.74386e-05
0.5,0.54,3.26353e-06
0.5,0.58,1.93655e-07
0.5,0.62,3.77438e-10
0.5,0.66,7.25606e-12
0.5,0.7,8.09979e-16
0.5,0.74,6.44179e-18
0.5,0.78,8.37611e-22
0.5,0.82,1.52565e-24
0.5,0.86,3.41809e-28
0.5,0.9,1.22917e-32
0.5,0.94,2.40296e-35
0.5,0.98,7.46418e-40
0.5,1.02,2.56824e-45
0.5,1.06,0
0.5,1.1,0
0.5,1.14,0
0.5,1.18,0
0.5,1.22,0
0.5,1.26,0
0.5,1.3,0
0.5,1.34,0
0.5,1.38,0
0.5,1.42,0
0.5,1.46,0
0.5,1.5,0
0.5,1.54,0
0.5,1.58,0
0.5,1.62,0
0.5,1.66,0
0.5,1.7,0
0.5,1.74,0
0.5,1.78,0
0.5,1.82,0
0.5,1.86,0
0.5,1.9,0
0.5,1.94,0
0.5,1.98,0
0.54,0.02,5.11839e-17
0.54,0.06,1.19296e-14
0.54,0.1,6.39231e-13
0.54,0.14,3.69233e-11
0.54,0.18,9.18401e-10
0.54,0.22,1.54797e-08
0.54,0.26,2.56917e-07
0.54,0.3,2.18025e-06
0.54,0.34,2.91126e-05
0.54,0.38,0.000120946
0.54,0.42,0.000737262
0.54,0.46,0.00392953
0.54,0.5,0.00761219
0.54,0.54,0.00269812
0.54,0.58,0.000250866
0.54,0.62,8.76468e-06
0.54,0.66,7.35146e-08
0.54,0.7,1.42558e-10
0.54,0.74,3.02061e-14
0.54,0.78,7.15625e-17
0.54,0.82,4.49587e-21
0.54,0.86,2.32804e-23
0.54,0.9,1.84526e-27
0.54,0.94,4.74314e-32
0.54,0.98,2.03233e-34
0.54,1.02,3.54547e-39
0.54,1.06,9.86698e-45
0.54,1.1,0
0.54,1.14,0
0.54,1.18,0
0.54,1.22,0
0.54,1.26,0
0.54,1.3,0
0.54,1.34,0
0.54,1.38,0
0.54,1.42,0
0.54,1.46,0
0.54,1.5,0
0.54,1.54,0
0.54,1.58,0
0.54,1.62,0
0.54,1.66,0
0.54,1.7,0
0.54,1.74,0
0.54,1.78,0
0.54,1.82,0
0.54,1.86,0
0.54,1.9,0
0.54,1.94,0
0.54,1.98,0
0.58,0.02,9.75602e-13
0.58,0.06,1.27839e-10
0.58,0.1,4.58052e-09
0.58,0.14,1.23504e-07
0.58,0.18,2.12244e-06
0.58,0.22,2.30612e-05
0.58,0.26,0.000230214
0.58,0.3,0.0014206
0.58,0.34,0.00782086
0.58,0.38,0.0275453
0.58,0.42,0.090947
0.58,0.46,0.275607
0.58,0.5,0.464779
0.58,0.54,0.327329
0.58,0.58,0.0872347
0.58,0.62,0.00721449
0.58,0.66,0.000195212
0.58,0.7,3.39668e-06
0.58,0.74,1.57513e-09
0.58,0.78,1.00981e-11
0.58,0.82,5.01203e-16
0.58,0.86,1.86766e-20
0.58,0.9,1.78321e-22
0.58,0.94,8.28625e-27
0.58,0.98,1.66006e-31
0.58,1.02,1.32773e-36
0.58,1.06,2.6072e-42
0.58,1.1,0
0.58,1.14,0
0.58,1.18,0
0.58,1.22,0
0.58,1.26,0
0.58,1.3,0
0.58,1.34,0
0.58,1.38,0
0.58,1.42,0
0.58,1.46,0
0.58,1.5,0
0.58,1.54,0
0.58,1.58,0
0.58,1.62,0
0.58,1.66,0
0.58,1.7,0
0.58,1.74,0
0.58,1.78,0
0.58,1.82,0
0.58,1.86,0
0.58,1.9,0
0.58,1.94,0
0.58,1.98,0
0.62,0.02,4.08094e-09
0.62,0.06,3.10351e-07
0.62,0.1,7.34716e-06
0.62,0.14,9.83798e-05
0.62,0.18,0.000893372
0.62,0.22,0.0059103
0.62,0.26,0.0321752
0.62,0.3,0.131588
0.62,0.34,0.44851
0.62,0.38,1.21314
0.62,0.42,2.67699
0.62,0.46,5.13717
0.62,0.5,7.37912
0.62,0.54,7.21554
0.62,0.58,4.45328
0.62,0.62,1.1981
0.62,0.66,0.0966781
0.62,0.7,0.00241777
0.62,0.74,6.44332e-05
0.62,0.78,1.1485e-08
0.62,0.82,1.58697e-10
0.62,0.86,2.66532e-15
0.62,0.9,6.68137e-20
0.62,0.94,1.47849e-24
0.62,0.98,2.08636e-29
0.62,1.02,1.39046e-34
0.62,1.06,2.50023e-40
0.62,1.1,0
0.62,1.14,0
0.62,1.18,0
0.62,1.22,0
0.62,1.26,0
0.62,1.3,0
0.62,1.34,0
0.62,1.38,0
0.62,1.42,0
0.62,1.46,0
0.62,1.5,0
0.62,1.54,0
0.62,1.58,0
0.62,1.62,0
0.62,1.66,0
0.62,1.7,0
0.62,1.74,0
0.62,1.78,0
0.62,1.82,0
0.62,1.86,0
0.62,1.9,0
0.62,1.94,0
0.62,1.98,0
0.66,0.02,2.33772e-06
0.66,0.06,8.90144e-05
0.66,0.1,0.00116233
0.66,0.14,0.00929744
0.66,0.18,0.0535214
0.66,0.22,0.238747
0.66,0.26,0.858912
0.66,0.3,2.48313
0.66,0.34,5.95002
0.66,0.38,11.875
0.66,0.42,20.0246
0.66,0.46,29.0995
0.66,0.5,36.6275
0.66,0.54,39.4081
0.66,0.58,35.73
0.66,0.62,23.7183
0.66,0.66,7.35332
0.66,0.7,0.674958
0.66,0.74,0.0251091
0.66,0.78,0.000721732
0.66,0.82,6.36256e-08
0.66,0.86,3.14679e-13
0.66,0.9,4.84856e-18
0.66,0.94,8.4131e-23
0.66,0.98,1.05179e-27
0.66,1.02,6.70066e-33
0.66,1.06,1.21124e-38
0.66,1.1,0
0.66,1.14,0
0.66,1.18,0
0.66,1.22,0
0.66,1.26,0
0.66,1.3,0
0.66,1.34,0
0.66,1.38,0
0.66,1.42,0
0.66,1.46,0
0.66,1.5,0
0.66,1.54,0
0.66,1.58,0
0.66,1.62,0
0.66,1.66,0
0.66,1.7,0
0.66,1.74,0
0.66,1.78,0
0.66,1.82,0
0.66,1.86,0
0.66,1.9,0
0.66,1.94,0
0.66,1.98,0
0.7,0.02,0.000229745
0.7,0.06,0.00470505
0.7,0.1,0.0348011
0.7,0.14,0.169091
0.7,0.18,0.632985
0.7,0.22,1.9545
0.7,0.26,5.12363
0.7,0.3,11.4409
0.7,0.34,21.816
0.7,0.38,35.971
0.7,0.42,52.1169
0.7,0.46,67.5204
0.7,0.5,78.2544
0.7,0.54,84.0489
0.7,0.58,85.3368
0.7,0.62,79.0651
0.7,0.66,58.62
0.7,0.7,22.5829
0.7,0.74,2.75683
0.7,0.78,0.0970604
0.7,0.82,4.05123e-06
0.7,0.86,1.13432e-11
0.7,0.9,1.40549e-16
0.7,0.94,2.22846e-21
0.7,0.98,2.73048e-26
0.7,1.02,1.7878e-31
0.7,1.06,3.43295e-37
0.7,1.1,0
0.7,1.14,0
0.7,1.18,0
0.7,1.22,0
0.7,1.26,0
0.7,1.3,0
0.7,1.34,0
0.7,1.38,0
0.7,1.42,0
0.7,1.46,0
0.7,1.5,0
0.7,1.54,0
0.7,1.58,0
0.7,1.62,0
0.7,1.66,0
0.7,1.7,0
0.7,1.74,0
0.7,1.78,0
0.7,1.82,0
0.7,1.86,0
0.7,1.9,0
0.7,1.94,0
0.7,1.98,0
0.74,0.02,0.0038362
0.74,0.06,0.0500451
0.74,0.1,0.246522
0.74,0.14,0.856546
0.74,0.18,2.43466
0.74,0.22,5.96134
0.74,0.26,12.7582
0.74,0.3,23.8349
0.74,0.34,38.9983
0.74,0.38,56.8725
0.74,0.42,74.24
0.74,0.46,89.1098
0.74,0.5,99.5854
0.74,0.54,105.92
0.74,0.58,110.305
0.74,0.62,112.851
0.74,0.66,111.364
0.74,0.7,91.48
0.74,0.74,35.8068
0.74,0.78,2.91638
0.74,0.82,9.29684e-05
0.74,0.86,1.80374e-10
0.74,0.9,2.04637e-15
0.74,0.94,3.23624e-20
0.74,0.98,4.14205e-25
0.74,1.02,2.92692e-30
0.74,1.06,6.20909e-36
0.74,1.1,0
0.74,1.14,0
0.74,1.18,0
0.74,1.22,0
0.74,1.26,0
0.74,1.3,0
0.74,1.34,0
0.74,1.38,0
0.74,1.42,0
0.74,1.46,0
0.74,1.5,0
0.74,1.54,0
0.74,1.58,0
0.74,1.62,0
0.74,1.66,0
0.74,1.7,0
0.74,1.74,0
0.74,1.78,0
0.74,1.82,0
0.74,1.86,0
0.74,1.9,0
0.74,1.94,0
0.74,1.98,0
0.78,0.02,0.02651
0.78,0.06,0.256816
0.78,0.1,0.893622
0.78,0.14,2.36564
0.78,0.18,5.46443
0.78,0.22,11.2485
0.78,0.26,20.6958
0.78,0.3,33.7432
0.78,0.34,49.008
0.78,0.38,64.5216
0.78,0.42,78.6486
0.78,0.46,90.8523
0.78,0.5,101.076
0.78,0.54,106.32
0.78,0.58,108.756
0.78,0.62,111.803
0.78,0.66,118.282
0.78,0.7,129.434
0.78,0.74,113.202
0.78,0.78,28.5887
0.78,0.82,0.000982089
0.78,0.86,1.49821e-09
0.78,0.9,1.69655e-14
0.78,0.94,2.84252e-19
0.78,0.98,3.97627e-24
0.78,1.02,3.14359e-29
0.78,1.06,7.59298e-35
0.78,1.1,0
0.78,1.14,0
0.78,1.18,0
0.78,1.22,0
0.78,1.26,0
0.78,1.3,0
0.78,1.34,0
0.78,1.38,0
0.78,1.42,0
0.78,1.46,0
0.78,1.5,0
0.78,1.54,0
0.78,1.58,0
0.78,1.62,0
0.78,1.66,0
0.78,1.7,0
0.78,1.74,0
0.78,1.78,0
0.78,1.82,0
0.78,1.86,0
0.78,1.9,0
0.78,1.94,0
0.78,1.98,0
0.82,0.02,255
0.82,0.06,10.4173
0.82,0.1,2.55605
0.82,0.14,5.09367
0.82,0.18,9.58898
0.82,0.22,16.3958
0.82,0.26,25.7488
0.82,0.3,37.0592
0.82,0.34,49.1311
0.82,0.38,60.7233
0.82,0.42,70.9898
0.82,0.46,79.3982
0.82,0.5,86.0573
0.82,0.54,90.608
0.82,0.58,94.7772
0.82,0.62,99.9488
0.82,0.66,107.659
0.82,0.7,119.458
0.82,0.74,138.088
0.82,0.78,107.798
0.82,0.82,0.00544234
0.82,0.86,7.25966e-09
0.82,0.9,8.71564e-14
0.82,0.94,1.6136e-18
0.82,0.98,2.54713e-23
0.82,1.02,2.3138e-28
0.82,1.06,6.51833e-34
0.82,1.1,0
0.82,1.14,0
0.82,1.18,0
0.82,1.22,0
0.82,1.26,0
0.82,1.3,0
0.82,1.34,0
0.82,1.38,0
0.82,1.42,0
0.82,1.46,0
0.82,1.5,0
0.82,1.54,0
0.82,1.58,0
0.82,1.62,0
0.82,1.66,0
0.82,1.7,0
0.82,1.74,0
0.82,1.78,0
0.82,1.82,0
0.82,1.86,0
0.82,1.9,0
0.82,1.94,0
0.82,1.98,0
0.86,0.02,255
0.86,0.06,147.39
0.86,0.1,60.2156
0.86,0.14,28.659
0.86,0.18,19.9801
0.86,0.22,20.962
0.86,0.26,26.2666
0.86,0.3,33.4979
0.86,0.34,41.3124
0.86,0.38,48.7501
0.86,0.42,55.0527
0.86,0.46,59.7307
0.86,0.5,67.3626
0.86,0.54,76.7793
0.86,0.58,87.5665
0.86,0.62,97.8577
0.86,0.66,107.659
0.86,0.7,117.67
0.86,0.74,130.148
0.86,0.78,152.49
0.86,0.82,0.0172568
0.86,0.86,2.22066e-08
0.86,0.9,2.92947e-13
0.86,0.94,6.14957e-18
0.86,0.98,1.11718e-22
0.86,1.02,1.18805e-27
0.86,1.06,3.98567e-33
0.86,1.1,0
0.86,1.14,0
0.86,1.18,0
0.86,1.22,0
0.86,1.26,0
0.86,1.3,0
0.86,1.34,0
0.86,1.38,0
0.86,1.42,0
0.86,1.46,0
0.86,1.5,0
0.86,1.54,0
0.86,1.58,0
0.86,1.62,0
0.86,1.66,0
0.86,1.7,0
0.86,1.74,0
0.86,1.78,0
0.86,1.82,0
0.86,1.86,0
0.86,1.9,0
0.86,1.94,0
0.86,1.98,0
0.9,0.02,255
0.9,0.06,246.044
0.9,0.1,231.525
0.9,0.14,218.196
0.9,0.18,206.982
0.9,0.22,195.525
0.9,0.26,184.609
0.9,0.3,175.287
0.9,0.34,168.064
0.9,0.38,161.979
0.9,0.42,154.407
0.9,0.46,147.524
0.9,0.5,140.781
0.9,0.54,135.308
0.9,0.58,131.761
0.9,0.62,129.719
0.9,0.66,129.387
0.9,0.7,130.714
0.9,0.74,134.906
0.9,0.78,150.439
0.9,0.82,0.0299094
0.9,0.86,4.17154e-08
0.9,0.9,6.18729e-13
0.9,0.94,1.50428e-17
0.9,0.98,3.17184e-22
0.9,1.02,4.01522e-27
0.9,1.06,1.67394e-32
0.9,1.1,0
0.9,1.14,0
0.9,1.18,0
0.9,1.22,0
0.9,1.26,0
0.9,1.3,0
0.9,1.34,0
0.9,1.38,0
0.9,1.42,0
0.9,1.46,0
0.9,1.5,0
0.9,1.54,0
0.9,1.58,0
0.9,1.62,0
0.9,1.66,0
0.9,1.7,0
0.9,1.74,0
0.9,1.78,0
0.9,1.82,0
0.9,1.86,0
0.9,1.9,0
0.9,1.94,0
0.9,1.98,0
0.94,0.02,255
0.94,0.06,204.863
0.94,0.1,141.525
0.94,0.14,101.214
0.94,0.18,81.2062
0.94,0.22,72.1504
0.94,0.26,69.3947
0.94,0.3,69.8844
0.94,0.34,72.0752
0.94,0.38,75.2713
0.94,0.42,79.0707
0.94,0.46,83.2085
0.94,0.5,87.5153
0.94,0.54,91.9281
0.94,0.58,96.6495
0.94,0.62,102.286
0.94,0.66,109.43
0.94,0.7,120.116
0.94,0.74,132.691
0.94,0.78,125.558
0.94,0.82,0.0129321
0.94,0.86,1.82192e-08
0.94,0.9,2.42335e-13
0.94,0.94,5.26566e-18
0.94,0.98,1.0079e-22
0.94,1.02,1.17991e-27
0.94,1.06,4.77341e-33
0.94,1.1,0
0.94,1.14,0
0.94,1.18,0
0.94,1.22,0
0.94,1.26,0
0.94,1.3,0
0.94,1.34,0
0.94,1.38,0
0.94,1.42,0
0.94,1.46,0
0.94,1.5,0
0.94,1.54,0
0.94,1.58,0
0.94,1.62,0
0.94,1.66,0
0.94,1.7,0
0.94,1.74,0
0.94,1.78,0
0.94,1.82,0
0.94,1.86,0
0.94,1.9,0
0.94,1.94,0
0.94,1.98,0
0.98,0.02,255
0.98,0.06,87.5233
0.98,0.1,21.2356
0.98,0.14,15.1872
0.98,0.18,20.3421
0.98,0.22,28.1571
0.98,0.26,36.5589
0.98,0.3,44.8742
0.98,0.34,53.0286
0.98,0.38,61.1353
0.98,0.42,69.1657
0.98,0.46,76.7771
0.98,0.5,83.4429
0.98,0.54,89.6408
0.98,0.58,97.7012
0.98,0.62,110.326
0.98,0.66,120.716
0.98,0.7,119.752
0.98,0.74,108.502
0.98,0.78,38.8657
0.98,0.82,0.00285818
0.98,0.86,4.43035e-09
0.98,0.9,5.46287e-14
0.98,0.94,1.09152e-18
0.98,0.98,1.94714e-23
0.98,1.02,2.14553e-28
0.98,1.06,8.33164e-34
0.98,1.1,0
0.98,1.14,0
0.98,1.18,0
0.98,1.22,0
0.98,1.26,0
0.98,1.3,0
0.98,1.34,0
0.98,1.38,0
0.98,1.42,0
0.98,1.46,0
0.98,1.5,0
0.98,1.54,0
0.98,1.58,0
0.98,1.62,0
0.98,1.66,0
0.98,1.7,0
0.98,1.74,0
0.98,1.78,0
0.98,1.82,0
0.98,1.86,0
0.98,1.9,0
0.98,1.94,0
0.98,1.98,0
1.02,0.02,255
1.02,0.06,1.16038
1.02,0.1,3.96679
1.02,0.14,8.20865
1.02,0.18,14.3366
1.02,0.22,21.3917
1.02,0.26,28.2688
1.02,0.3,34.7788
1.02,0.34,41.7859
1.02,0.38,49.6524
1.02,0.42,57.5381
1.02,0.46,64.5952
1.02,0.5,71.2812
1.02,0.54,78.6997
1.02,0.58,86.0562
1.02,0.62,93.0592
1.02,0.66,92.2015
1.02,0.7,75.657
1.02,0.74,36.1858
1.02,0.78,4.03485
1.02,0.82,0.000302396
1.02,0.86,5.88174e-10
1.02,0.9,7.24966e-15
1.02,0.94,1.40802e-19
1.02,0.98,2.44284e-24
1.02,1.02,2.60041e-29
1.02,1.06,9.71114e-35
1.02,1.1,0
1.02,1.14,0
1.02,1.18,0
1.02,1.22,0
1.02,1.26,0
1.02,1.3,0
1.02,1.34,0
1.02,1.38,0
1.02,1.42,0
1.02,1.46,0
1.02,1.5,0
1.02,1.54,0
1.02,1.58,0
1.02,1.62,0
1.02,1.66,0
1.02,1.7,0
1.02,1.74,0
1.02,1.78,0
1.02,1.82,0
1.02,1.86,0
1.02,1.9,0
1.02,1.94,0
1.02,1.98,0
1.06,0.02,0.0520883
1.06,0.06,0.48497
1.06,0.1,1.621
1.06,0.14,3.7306
1.06,0.18,6.72331
1.06,0.22,10.1104
1.06,0.26,13.3069
1.06,0.3,16.2479
1.06,0.34,19.612
1.06,0.38,24.1203
1.06,0.42,29.9777
1.06,0.46,36.9564
1.06,0.5,44.3044
1.06,0.54,50.9848
1.06,0.58,54.5036
1.06,0.62,52.5103
1.06,0.66,40.8736
1.06,0.7,18.2147
1.06,0.74,2.57365
1.06,0.78,0.116408
1.06,0.82,1.35459e-05
1.06,0.86,3.88958e-11
1.06,0.9,5.33804e-16
1.06,0.94,1.08898e-20
1.06,0.98,1.94361e-25
1.06,1.02,2.06808e-30
1.06,1.06,7.53027e-36
1.06,1.1,0
1.06,1.14,0
1.06,1.18,0
1.06,1.22,0
1.06,1.26,0
1.06,1.3,0
1.06,1.34,0
1.06,1.38,0
1.06,1.42,0
1.06,1.46,0
1.06,1.5,0
1.06,1.54,0
1.06,1.58,0
1.06,1.62,0
1.06,1.66,0
1.06,1.7,0
1.06,1.74,0
1.06,1.78,0
1.06,1.82,0
1.06,1.86,0
1.06,1.9,0
1.06,1.94,0
1.06,1.98,0
1.1,0.02,0.0082403
1.1,0.06,0.0927823
1.1,0.1,0.36505
1.1,0.14,0.900087
1.1,0.18,1.62217
1.1,0.22,2.34658
1.1,0.26,3.023
1.1,0.3,3.83863
1.1,0.34,5.05565
1.1,0.38,6.83914
1.1,0.42,9.36287
1.1,0.46,12.3756
1.1,0.5,16.0975
1.1,0.54,18.3273
1.1,0.58,17.5604
1.1,0.62,12.5425
1.1,0.66,4.63736
1.1,0.7,0.531565
1.1,0.74,0.0203868
1.1,0.78,0.000564582
1.1,0.82,2.0036e-07
1.1,0.86,1.0956e-12
1.1,0.9,1.95938e-17
1.1,0.94,4.67452e-22
1.1,0.98,9.23746e-27
1.1,1.02,1.02812e-31
1.1,1.06,3.74802e-37
1.1,1.1,0
1.1,1.14,0
1.1,1.18,0
1.1,1.22,0
1.1,1.26,0
1.1,1.3,0
1.1,1.34,0
1.1,1.38,0
1.1,1.42,0
1.1,1.46,0
1.1,1.5,0
1.1,1.54,0
1.1,1.58,0
1.1,1.62,0
1.1,1.66,0
1.1,1.7,0
1.1,1.74,0
1.1,1.78,0
1.1,1.82,0
1.1,1.86,0
1.1,1.9,0
1.1,1.94,0
1.1,1.98,0
1.14,0.02,0.000391856
1.14,0.06,0.00579517
1.14,0.1,0.0275161
1.14,0.14,0.075409
1.14,0.18,0.14233
1.14,0.22,0.207527
1.14,0.26,0.26757
1.14,0.3,0.352471
1.14,0.34,0.506093
1.14,0.38,0.763527
1.14,0.42,1.16991
1.14,0.46,1.75412
1.14,0.5,2.53483
1.14,0.54,2.61559
1.14,0.58,1.76339
1.14,0.62,0.587701
1.14,0.66,0.0653252
1.14,0.7,0.00251282
1.14,0.74,4.66151e-05
1.14,0.78,4.02751e-08
1.14,0.82,3.05387e-10
1.14,0.86,9.01574e-15
1.14,0.9,2.91161e-19
1.14,0.94,9.70435e-24
1.14,0.98,2.36637e-28
1.14,1.02,2.94471e-33
1.14,1.06,1.12302e-38
1.14,1.1,0
1.14,1.14,0
1.14,1.18,0
1.14,1.22,0
1.14,1.26,0
1.14,1.3,0
1.14,1.34,0
1.14,1.38,0
1.14,1.42,0
1.14,1.46,0
1.14,1.5,0
1.14,1.54,0
1.14,1.58,0
1.14,1.62,0
1.14,1.66,0
1.14,1.7,0
1.14,1.74,0
1.14,1.78,0
1.14,1.82,0
1.14,1.86,0
1.14,1.9,0
1.14,1.94,0
1.14,1.98,0
1.18,0.02,1.81119e-06
1.18,0.06,4.2892e-05
1.18,0.1,0.000299448
1.18,0.14,0.00111133
1.18,0.18,0.00265819
1.18,0.22,0.00467336
1.18,0.26,0.00691077
1.18,0.3,0.00985242
1.18,0.34,0.015391
1.18,0.38,0.0267013
1.18,0.42,0.0488416
1.18,0.46,0.0873076
1.18,0.5,0.144925
1.18,0.54,0.113629
1.18,0.58,0.0398221
1.18,0.62,0.00477624
1.18,0.66,0.000204995
1.18,0.7,2.67494e-06
1.18,0.74,6.53859e-09
1.18,0.78,1.76102e-11
1.18,0.82,2.07616e-15
1.18,0.86,1.0019e-19
1.18,0.9,8.59758e-22
1.18,0.94,7.02515e-26
1.18,0.98,2.66129e-30
1.18,1.02,4.19442e-35
1.18,1.06,1.81152e-40
1.18,1.1,0
1.18,1.14,0
1.18,1.18,0
1.18,1.22,0
1.18,1.26,0
1.18,1.3,0
1.18,1.34,0
1.18,1.38,0
1.18,1.42,0
1.18,1.46,0
1.18,1.5,0
1.18,1.54,0
1.18,1.58,0
1.18,1.62,0
1.18,1.66,0
1.18,1.7,0
1.18,1.74,0
1.18,1.78,0
1.18,1.82,0
1.18,1.86,0
1.18,1.9,0
1.18,1.94,0
1.18,1.98,0
1.22,0.02,7.86247e-10
1.22,0.06,3.06319e-08
1.22,0.1,3.40364e-07
1.22,0.14,1.95977e-06
1.22,0.18,7.08184e-06
1.22,0.22,1.81641e-05
1.22,0.26,3.81337e-05
1.22,0.3,7.49537e-05
1.22,0.34,0.000152831
1.22,0.38,0.000289648
1.22,0.42,0.000637164
1.22,0.46,0.00132539
1.22,0.5,0.00287039
1.22,0.54,0.00142313
1.22,0.58,0.000206334
1.22,0.62,1.08316e-05
1.22,0.66,1.05371e-07
1.22,0.7,7.78789e-10
1.22,0.74,3.20416e-14
1.22,0.78,4.10813e-16
1.22,0.82,3.23375e-20
1.22,0.86,1.76528e-22
1.22,0.9,2.35128e-26
1.22,0.94,1.16262e-30
1.22,0.98,6.45265e-33
1.22,1.02,2.0566e-37
1.22,1.06,1.23786e-42
1.22,1.1,0
1.22,1.14,0
1.22,1.18,0
1.22,1.22,0
1.22,1.26,0
1.22,1.3,0
1.22,1.34,0
1.22,1.38,0
1.22,1.42,0
1.22,1.46,0
1.22,1.5,0
1.22,1.54,0
1.22,1.58,0
1.22,1.62,0
1.22,1.66,0
1.22,1.7,0
1.22,1.74,0
1.22,1.78,0
1.22,1.82,0
1.22,1.86,0
1.22,1.9,0
1.22,1.94,0
1.22,1.98,0
1.26,0.02,5.76705e-14
1.26,0.06,3.9222e-12
1.26,0.1,7.17211e-11
1.26,0.14,6.58313e-10
1.26,0.18,3.73048e-09
1.26,0.22,1.46786e-08
1.26,0.26,4.54254e-08
1.26,0.3,1.25448e-07
1.26,0.34,3.75174e-07
1.26,0.38,9.81723e-07
1.26,0.42,2.84732e-06
1.26,0.46,4.77868e-06
1.26,0.5,1.87772e-05
1.26,0.54,4.70699e-06
1.26,0.58,3.5514e-07
1.26,0.62,3.10091e-09
1.26,0.66,6.23604e-11
1.26,0.7,6.14438e-15
1.26,0.74,6.41778e-17
1.26,0.78,9.11904e-21
1.26,0.82,3.11186e-23
1.26,0.86,7.68548e-27
1.26,0.9,5.10315e-31
1.26,0.94,1.89053e-33
1.26,0.98,8.05731e-38
1.26,1.02,5.63446e-43
1.26,1.06,1.19867e-45
1.26,1.1,0
1.26,1.14,0
1.26,1.18,0
1.26,1.22,0
1.26,1.26,0
1.26,1.3,0
1.26,1.34,0
1.26,1.38,0
1.26,1.42,0
1.26,1.46,0
1.26,1.5,0
1.26,1.54,0
1.26,1.58,0
1.26,1.62,0
1.26,1.66,0
1.26,1.7,0
1.26,1.74,0
1.26,1.78,0
1.26,1.82,0
1.26,1.86,0
1.26,1.9,0
1.26,1.94,0
1.26,1.98,0
1.3,0.02,8.23596e-19
1.3,0.06,9.43347e-17
1.3,0.1,2.9097e-15
1.3,0.14,4.57189e-14
1.3,0.18,4.48524e-13
1.3,0.22,3.01515e-12
1.3,0.26,1.4983e-11
1.3,0.3,5.59463e-11
1.3,0.34,2.17715e-10
1.3,0.38,7.6349e-10
1.3,0.42,3.36632e-09
1.3,0.46,7.25806e-09
1.3,0.5,3.48264e-08
1.3,0.54,6.15208e-09
1.3,0.58,1.12612e-10
1.3,0.62,3.03222e-12
1.3,0.66,8.212e-16
1.3,0.7,7.32108e-18
1.3,0.74,2.11341e-21
1.3,0.78,4.10663e-24
1.3,0.82,2.29453e-27
1.3,0.86,2.10934e-31
1.3,0.9,5.21267e-34
1.3,0.94,3.15064e-38
1.3,0.98,2.60604e-43
1.3,1.02,3.38188e-46
1.3,1.06,0
1.3,1.1,0
1.3,1.14,0
1.3,1.18,0
1.3,1.22,0
1.3,1.26,0
1.3,1.3,0
1.3,1.34,0
1.3,1.38,0
1.3,1.42,0
1.3,1.46,0
1.3,1.5,0
1.3,1.54,0
1.3,1.58,0
1.3,1.62,0
1.3,1.66,0
1.3,1.7,0
1.3,1.74,0
1.3,1.78,0
1.3,1.82,0
1.3,1.86,0
1.3,1.9,0
1.3,1.94,0
1.3,1.98,0
1.34,0.02,2.3319e-24
1.34,0.06,4.04898e-22
1.34,0.1,2.93314e-20
1.34,0.14,1.20201e-18
1.34,0.18,2.36828e-17
1.34,0.22,2.65293e-16
1.34,0.26,1.96171e-15
1.34,0.3,1.04769e-14
1.34,0.34,4.10083e-14
1.34,0.38,1.17419e-13
1.34,0.42,1.11269e-12
1.34,0.46,3.47062e-12
1.34,0.5,2.65843e-11
1.34,0.54,2.13359e-12
1.34,0.58,7.6901e-14
1.34,0.62,7.02624e-17
1.34,0.66,5.61793e-19
1.34,0.7,3.82176e-22
1.34,0.74,2.72376e-25
1.34,0.78,5.83208e-28
1.34,0.82,7.68279e-32
1.34,0.86,1.22513e-34
1.34,0.9,1.15478e-38
1.34,0.94,1.16035e-43
1.34,0.98,8.56176e-47
1.34,1.02,0
1.34,1.06,0
1.34,1.1,0
1.34,1.14,0
1.34,1.18,0
1.34,1.22,0
1.34,1.26,0
1.34,1.3,0
1.34,1.34,0
1.34,1.38,0
1.34,1.42,0
1.34,1.46,0
1.34,1.5,0
1.34,1.54,0
1.34,1.58,0
1.34,1.62,0
1.34,1.66,0
1.34,1.7,0
1.34,1.74,0
1.34,1.78,0
1.34,1.82,0
1.34,1.86,0
1.34,1.9,0
1.34,1.94,0
1.34,1.98,0
1.38,0.02,9.47814e-31
1.38,0.06,1.23427e-27
1.38,0.1,1.73408e-25
1.38,0.14,7.82573e-24
1.38,0.18,2.56113e-22
1.38,0.22,5.77163e-21
1.38,0.26,7.1584e-20
1.38,0.3,6.0755e-19
1.38,0.34,3.80562e-18
1.38,0.38,1.7246e-17
1.38,0.42,5.22454e-17
1.38,0.46,1.23521e-16
1.38,0.5,5.0014e-15
1.38,0.54,7.50078e-16
1.38,0.58,3.3362e-18
1.38,0.62,2.60198e-20
1.38,0.66,5.00137e-23
1.38,0.7,2.23855e-26
1.38,0.74,1.16369e-28
1.38,0.78,2.29998e-32
1.38,0.82,2.06386e-35
1.38,0.86,3.70734e-39
1.38,0.9,4.6963e-44
1.38,0.94,1.57387e-47
1.38,0.98,0
1.38,1.02,0
1.38,1.06,0
1.38,1.1,0
1.38,1.14,0
1.38,1.18,0
1.38,1.22,0
1.38,1.26,0
1.38,1.3,0
1.38,1.34,0
1.38,1.38,0
1.38,1.42,0
1.38,1.46,0
1.38,1.5,0
1.38,1.54,0
1.38,1.58,0
1.38,1.62,0
1.38,1.66,0
1.38,1.7,0
1.38,1.74,0
1.38,1.78,0
1.38,1.82,0
1.38,1.86,0
1.38,1.9,0
1.38,1.94,0
1.38,1.98,0
1.42,0.02,2.07503e-37
1.42,0.06,7.87751e-35
1.42,0.1,1.35359e-32
1.42,0.14,1.33565e-29
1.42,0.18,9.80774e-28
1.42,0.22,2.53037e-26
1.42,0.26,5.91924e-25
1.42,0.3,1.00323e-23
1.42,0.34,8.82736e-23
1.42,0.38,9.87962e-22
1.42,0.42,6.99305e-21
1.42,0.46,2.42248e-20
1.42,0.5,1.10097e-19
1.42,0.54,5.9809e-20
1.42,0.58,5.95201e-22
1.42,0.62,4.14664e-24
1.42,0.66,3.52422e-27
1.42,0.7,1.63397e-29
1.42,0.74,5.28349e-33
1.42,0.78,1.28103e-36
1.42,0.82,9.66917e-40
1.42,0.86,1.6388e-44
1.42,0.9,1.176e-49
1.42,0.94,0
1.42,0.98,0
1.42,1.02,0
1.42,1.06,0
1.42,1.1,0
1.42,1.14,0
1.42,1.18,0
1.42,1.22,0
1.42,1.26,0
1.42,1.3,0
1.42,1.34,0
1.42,1.38,0
1.42,1.42,0
1.42,1.46,0
1.42,1.5,0
1.42,1.54,0
1.42,1.58,0
1.42,1.62,0
1.42,1.66,0
1.42,1.7,0
1.42,1.74,0
1.42,1.78,0
1.42,1.82,0
1.42,1.86,0
1.42,1.9,0
1.42,1.94,0
1.42,1.98,0
1.46,0.02,0
1.46,0.06,8.71352e-43
1.46,0.1,2.15259e-38
1.46,0.14,3.20414e-36
1.46,0.18,1.56313e-34
1.46,0.22,1.28324e-32
1.46,0.26,4.96708e-31
1.46,0.3,8.61255e-30
1.46,0.34,2.56491e-28
1.46,0.38,3.92546e-27
1.46,0.42,2.69604e-26
1.46,0.46,7.12647e-25
1.46,0.5,3.45e-24
1.46,0.54,5.14396e-24
1.46,0.58,1.64403e-25
1.46,0.62,3.19303e-28
1.46,0.66,1.36323e-30
1.46,0.7,8.3997e-34
1.46,0.74,8.04331e-38
1.46,0.78,1.86252e-40
1.46,0.82,4.58077e-45
1.46,0.86,0
1.46,0.9,0
1.46,0.94,0
1.46,0.98,0
1.46,1.02,0
1.46,1.06,0
1.46,1.1,0
1.46,1.14,0
1.46,1.18,0
1.46,1.22,0
1.46,1.26,0
1.46,1.3,0
1.46,1.34,0
1.46,1.38,0
1.46,1.42,0
1.46,1.46,0
1.46,1.5,0
1.46,1.54,0
1.46,1.58,0
1.46,1.62,0
1.46,1.66,0
1.46,1.7,0
1.46,1.74,0
1.46,1.78,0
1.46,1.82,0
1.46,1.86,0
1.46,1.9,0
1.46,1.94,0
1.46,1.98,0
1.5,0.02,0
1.5,0.06,0
1.5,0.1,0
1.5,0.14,1.72586e-45
1.5,0.18,3.89069e-41
1.5,0.22,2.65469e-38
1.5,0.26,1.40363e-36
1.5,0.3,3.88788e-35
1.5,0.34,5.94325e-33
1.5,0.38,1.25201e-31
1.5,0.42,1.14038e-30
1.5,0.46,3.03928e-29
1.5,0.5,1.62744e-28
1.5,0.54,1.24901e-27
1.5,0.58,1.19187e-29
1.5,0.62,4.74709e-32
1.5,0.66,7.92365e-35
1.5,0.7,1.25204e-38
1.5,0.74,2.31463e-41
1.5,0.78,9.45271e-46
1.5,0.82,0
1.5,0.86,0
1.5,0.9,0
1.5,0.94,0
1.5,0.98,0
1.5,1.02,0
1.5,1.06,0
1.5,1.1,0
1.5,1.14,0
1.5,1.18,0
1.5,1.22,0
1.5,1.26,0
1.5,1.3,0
1.5,1.34,0
1.5,1.38,0
1.5,1.42,0
1.5,1.46,0
1.5,1.5,0
1.5,1.54,0
1.5,1.58,0
1.5,1.62,0
1.5,1.66,0
1.5,1.7,0
1.5,1.74,0
1.5,1.78,0
1.5,1.82,0
1.5,1.86,0
1.5,1.9,0
1.5,1.94,0
1.5,1.98,0
1.54,0.02,0
1.54,0.06,0
1.54,0.1,0
1.54,0.14,0
1.54,0.18,9.07495e-48
1.54,0.22,8.72678e-46
1.54,0.26,3.35507e-44
1.54,0.3,4.67635e-41
1.54,0.34,1.80003e-39
1.54,0.38,2.56187e-38
1.54,0.42,4.1249e-36
1.54,0.46,5.85231e-35
1.54,0.5,2.64985e-34
1.54,0.54,4.71644e-32
1.54,0.58,3.44863e-34
1.54,0.62,3.41151e-36
1.54,0.66,1.10808e-39
1.54,0.7,1.41014e-42
1.54,0.74,1.28802e-46
1.54,0.78,0
1.54,0.82,0
1.54,0.86,0
1.54,0.9,0
1.54,0.94,0
1.54,0.98,0
1.54,1.02,0
1.54,1.06,0
1.54,1.1,0
1.54,1.14,0
1.54,1.18,0
1.54,1.22,0
1.54,1.26,0
1.54,1.3,0
1.54,1.34,0
1.54,1.38,0
1.54,1.42,0
1.54,1.46,0
1.54,1.5,0
1.54,1.54,0
1.54,1.58,0
1.54,1.62,0
1.54,1.66,0
1.54,1.7,0
1.54,1.74,0
1.54,1.78,0
1.54,1.82,0
1.54,1.86,0
1.54,1.9,0
1.54,1.94,0
1.54,1.98,0
1.58,0.02,0
1.58,0.06,0
1.58,0.1,0
1.58,0.14,0
1.58,0.18,0
1.58,0.22,0
1.58,0.26,0
1.58,0.3,0
1.58,0.34,7.99823e-49
1.58,0.38,2.88043e-45
1.58,0.42,4.9409e-42
1.58,0.46,8.08169e-41
1.58,0.5,1.36062e-39
1.58,0.54,1.47238e-37
1.58,0.58,3.57849e-38
1.58,0.62,4.35759e-41
1.58,0.66,7.45081e-45
1.58,0.7,9.80746e-48
1.58,0.74,0
1.58,0.78,0
1.58,0.82,0
1.58,0.86,0
1.58,0.9,0
1.58,0.94,0
1.58,0.98,0
1.58,1.02,0
1.58,1.06,0
1.58,1.1,0
1.58,1.14,0
1.58,1.18,0
1.58,1.22,0
1.58,1.26,0
1.58,1.3,0
1.58,1.34,0
1.58,1.38,0
1.58,1.42,0
1.58,1.46,0
1.58,1.5,0
1.58,1.54,0
1.58,1.58,0
1.58,1.62,0
1.58,1.66,0
1.58,1.7,0
1.58,1.74,0
1.58,1.78,0
1.58,1.82,0
1.58,1.86,0
1.58,1.9,0
1.58,1.94,0
1.58,1.98,0
1.62,0.02,0
1.62,0.06,0
1.62,0.1,0
1.62,0.14,0
1.62,0.18,0
1.62,0.22,0
1.62,0.26,0
1.62,0.3,0
1.62,0.34,0
1.62,0.38,1.1338e-50
1.62,0.42,3.4319e-49
1.62,0.46,4.58884e-48
1.62,0.5,1.12264e-44
1.62,0.54,9.18612e-44
1.62,0.58,3.63803e-43
1.62,0.62,1.17065e-46
1.62,0.66,3.04866e-49
1.62,0.7,0
1.62,0.74,0
1.62,0.78,0
1.62,0.82,0
1.62,0.86,0
1.62,0.9,0
1.62,0.94,0
1.62,0.98,0
1.62,1.02,0
1.62,1.06,0
1.62,1.1,0
1.62,1.14,0
1.62,1.18,0
1.62,1.22,0
1.62,1.26,0
1.62,1.3,0
1.62,1.34,0
1.62,1.38,0
1.62,1.42,0
1.62,1.46,0
1.62,1.5,0
1.62,1.54,0
1.62,1.58,0
1.62,1.62,0
1.62,1.66,0
1.62,1.7,0
1.62,1.74,0
1.62,1.78,0
1.62,1.82,0
1.62,1.86,0
1.62,1.9,0
1.62,1.94,0
1.62,1.98,0
1.66,0.02,0
1.66,0.06,0
1.66,0.1,0
1.66,0.14,0
1.66,0.18,0
1.66,0.22,0
1.66,0.26,0
1.66,0.3,0
1.66,0.34,0
1.66,0.38,0
1.66,0.42,0
1.66,0.46,0
1.66,0.5,6.17506e-51
1.66,0.54,5.52017e-50
1.66,0.58,6.15204e-49
1.66,0.62,1.43283e-51
1.66,0.66,0
1.66,0.7,0
1.66,0.74,0
1.66,0.78,0
1.66,0.82,0
1.66,0.86,0
1.66,0.9,0
1.66,0.94,0
1.66,0.98,0
1.66,1.02,0
1.66,1.06,0
1.66,1.1,0
1.66,1.14,0
1.66,1.18,0
1.66,1.22,0
1.66,1.26,0
1.66,1.3,0
1.66,1.34,0
1.66,1.38,0
1.66,1.42,0
1.66,1.46,0
1.66,1.5,0
1.66,1.54,0
1.66,1.58,0
1.66,1.62,0
1.66,1.66,0
1.66,1.7,0
1.66,1.74,0
1.66,1.78,0
1.66,1.82,0
1.66,1.86,0
1.66,1.9,0
1.66,1.94,0
1.66,1.98,0
1.7,0.02,0
1.7,0.06,0
1.7,0.1,0
1.7,0.14,0
1.7,0.18,0
1.7,0.22,0
1.7,0.26,0
1.7,0.3,0
1.7,0.34,0
1.7,0.38,0
1.7,0.42,0
1.7,0.46,0
1.7,0.5,0
1.7,0.54,0
1.7,0.58,0
1.7,0.62,0
1.7,0.66,0
1.7,0.7,0
1.7,0.74,0
1.7,0.78,0
1.7,0.82,0
1.7,0.86,0
1.7,0.9,0
1.7,0.94,0
1.7,0.98,0
1.7,1.02,0
1.7,1.06,0
1.7,1.1,0
1.7,1.14,0
1.7,1.18,0
1.7,1.22,0
1.7,1.26,0
1.7,1.3,0
1.7,1.34,0
1.7,1.38,0
1.7,1.42,0
1.7,1.46,0
1.7,1.5,0
1.7,1.54,0
1.7,1.58,0
1.7,1.62,0
1.7,1.66,0
1.7,1.7,0
1.7,1.74,0
1.7,1.78,0
1.7,1.82,0
1.7,1.86,0
1.7,1.9,0
1.7,1.94,0
1.7,1.98,0
1.74,0.02,0
1.74,0.06,0
1.74,0.1,0
1.74,0.14,0
1.74,0.18,0
1.74,0.22,0
1.74,0.26,0
1.74,0.3,0
1.74,0.34,0
1.74,0.38,0
1.74,0.42,0
1.74,0.46,0
1.74,0.5,0
1.74,0.54,0
1.74,0.58,0
1.74,0.62,0
1.74,0.66,0
1.74,0.7,0
1.74,0.74,0
1.74,0.78,0
1.74,0.82,0
1.74,0.86,0
1.74,0.9,0
1.74,0.94,0
1.74,0.98,0
1.74,1.02,0
1.74,1.06,0
1.74,1.1,0
1.74,1.14,0
1.74,1.18,0
1.74,1.22,0
1.74,1.26,0
1.74,1.3,0
1.74,1.34,0
1.74,1.38,0
1.74,1.42,0
1.74,1.46,0
1.74,1.5,0
1.74,1.54,0
1.74,1.58,0
1.74,1.62,0
1.74,1.66,0
1.74,1.7,0
1.74,1.74,0
1.74,1.78,0
1.74,1.82,0
1.74,1.86,0
1.74,1.9,0
1.74,1.94,0
1.74,1.98,0
1.78,0.02,0
1.78,0.06,0
1.78,0.1,0
1.78,0.14,0
1.78,0.18,0
1.78,0.22,0
1.78,0.26,0
1.78,0.3,0
1.78,0.34,0
1.78,0.38,0
1.78,0.42,0
1.78,0.46,0
1.78,0.5,0
1.78,0.54,0
1.78,0.58,0
1.78,0.62,0
1.78,0.66,0
1.78,0.7,0
1.78,0.74,0
1.78,0.78,0
1.78,0.82,0
1.78,0.86,0
1.78,0.9,0
1.78,0.94,0
1.78,0.98,0
1.78,1.02,0
1.78,1.06,0
1.78,1.1,0
1.78,1.14,0
1.78,1.18,0
1.78,1.22,0
1.78,1.26,0
1.78,1.3,0
1.78,1.34,0
1.78,1.38,0
1.78,1.42,0
1.78,1.46,0
1.78,1.5,0
1.78,1.54,0
1.78,1.58,0
1.78,1.62,0
1.78,1.66,0
1.78,1.7,0
1.78,1.74,0
1.78,1.78,0
1.78,1.82,0
1.78,1.86,0
1.78,1.9,0
1.78,1.94,0
1.78,1.98,0
1.82,0.02,0
1.82,0.06,0
1.82,0.1,0
1.82,0.14,0
1.82,0.18,0
1.82,0.22,0
1.82,0.26,0
1.82,0.3,0
1.82,0.34,0
1.82,0.38,0
1.82,0.42,0
1.82,0.46,0
1.82,0.5,0
1.82,0.54,0
1.82,0.58,0
1.82,0.62,0
1.82,0.66,0
1.82,0.7,0
1.82,0.74,0
1.82,0.78,0
1.82,0.82,0
1.82,0.86,0
1.82,0.9,0
1.82,0.94,0
1.82,0.98,0
1.82,1.02,0
1.82,1.06,0
1.82,1.1,0
1.82,1.14,0
1.82,1.18,0
1.82,1.22,0
1.82,1.26,0
1.82,1.3,0
1.82,1.34,0
1.82,1.38,0
1.82,1.42,0
1.82,1.46,0
1.82,1.5,0
1.82,1.54,0
1.82,1.58,0
1.82,1.62,0
1.82,1.66,0
1.82,1.7,0
1.82,1.74,0
1.82,1.78,0
1.82,1.82,0
1.82,1.86,0
1.82,1.9,0
1.82,1.94,0
1.82,1.98,0
1.86,0.02,0
1.86,0.06,0
1.86,0.1,0
1.86,0.14,0
1.86,0.18,0
1.86,0.22,0
1.86,0.26,0
1.86,0.3,0
1.86,0.34,0
1.86,0.38,0
1.86,0.42,0
1.86,0.46,0
1.86,0.5,0
1.86,0.54,0
1.86,0.58,0
1.86,0.62,0
1.86,0.66,0
1.86,0.7,0
1.86,0.74,0
1.86,0.78,0
1.86,0.82,0
1.86,0.86,0
1.86,0.9,0
1.86,0.94,0
1.86,0.98,0
1.86,1.02,0
1.86,1.06,0
1.86,1.1,0
1.86,1.14,0
1.86,1.18,0
1.86,1.22,0
1.86,1.26,0
1.86,1.3,0
1.86,1.34,0
1.86,1.38,0
1.86,1.42,0
1.86,1.46,0
1.86,1.5,0
1.86,1.54,0
1.86,1.58,0
1.86,1.62,0
1.86,1.66,0
1.86,1.7,0
1.86,1.74,0
1.86,1.78,0
1.86,1.82,0
1.86,1.86,0
1.86,1.9,0
1.86,1.94,0
1.86,1.98,0
1.9,0.02,0
1.9,0.06,0
1.9,0.1,0
1.9,0.14,0
1.9,0.18,0
1.9,0.22,0
1.9,0.26,0
1.9,0.3,0
1.9,0.34,0
1.9,0.38,0
1.9,0.42,0
1.9,0.46,0
1.9,0.5,0
1.9,0.54,0
1.9,0.58,0
1.9,0.62,0
1.9,0.66,0
1.9,0.7,0
1.9,0.74,0
1.9,0.78,0
1.9,0.82,0
1.9,0.86,0
1.9,0.9,0
1.9,0.94,0
1.9,0.98,0
1.9,1.02,0
1.9,1.06,0
1.9,1.1,0
1.9,1.14,0
1.9,1.18,0
1.9,1.22,0
1.9,1.26,0
1.9,1.3,0
1.9,1.34,0
1.9,1.38,0
1.9,1.42,0
1.9,1.46,0
1.9,1.5,0
1.9,1.54,0
1.9,1.58,0
1.9,1.62,0
1.9,1.66,0
1.9,1.7,0
1.9,1.74,0
1.9,1.78,0
1.9,1.82,0
1.9,1.86,0
1.9,1.9,0
1.9,1.94,0
1.9,1.98,0
1.94,0.02,0
1.94,0.06,0
1.94,0.1,0
1.94,0.14,0
1.94,0.18,0
1.94,0.22,0
1.94,0.26,0
1.94,0.3,0
1.94,0.34,0
1.94,0.38,0
1.94,0.42,0
1.94,0.46,0
1.94,0.5,0
1.94,0.54,0
1.94,0.58,0
1.94,0.62,0
1.94,0.66,0
1.94,0.7,0
1.94,0.74,0
1.94,0.78,0
1.94,0.82,0
1.94,0.86,0
1.94,0.9,0
1.94,0.94,0
1.94,0.98,0
1.94,1.02,0
1.94,1.06,0
1.94,1.1,0
1.94,1.14,0
1.94,1.18,0
1.94,1.22,0
1.94,1.26,0
1.94,1.3,0
1.94,1.34,0
1.94,1.38,0
1.94,1.42,0
1.94,1.46,0
1.94,1.5,0
1.94,1.54,0
1.94,1.58,0
1.94,1.62,0
1.94,1.66,0
1.94,1.7,0
1.94,1.74,0
1.94,1.78,0
1.94,1.82,0
1.94,1.86,0
1.94,1.9,0
1.94,1.94,0
1.94,1.98,0
1.98,0.02,0
1.98,0.06,0
1.98,0.1,0
1.98,0.14,0
1.98,0.18,0
1.98,0.22,0
1.98,0.26,0
1.98,0.3,0
1.98,0.34,0
1.98,0.38,0
1.98,0.42,0
1.98,0.46,0
1.98,0.5,0
1.98,0.54,0
1.98,0.58,0
1.98,0.62,0
1.98,0.66,0
1.98,0.7,0
1.98,0.74,0
1.98,0.78,0
1.98,0.82,0
1.98,0.86,0
1.98,0.9,0
1.98,0.94,0
1.98,0.98,0
1.98,1.02,0
1.98,1.06,0
1.98,1.1,0
1.98,1.14,0
1.98,1.18,0
1.98,1.22,0
1.98,1.26,0
1.98,1.3,0
1.98,1.34,0
1.98,1.38,0
1.98,1.42,0
1.98,1.46,0
1.98,1.5,0
1.98,1.54,0
1.98,1.58,0
1.98,1.62,0
1.98,1.66,0
1.98,1.7,0
1.98,1.74,0
1.98,1.78,0
1.98,1.82,0
1.98,1.86,0
1.98,1.9,0
1.98,1.94,0
1.98,1.98,0
