0.02,0.02,0
0.02,0.06,0
0.02,0.1,0
0.02,0.14,0
0.02,0.18,0
0.02,0.22,0
0.02,0.26,0
0.02,0.3,0
0.02,0.34,0
0.02,0.38,7.6331e-63
0.02,0.42,1.58601e-61
0.02,0.46,3.14471e-60
0.02,0.5,3.65955e-57
0.02,0.54,3.32282e-56
0.02,0.58,1.45362e-54
0.02,0.62,7.30356e-54
0.02,0.66,3.82873e-53
0.02,0.7,5.95548e-50
0.02,0.74,1.10344e-50
0.02,0.78,7.68149e-54
0.02,0.82,2.43751e-58
0.02,0.86,6.86356e-61
0.02,0.9,0
0.02,0.94,0
0.02,0.98,0
0.02,1.02,0
0.02,1.06,0
0.02,1.1,0
0.02,1.14,0
0.02,1.18,0
0.02,1.22,0
0.02,1.26,0
0.02,1.3,0
0.02,1.34,0
0.02,1.38,0
0.02,1.42,0
0.02,1.46,0
0.02,1.5,0
0.02,1.54,0
0.02,1.58,0
0.02,1.62,0
0.02,1.66,0
0.02,1.7,0
0.02,1.74,0
0.02,1.78,0
0.02,1.82,0
0.02,1.86,0
0.02,1.9,0
0.02,1.94,0
0.02,1.98,0
0.06,0.02,0
0.06,0.06,0
0.06,0.1,0
0.06,0.14,0
0.06,0.18,0
0.06,0.22,0
0.06,0.26,0
0.06,0.3,0
0.06,0.34,6.6648e-60
0.06,0.38,7.00745e-56
0.06,0.42,1.45212e-54
0.06,0.46,3.46514e-53
0.06,0.5,1.82585e-50
0.06,0.54,1.64561e-49
0.06,0.58,6.52465e-48
0.06,0.62,3.226e-47
0.06,0.66,1.91307e-46
0.06,0.7,1.82785e-43
0.06,0.74,1.70732e-45
0.06,0.78,4.4421e-47
0.06,0.82,6.04373e-51
0.06,0.86,6.21263e-54
0.06,0.9,2.98881e-58
0.06,0.94,0
0.06,0.98,0
0.06,1.02,0
0.06,1.06,0
0.06,1.1,0
0.06,1.14,0
0.06,1.18,0
0.06,1.22,0
0.06,1.26,0
0.06,1.3,0
0.06,1.34,0
0.06,1.38,0
0.06,1.42,0
0.06,1.46,0
0.06,1.5,0
0.06,1.54,0
0.06,1.58,0
0.06,1.62,0
0.06,1.66,0
0.06,1.7,0
0.06,1.74,0
0.06,1.78,0
0.06,1.82,0
0.06,1.86,0
0.06,1.9,0
0.06,1.94,0
0.06,1.98,0
0.1,0.02,0
0.1,0.06,0
0.1,0.1,0
0.1,0.14,0
0.1,0.18,0
0.1,0.22,0
0.1,0.26,8.24067e-57
0.1,0.3,3.69644e-55
0.1,0.34,2.58794e-53
0.1,0.38,3.15343e-50
0.1,0.42,6.40607e-49
0.1,0.46,3.31431e-47
0.1,0.5,1.34358e-44
0.1,0.54,1.18878e-43
0.1,0.58,4.95281e-42
0.1,0.62,2.40588e-41
0.1,0.66,1.74507e-40
0.1,0.7,1.40898e-37
0.1,0.74,1.96841e-39
0.1,0.78,3.26637e-41
0.1,0.82,1.51661e-44
0.1,0.86,7.71639e-49
0.1,0.9,2.22751e-51
0.1,0.94,2.31305e-56
0.1,0.98,0
0.1,1.02,0
0.1,1.06,0
0.1,1.1,0
0.1,1.14,0
0.1,1.18,0
0.1,1.22,0
0.1,1.26,0
0.1,1.3,0
0.1,1.34,0
0.1,1.38,0
0.1,1.42,0
0.1,1.46,0
0.1,1.5,0
0.1,1.54,0
0.1,1.58,0
0.1,1.62,0
0.1,1.66,0
0.1,1.7,0
0.1,1.74,0
0.1,1.78,0
0.1,1.82,0
0.1,1.86,0
0.1,1.9,0
0.1,1.94,0
0.1,1.98,0
0.14,0.02,0
0.14,0.06,0
0.14,0.1,0
0.14,0.14,1.06457e-57
0.14,0.18,1.21187e-55
0.14,0.22,5.41226e-54
0.14,0.26,2.46381e-50
0.14,0.3,1.07816e-48
0.14,0.34,2.20353e-47
0.14,0.38,1.75461e-44
0.14,0.42,3.48238e-43
0.14,0.46,1.05158e-41
0.14,0.5,1.29382e-39
0.14,0.54,1.11891e-38
0.14,0.58,1.18993e-36
0.14,0.62,5.78643e-36
0.14,0.66,6.58742e-35
0.14,0.7,4.14177e-32
0.14,0.74,1.08932e-33
0.14,0.78,7.21408e-37
0.14,0.82,1.09959e-38
0.14,0.86,1.42487e-42
0.14,0.9,3.78868e-46
0.14,0.94,1.45223e-49
0.14,0.98,7.10136e-55
0.14,1.02,0
0.14,1.06,0
0.14,1.1,0
0.14,1.14,0
0.14,1.18,0
0.14,1.22,0
0.14,1.26,0
0.14,1.3,0
0.14,1.34,0
0.14,1.38,0
0.14,1.42,0
0.14,1.46,0
0.14,1.5,0
0.14,1.54,0
0.14,1.58,0
0.14,1.62,0
0.14,1.66,0
0.14,1.7,0
0.14,1.74,0
0.14,1.78,0
0.14,1.82,0
0.14,1.86,0
0.14,1.9,0
0.14,1.94,0
0.14,1.98,0
0.18,0.02,5.66876e-62
0.18,0.06,5.8628e-59
0.18,0.1,4.17342e-56
0.18,0.14,2.46715e-51
0.18,0.18,2.72967e-49
0.18,0.22,1.15599e-47
0.18,0.26,1.55755e-44
0.18,0.3,6.56981e-43
0.18,0.34,1.18253e-41
0.18,0.38,6.32843e-39
0.18,0.42,1.20739e-37
0.18,0.46,1.17942e-36
0.18,0.5,4.58393e-34
0.18,0.54,3.83818e-33
0.18,0.58,3.83022e-32
0.18,0.62,1.44639e-31
0.18,0.66,1.06842e-29
0.18,0.7,1.22616e-27
0.18,0.74,4.21886e-28
0.18,0.78,3.61905e-31
0.18,0.82,2.13663e-33
0.18,0.86,1.00948e-36
0.18,0.9,5.61248e-41
0.18,0.94,1.31326e-43
0.18,0.98,4.0052e-48
0.18,1.02,1.14331e-53
0.18,1.06,0
0.18,1.1,0
0.18,1.14,0
0.18,1.18,0
0.18,1.22,0
0.18,1.26,0
0.18,1.3,0
0.18,1.34,0
0.18,1.38,0
0.18,1.42,0
0.18,1.46,0
0.18,1.5,0
0.18,1.54,0
0.18,1.58,0
0.18,1.62,0
0.18,1.66,0
0.18,1.7,0
0.18,1.74,0
0.18,1.78,0
0.18,1.82,0
0.18,1.86,0
0.18,1.9,0
0.18,1.94,0
0.18,1.98,0
0.22,0.02,3.66514e-55
0.22,0.06,3.65112e-52
0.22,0.1,9.83947e-50
0.22,0.14,1.09864e-45
0.22,0.18,4.57378e-43
0.22,0.22,2.88847e-41
0.22,0.26,4.13928e-39
0.22,0.3,1.49997e-37
0.22,0.34,2.55136e-36
0.22,0.38,1.20738e-33
0.22,0.42,2.19932e-32
0.22,0.46,2.16976e-31
0.22,0.5,1.27784e-28
0.22,0.54,9.93946e-28
0.22,0.58,1.10265e-26
0.22,0.62,4.0467e-26
0.22,0.66,2.37214e-25
0.22,0.7,1.47037e-21
0.22,0.74,1.20441e-23
0.22,0.78,1.71864e-25
0.22,0.82,3.4109e-29
0.22,0.86,3.44361e-31
0.22,0.9,3.94961e-35
0.22,0.94,1.1651e-39
0.22,0.98,4.47975e-42
0.22,1.02,6.03501e-47
0.22,1.06,1.12539e-52
0.22,1.1,8.30995e-56
0.22,1.14,0
0.22,1.18,0
0.22,1.22,0
0.22,1.26,0
0.22,1.3,0
0.22,1.34,0
0.22,1.38,0
0.22,1.42,0
0.22,1.46,0
0.22,1.5,0
0.22,1.54,0
0.22,1.58,0
0.22,1.62,0
0.22,1.66,0
0.22,1.7,0
0.22,1.74,0
0.22,1.78,0
0.22,1.82,0
0.22,1.86,0
0.22,1.9,0
0.22,1.94,0
0.22,1.98,0
0.26,0.02,5.79601e-49
0.26,0.06,1.5901e-44
0.26,0.1,4.35966e-42
0.26,0.14,4.51818e-40
0.26,0.18,1.77567e-37
0.26,0.22,1.12371e-35
0.26,0.26,6.09271e-34
0.26,0.3,9.96388e-32
0.26,0.34,2.58645e-30
0.26,0.38,1.66607e-28
0.26,0.42,2.59524e-27
0.26,0.46,2.81009e-26
0.26,0.5,3.38572e-23
0.26,0.54,2.47049e-22
0.26,0.58,4.82923e-21
0.26,0.62,1.79423e-20
0.26,0.66,1.87425e-19
0.26,0.7,2.53286e-16
0.26,0.74,3.69812e-18
0.26,0.78,1.31394e-19
0.26,0.82,1.89505e-23
0.26,0.86,1.37929e-27
0.26,0.9,1.69273e-29
0.26,0.94,8.1731e-34
0.26,0.98,5.13166e-37
0.26,1.02,7.35907e-41
0.26,1.06,5.70613e-46
0.26,1.1,7.56778e-52
0.26,1.14,1.1085e-54
0.26,1.18,0
0.26,1.22,0
0.26,1.26,0
0.26,1.3,0
0.26,1.34,0
0.26,1.38,0
0.26,1.42,0
0.26,1.46,0
0.26,1.5,0
0.26,1.54,0
0.26,1.58,0
0.26,1.62,0
0.26,1.66,0
0.26,1.7,0
0.26,1.74,0
0.26,1.78,0
0.26,1.82,0
0.26,1.86,0
0.26,1.9,0
0.26,1.94,0
0.26,1.98,0
0.3,0.02,1.98966e-42
0.3,0.06,5.85195e-39
0.3,0.1,1.4406e-36
0.3,0.14,1.06588e-34
0.3,0.18,2.86845e-32
0.3,0.22,1.71994e-30
0.3,0.26,4.86153e-29
0.3,0.3,1.07934e-26
0.3,0.34,2.78521e-25
0.3,0.38,6.88863e-24
0.3,0.42,3.9645e-22
0.3,0.46,6.16319e-21
0.3,0.5,4.54736e-19
0.3,0.54,3.06749e-18
0.3,0.58,2.14932e-16
0.3,0.62,7.88189e-15
0.3,0.66,3.38118e-14
0.3,0.7,1.708e-12
0.3,0.74,8.52925e-13
0.3,0.78,8.71576e-16
0.3,0.82,3.05285e-17
0.3,0.86,8.89889e-22
0.3,0.9,3.72449e-24
0.3,0.94,4.07261e-28
0.3,0.98,1.02328e-32
0.3,1.02,2.67975e-35
0.3,1.06,7.34158e-40
0.3,1.1,3.71252e-45
0.3,1.14,3.69799e-51
0.3,1.18,8.18639e-54
0.3,1.22,0
0.3,1.26,0
0.3,1.3,0
0.3,1.34,0
0.3,1.38,0
0.3,1.42,0
0.3,1.46,0
0.3,1.5,0
0.3,1.54,0
0.3,1.58,0
0.3,1.62,0
0.3,1.66,0
0.3,1.7,0
0.3,1.74,0
0.3,1.78,0
0.3,1.82,0
0.3,1.86,0
0.3,1.9,0
0.3,1.94,0
0.3,1.98,0
0.34,0.02,4.30701e-37
0.34,0.06,5.80065e-34
0.34,0.1,1.25582e-31
0.34,0.14,8.66169e-30
0.34,0.18,2.40491e-27
0.34,0.22,1.39369e-25
0.34,0.26,3.45078e-24
0.34,0.3,1.71208e-21
0.34,0.34,4.26958e-20
0.34,0.38,6.87642e-19
0.34,0.42,1.37264e-16
0.34,0.46,1.42587e-15
0.34,0.5,4.69336e-14
0.34,0.54,2.70955e-13
0.34,0.58,3.4108e-12
0.34,0.62,6.34526e-11
0.34,0.66,1.84272e-10
0.34,0.7,4.15515e-09
0.34,0.74,2.49058e-09
0.34,0.78,2.91167e-10
0.34,0.82,7.00497e-14
0.34,0.86,2.45465e-15
0.34,0.9,2.20583e-20
0.34,0.94,1.87134e-22
0.34,0.98,5.72756e-27
0.34,1.02,8.49656e-32
0.34,1.06,3.72275e-34
0.34,1.1,4.98865e-39
0.34,1.14,1.78391e-44
0.34,1.18,1.13257e-47
0.34,1.22,4.22796e-53
0.34,1.26,0
0.34,1.3,0
0.34,1.34,0
0.34,1.38,0
0.34,1.42,0
0.34,1.46,0
0.34,1.5,0
0.34,1.54,0
0.34,1.58,0
0.34,1.62,0
0.34,1.66,0
0.34,1.7,0
0.34,1.74,0
0.34,1.78,0
0.34,1.82,0
0.34,1.86,0
0.34,1.9,0
0.34,1.94,0
0.34,1.98,0
0.38,0.02,1.66874e-31
0.38,0.06,7.68258e-29
0.38,0.1,3.11202e-26
0.38,0.14,3.33984e-24
0.38,0.18,2.40145e-22
0.38,0.22,2.29757e-20
0.38,0.26,7.80801e-19
0.38,0.3,6.74448e-17
0.38,0.34,1.43672e-15
0.38,0.38,2.61494e-14
0.38,0.42,1.45765e-12
0.38,0.46,1.41604e-11
0.38,0.5,2.24734e-10
0.38,0.54,1.10717e-09
0.38,0.58,9.59513e-09
0.38,0.62,9.72372e-08
0.38,0.66,2.84174e-07
0.38,0.7,2.5717e-06
0.38,0.74,2.39268e-06
0.38,0.78,5.10433e-07
0.38,0.82,3.37756e-08
0.38,0.86,4.73795e-10
0.38,0.9,9.58448e-14
0.38,0.94,3.23977e-19
0.38,0.98,3.81927e-21
0.38,1.02,5.22072e-26
0.38,1.06,4.95878e-31
0.38,1.1,3.03547e-33
0.38,1.14,2.49698e-38
0.38,1.18,6.74818e-44
0.38,1.22,1.00347e-46
0.38,1.26,1.6966e-52
0.38,1.3,0
0.38,1.34,0
0.38,1.38,0
0.38,1.42,0
0.38,1.46,0
0.38,1.5,0
0.38,1.54,0
0.38,1.58,0
0.38,1.62,0
0.38,1.66,0
0.38,1.7,0
0.38,1.74,0
0.38,1.78,0
0.38,1.82,0
0.38,1.86,0
0.38,1.9,0
0.38,1.94,0
0.38,1.98,0
0.42,0.02,1.03823e-26
0.42,0.06,3.4812e-24
0.42,0.1,1.08539e-21
0.42,0.14,1.12283e-19
0.42,0.18,5.36722e-18
0.42,0.22,7.50252e-16
0.42,0.26,2.72504e-14
0.42,0.3,6.81036e-13
0.42,0.34,9.54869e-12
0.42,0.38,1.2201e-10
0.42,0.42,3.44341e-09
0.42,0.46,2.97054e-08
0.42,0.5,2.78273e-07
0.42,0.54,1.16179e-06
0.42,0.58,6.79106e-06
0.42,0.62,4.00479e-05
0.42,0.66,0.000106298
0.42,0.7,0.000516806
0.42,0.74,0.000618261
0.42,0.78,0.000243359
0.42,0.82,3.57354e-05
0.42,0.86,1.77948e-06
0.42,0.9,4.0776e-08
0.42,0.94,2.13172e-12
0.42,0.98,1.78619e-15
0.42,1.02,4.51332e-20
0.42,1.06,3.32249e-25
0.42,1.1,4.83836e-28
0.42,1.14,1.72221e-32
0.42,1.18,9.80755e-38
0.42,1.22,2.10898e-43
0.42,1.26,5.0049e-46
0.42,1.3,5.67861e-52
0.42,1.34,0
0.42,1.38,0
0.42,1.42,0
0.42,1.46,0
0.42,1.5,0
0.42,1.54,0
0.42,1.58,0
0.42,1.62,0
0.42,1.66,0
0.42,1.7,0
0.42,1.74,0
0.42,1.78,0
0.42,1.82,0
0.42,1.86,0
0.42,1.9,0
0.42,1.94,0
0.42,1.98,0
0.46,0.02,9.31054e-22
0.46,0.06,3.69981e-19
0.46,0.1,4.45395e-17
0.46,0.14,2.60134e-15
0.46,0.18,8.52888e-14
0.46,0.22,3.85663e-12
0.46,0.26,1.07036e-10
0.46,0.3,1.91531e-09
0.46,0.34,2.53552e-08
0.46,0.38,2.47828e-07
0.46,0.42,2.52061e-06
0.46,0.46,1.59177e-05
0.46,0.5,9.36775e-05
0.46,0.54,0.000367771
0.46,0.58,0.00143273
0.46,0.62,0.00529241
0.46,0.66,0.0121711
0.46,0.7,0.036562
0.46,0.74,0.0485369
0.46,0.78,0.0302937
0.46,0.82,0.00930094
0.46,0.86,0.00114908
0.46,0.9,4.90641e-05
0.46,0.94,1.41968e-06
0.46,0.98,2.96504e-11
0.46,1.02,1.68557e-13
0.46,1.06,3.51217e-19
0.46,1.1,1.57295e-24
0.46,1.14,5.49831e-27
0.46,1.18,7.46719e-32
0.46,1.22,3.20177e-37
0.46,1.26,5.72301e-43
0.46,1.3,1.8824e-45
0.46,1.34,1.6764e-51
0.46,1.38,0
0.46,1.42,0
0.46,1.46,0
0.46,1.5,0
0.46,1.54,0
0.46,1.58,0
0.46,1.62,0
0.46,1.66,0
0.46,1.7,0
0.46,1.74,0
0.46,1.78,0
0.46,1.82,0
0.46,1.86,0
0.46,1.9,0
0.46,1.94,0
0.46,1.98,0
0.5,0.02,7.90056e-18
0.5,0.06,2.67222e-15
0.5,0.1,2.46768e-13
0.5,0.14,1.16192e-11
0.5,0.18,3.37814e-10
0.5,0.22,7.03077e-09
0.5,0.26,1.05533e-07
0.5,0.3,1.1694e-06
0.5,0.34,1.06675e-05
0.5,0.38,7.80879e-05
0.5,0.42,0.00049073
0.5,0.46,0.0022894
0.5,0.5,0.00945236
0.5,0.54,0.031503
0.5,0.58,0.0914365
0.5,0.62,0.236806
0.5,0.66,0.458339
0.5,0.7,0.93578
0.5,0.74,1.23244
0.5,0.78,1.04753
0.5,0.82,0.56259
0.5,0.86,0.165871
0.5,0.9,0.0195842
0.5,0.94,0.000829729
0.5,0.98,2.6281e-05
0.5,1.02,2.7382e-10
0.5,1.06,2.70157e-12
0.5,1.1,1.95652e-18
0.5,1.14,5.84576e-24
0.5,1.18,3.22028e-26
0.5,1.22,2.65568e-31
0.5,1.26,9.17994e-37
0.5,1.3,1.41881e-42
0.5,1.34,5.93138e-45
0.5,1.38,4.57919e-51
0.5,1.42,0
0.5,1.46,0
0.5,1.5,0
0.5,1.54,0
0.5,1.58,0
0.5,1.62,0
0.5,1.66,0
0.5,1.7,0
0.5,1.74,0
0.5,1.78,0
0.5,1.82,0
0.5,1.86,0
0.5,1.9,0
0.5,1.94,0
0.5,1.98,0
0.54,0.02,3.71122e-14
0.54,0.06,6.05737e-12
0.54,0.1,3.10129e-10
0.54,0.14,8.77897e-09
0.54,0.18,1.64759e-07
0.54,0.22,2.24465e-06
0.54,0.26,2.27414e-05
0.54,0.3,0.00017445
0.54,0.34,0.00109674
0.54,0.38,0.00584219
0.54,0.42,0.0263179
0.54,0.46,0.0949871
0.54,0.5,0.296606
0.54,0.54,0.792192
0.54,0.58,1.79886
0.54,0.62,3.54718
0.54,0.66,5.75321
0.54,0.7,8.76135
0.54,0.74,10.748
0.54,0.78,10.704
0.54,0.82,8.48559
0.54,0.86,4.78483
0.54,0.9,1.53797
0.54,0.94,0.189858
0.54,0.98,0.00982222
0.54,1.02,0.000290045
0.54,1.06,1.76898e-09
0.54,1.1,2.45907e-11
0.54,1.14,8.37157e-18
0.54,1.18,1.80781e-23
0.54,1.22,1.36122e-25
0.54,1.26,8.25452e-31
0.54,1.3,2.44139e-36
0.54,1.34,3.38118e-42
0.54,1.38,1.29385e-48
0.54,1.42,0
0.54,1.46,0
0.54,1.5,0
0.54,1.54,0
0.54,1.58,0
0.54,1.62,0
0.54,1.66,0
0.54,1.7,0
0.54,1.74,0
0.54,1.78,0
0.54,1.82,0
0.54,1.86,0
0.54,1.9,0
0.54,1.94,0
0.54,1.98,0
0.58,0.02,3.0567e-11
0.58,0.06,3.11008e-09
0.58,0.1,9.87432e-08
0.58,0.14,1.75618e-06
0.58,0.18,2.08903e-05
0.58,0.22,0.000183357
0.58,0.26,0.00125819
0.58,0.3,0.0069389
0.58,0.34,0.0316589
0.58,0.38,0.122889
0.58,0.42,0.410069
0.58,0.46,1.16392
0.58,0.5,2.86921
0.58,0.54,6.14301
0.58,0.58,11.3683
0.58,0.62,18.2914
0.58,0.66,25.7969
0.58,0.7,32.8515
0.58,0.74,37.8137
0.58,0.78,39.5645
0.58,0.82,37.4595
0.58,0.86,30.9518
0.58,0.9,20.0309
0.58,0.94,7.67061
0.58,0.98,1.07012
0.58,1.02,0.0668091
0.58,1.06,0.00203699
0.58,1.1,8.5019e-09
0.58,1.14,1.54534e-10
0.58,1.18,2.9546e-17
0.58,1.22,4.96718e-23
0.58,1.26,1.2067e-28
0.58,1.3,2.42628e-34
0.58,1.34,2.75053e-40
0.58,1.38,9.50603e-47
0.58,1.42,0
0.58,1.46,0
0.58,1.5,0
0.58,1.54,0
0.58,1.58,0
0.58,1.62,0
0.58,1.66,0
0.58,1.7,0
0.58,1.74,0
0.58,1.78,0
0.58,1.82,0
0.58,1.86,0
0.58,1.9,0
0.58,1.94,0
0.58,1.98,0
0.62,0.02,8.76593e-09
0.62,0.06,4.93264e-07
0.62,0.1,8.91429e-06
0.62,0.14,9.54074e-05
0.62,0.18,0.000724256
0.62,0.22,0.00423701
0.62,0.26,0.0200593
0.62,0.3,0.0794255
0.62,0.34,0.270086
0.62,0.38,0.807417
0.62,0.42,2.14117
0.62,0.46,5.00562
0.62,0.5,10.2872
0.62,0.54,18.5869
0.62,0.58,29.5625
0.62,0.62,41.9691
0.62,0.66,54.1112
0.62,0.7,64.1104
0.62,0.74,70.616
0.62,0.78,74.2801
0.62,0.82,74.4185
0.62,0.86,70.6444
0.62,0.9,61.8312
0.62,0.94,45.8116
0.62,0.98,21.4993
0.62,1.02,3.7503
0.62,1.06,0.282164
0.62,1.1,0.00975859
0.62,1.14,3.27485e-08
0.62,1.18,2.28205e-15
0.62,1.22,2.55277e-21
0.62,1.26,5.0051e-27
0.62,1.3,9.00873e-33
0.62,1.34,9.76365e-39
0.62,1.38,3.37411e-45
0.62,1.42,0
0.62,1.46,0
0.62,1.5,0
0.62,1.54,0
0.62,1.58,0
0.62,1.62,0
0.62,1.66,0
0.62,1.7,0
0.62,1.74,0
0.62,1.78,0
0.62,1.82,0
0.62,1.86,0
0.62,1.9,0
0.62,1.94,0
0.62,1.98,0
0.66,0.02,7.43583e-07
0.66,0.06,2.41755e-05
0.66,0.1,0.00026111
0.66,0.14,0.00173957
0.66,0.18,0.00860516
0.66,0.22,0.0346088
0.66,0.26,0.119718
0.66,0.3,0.36835
0.66,0.34,1.0204
0.66,0.38,2.55399
0.66,0.42,5.76306
0.66,0.46,11.6115
0.66,0.5,20.7278
0.66,0.54,32.876
0.66,0.58,46.9238
0.66,0.62,61.5221
0.66,0.66,74.3038
0.66,0.7,84.1841
0.66,0.74,90.2896
0.66,0.78,93.9231
0.66,0.82,95.5571
0.66,0.86,94.9192
0.66,0.9,91.6681
0.66,0.94,84.5379
0.66,0.98,69.0443
0.66,1.02,37.7706
0.66,1.06,8.05581
0.66,1.1,0.507712
0.66,1.14,1.28371e-06
0.66,1.18,5.7282e-14
0.66,1.22,5.42816e-20
0.66,1.26,9.87456e-26
0.66,1.3,1.74492e-31
0.66,1.34,1.93193e-37
0.66,1.38,7.02014e-44
0.66,1.42,0
0.66,1.46,0
0.66,1.5,0
0.66,1.54,0
0.66,1.58,0
0.66,1.62,0
0.66,1.66,0
0.66,1.7,0
0.66,1.74,0
0.66,1.78,0
0.66,1.82,0
0.66,1.86,0
0.66,1.9,0
0.66,1.94,0
0.66,1.98,0
0.7,0.02,2.65074e-05
0.7,0.06,0.000494095
0.7,0.1,0.00323503
0.7,0.14,0.0140678
0.7,0.18,0.0487096
0.7,0.22,0.14834
0.7,0.26,0.406577
0.7,0.3,1.02469
0.7,0.34,2.40074
0.7,0.38,5.19702
0.7,0.42,10.3126
0.7,0.46,18.511
0.7,0.5,29.8504
0.7,0.54,43.194
0.7,0.58,56.8778
0.7,0.62,69.6475
0.7,0.66,80.5854
0.7,0.7,89.5954
0.7,0.74,96.1593
0.7,0.78,99.4093
0.7,0.82,101.136
0.7,0.86,101.479
0.7,0.9,100.64
0.7,0.94,99.2612
0.7,0.98,96.3513
0.7,1.02,84.571
0.7,1.06,46.0282
0.7,1.1,7.14541
0.7,1.14,2.01419e-05
0.7,1.18,6.8525e-13
0.7,1.22,6.12406e-19
0.7,1.26,1.1121e-24
0.7,1.3,2.03561e-30
0.7,1.34,2.39963e-36
0.7,1.38,9.47839e-43
0.7,1.42,0
0.7,1.46,0
0.7,1.5,0
0.7,1.54,0
0.7,1.58,0
0.7,1.62,0
0.7,1.66,0
0.7,1.7,0
0.7,1.74,0
0.7,1.78,0
0.7,1.82,0
0.7,1.86,0
0.7,1.9,0
0.7,1.94,0
0.7,1.98,0
0.74,0.02,0.000411663
0.74,0.06,0.00513657
0.74,0.1,0.0226976
0.74,0.14,0.0705705
0.74,0.18,0.194433
0.74,0.22,0.473882
0.74,0.26,1.06307
0.74,0.3,2.24609
0.74,0.34,4.50889
0.74,0.38,8.52814
0.74,0.42,14.9568
0.74,0.46,24.0055
0.74,0.5,35.1461
0.74,0.54,47.1238
0.74,0.58,58.6599
0.74,0.62,68.9691
0.74,0.66,77.764
0.74,0.7,85.104
0.74,0.74,91.3125
0.74,0.78,94.8534
0.74,0.82,96.3119
0.74,0.86,96.8453
0.74,0.9,96.4853
0.74,0.94,96.4059
0.74,0.98,98.2988
0.74,1.02,101.292
0.74,1.06,93.7735
0.74,1.1,38.1151
0.74,1.14,0.000157959
0.74,1.18,4.60637e-12
0.74,1.22,4.16182e-18
0.74,1.26,7.92313e-24
0.74,1.3,1.55891e-29
0.74,1.34,2.01535e-35
0.74,1.38,8.86913e-42
0.74,1.42,0
0.74,1.46,0
0.74,1.5,0
0.74,1.54,0
0.74,1.58,0
0.74,1.62,0
0.74,1.66,0
0.74,1.7,0
0.74,1.74,0
0.74,1.78,0
0.74,1.82,0
0.74,1.86,0
0.74,1.9,0
0.74,1.94,0
0.74,1.98,0
0.78,0.02,0.0045126
0.78,0.06,0.0400774
0.78,0.1,0.118802
0.78,0.14,0.286064
0.78,0.18,0.624003
0.78,0.22,1.21923
0.78,0.26,2.24391
0.78,0.3,3.98086
0.78,0.34,6.84476
0.78,0.38,11.3099
0.78,0.42,17.6758
0.78,0.46,25.8124
0.78,0.5,35.125
0.78,0.54,44.7476
0.78,0.58,53.8534
0.78,0.62,61.839
0.78,0.66,68.3516
0.78,0.7,73.5373
0.78,0.74,77.684
0.78,0.78,80.797
0.78,0.82,83.3198
0.78,0.86,85.3131
0.78,0.9,86.6491
0.78,0.94,87.7699
0.78,0.98,90.3097
0.78,1.02,95.9462
0.78,1.06,105.727
0.78,1.1,93.2428
0.78,1.14,0.000705402
0.78,1.18,1.93863e-11
0.78,1.22,1.85567e-17
0.78,1.26,3.83206e-23
0.78,1.3,8.3216e-29
0.78,1.34,1.20601e-34
0.78,1.38,6.0279e-41
0.78,1.42,0
0.78,1.46,0
0.78,1.5,0
0.78,1.54,0
0.78,1.58,0
0.78,1.62,0
0.78,1.66,0
0.78,1.7,0
0.78,1.74,0
0.78,1.78,0
0.78,1.82,0
0.78,1.86,0
0.78,1.9,0
0.78,1.94,0
0.78,1.98,0
0.82,0.02,255
0.82,0.06,6.31684
0.82,0.1,0.521764
0.82,0.14,1.02297
0.82,0.18,1.75865
0.82,0.22,2.73813
0.82,0.26,4.08383
0.82,0.3,6.00186
0.82,0.34,8.75041
0.82,0.38,12.5659
0.82,0.42,17.5477
0.82,0.46,23.559
0.82,0.5,30.2158
0.82,0.54,36.9926
0.82,0.58,43.2747
0.82,0.62,48.7122
0.82,0.66,53.2465
0.82,0.7,56.9557
0.82,0.74,60.0086
0.82,0.78,62.8003
0.82,0.82,65.7768
0.82,0.86,69.0764
0.82,0.9,72.7323
0.82,0.94,76.8792
0.82,0.98,81.9649
0.82,1.02,88.9539
0.82,1.06,99.3045
0.82,1.1,117.382
0.82,1.14,0.00200606
0.82,1.18,5.5534e-11
0.82,1.22,5.78492e-17
0.82,1.26,1.32475e-22
0.82,1.3,3.23357e-28
0.82,1.34,5.34047e-34
0.82,1.38,3.07961e-40
0.82,1.42,0
0.82,1.46,0
0.82,1.5,0
0.82,1.54,0
0.82,1.58,0
0.82,1.62,0
0.82,1.66,0
0.82,1.7,0
0.82,1.74,0
0.82,1.78,0
0.82,1.82,0
0.82,1.86,0
0.82,1.9,0
0.82,1.94,0
0.82,1.98,0
0.86,0.02,255
0.86,0.06,169.27
0.86,0.1,102.326
0.86,0.14,72.757
0.86,0.18,53.9654
0.86,0.22,38.8153
0.86,0.26,26.6222
0.86,0.3,18.5476
0.86,0.34,14.8597
0.86,0.38,14.4734
0.86,0.42,16.1082
0.86,0.46,18.8842
0.86,0.5,22.2131
0.86,0.54,25.5574
0.86,0.58,28.613
0.86,0.62,31.1835
0.86,0.66,33.8833
0.86,0.7,40.1455
0.86,0.74,47.04
0.86,0.78,52.6855
0.86,0.82,58.1157
0.86,0.86,62.1419
0.86,0.9,65.7075
0.86,0.94,70.9881
0.86,0.98,77.6014
0.86,1.02,88.0488
0.86,1.06,101.913
0.86,1.1,119.154
0.86,1.14,0.00403204
0.86,1.18,1.1446e-10
0.86,1.22,1.31036e-16
0.86,1.26,3.37492e-22
0.86,1.3,9.38787e-28
0.86,1.34,1.79292e-33
0.86,1.38,1.21225e-39
0.86,1.42,0
0.86,1.46,0
0.86,1.5,0
0.86,1.54,0
0.86,1.58,0
0.86,1.62,0
0.86,1.66,0
0.86,1.7,0
0.86,1.74,0
0.86,1.78,0
0.86,1.82,0
0.86,1.86,0
0.86,1.9,0
0.86,1.94,0
0.86,1.98,0
0.9,0.02,255
0.9,0.06,253.568
0.9,0.1,248.405
0.9,0.14,240.068
0.9,0.18,233.117
0.9,0.22,227.87
0.9,0.26,223.921
0.9,0.3,221.24
0.9,0.34,219.394
0.9,0.38,217.915
0.9,0.42,215.956
0.9,0.46,213.15
0.9,0.5,209.15
0.9,0.54,203.877
0.9,0.58,197.571
0.9,0.62,190.707
0.9,0.66,183.904
0.9,0.7,177.758
0.9,0.74,172.826
0.9,0.78,169.544
0.9,0.82,168.27
0.9,0.86,168.549
0.9,0.9,169.56
0.9,0.94,166.192
0.9,0.98,162.198
0.9,1.02,160.292
0.9,1.06,155.089
0.9,1.1,148.981
0.9,1.14,9.67091
0.9,1.18,1.65263e-10
0.9,1.22,2.04886e-16
0.9,1.26,6.07839e-22
0.9,1.3,1.99626e-27
0.9,1.34,4.64459e-33
0.9,1.38,4.00839e-39
0.9,1.42,0
0.9,1.46,0
0.9,1.5,0
0.9,1.54,0
0.9,1.58,0
0.9,1.62,0
0.9,1.66,0
0.9,1.7,0
0.9,1.74,0
0.9,1.78,0
0.9,1.82,0
0.9,1.86,0
0.9,1.9,0
0.9,1.94,0
0.9,1.98,0
0.94,0.02,255
0.94,0.06,190.112
0.94,0.1,111.189
0.94,0.14,69.1219
0.94,0.18,50.1828
0.94,0.22,40.2221
0.94,0.26,34.6963
0.94,0.3,31.6212
0.94,0.34,29.9676
0.94,0.38,29.2152
0.94,0.42,29.0931
0.94,0.46,29.5397
0.94,0.5,30.7937
0.94,0.54,32.9364
0.94,0.58,35.8454
0.94,0.62,39.3272
0.94,0.66,43.1258
0.94,0.7,46.988
0.94,0.74,50.7272
0.94,0.78,54.2691
0.94,0.82,57.587
0.94,0.86,60.6019
0.94,0.9,66.6231
0.94,0.94,76.2505
0.94,0.98,87.1269
0.94,1.02,98.0374
0.94,1.06,109.76
0.94,1.1,122.534
0.94,1.14,0.00394561
0.94,1.18,1.06936e-10
0.94,1.22,1.25107e-16
0.94,1.26,3.43974e-22
0.94,1.3,1.03962e-27
0.94,1.34,2.23082e-33
0.94,1.38,1.80724e-39
0.94,1.42,0
0.94,1.46,0
0.94,1.5,0
0.94,1.54,0
0.94,1.58,0
0.94,1.62,0
0.94,1.66,0
0.94,1.7,0
0.94,1.74,0
0.94,1.78,0
0.94,1.82,0
0.94,1.86,0
0.94,1.9,0
0.94,1.94,0
0.94,1.98,0
0.98,0.02,255
0.98,0.06,74.0989
0.98,0.1,6.89815
0.98,0.14,3.64891
0.98,0.18,4.44866
0.98,0.22,5.77658
0.98,0.26,7.22939
0.98,0.3,8.7123
0.98,0.34,10.2789
0.98,0.38,12.1005
0.98,0.42,14.4388
0.98,0.46,17.5968
0.98,0.5,21.8211
0.98,0.54,27.1619
0.98,0.58,33.3706
0.98,0.62,39.9552
0.98,0.66,46.3535
0.98,0.7,52.0239
0.98,0.74,56.8433
0.98,0.78,60.9696
0.98,0.82,64.692
0.98,0.86,68.4355
0.98,0.9,72.2597
0.98,0.94,76.4268
0.98,0.98,81.68
0.98,1.02,88.9973
0.98,1.06,100.123
0.98,1.1,115.793
0.98,1.14,0.00180538
0.98,1.18,4.80638e-11
0.98,1.22,5.15905e-17
0.98,1.26,1.28707e-22
0.98,1.3,3.52208e-28
0.98,1.34,6.8697e-34
0.98,1.38,5.13582e-40
0.98,1.42,0
0.98,1.46,0
0.98,1.5,0
0.98,1.54,0
0.98,1.58,0
0.98,1.62,0
0.98,1.66,0
0.98,1.7,0
0.98,1.74,0
0.98,1.78,0
0.98,1.82,0
0.98,1.86,0
0.98,1.9,0
0.98,1.94,0
0.98,1.98,0
1.02,0.02,255
1.02,0.06,0.193362
1.02,0.1,0.634347
1.02,0.14,1.15345
1.02,0.18,1.80257
1.02,0.22,2.5028
1.02,0.26,3.20137
1.02,0.3,3.97279
1.02,0.34,4.99999
1.02,0.38,6.55379
1.02,0.42,8.99459
1.02,0.46,12.7599
1.02,0.5,18.243
1.02,0.54,25.5382
1.02,0.58,34.2008
1.02,0.62,43.322
1.02,0.66,51.9689
1.02,0.7,59.5373
1.02,0.74,65.8194
1.02,0.78,70.9592
1.02,0.82,75.6644
1.02,0.86,79.2386
1.02,0.9,82.5055
1.02,0.94,86.0404
1.02,0.98,90.2127
1.02,1.02,95.816
1.02,1.06,104.339
1.02,1.1,79.3652
1.02,1.14,0.000530726
1.02,1.18,1.44376e-11
1.02,1.22,1.44008e-17
1.02,1.26,3.2972e-23
1.02,1.3,8.25275e-29
1.02,1.34,1.47496e-34
1.02,1.38,1.02124e-40
1.02,1.42,0
1.02,1.46,0
1.02,1.5,0
1.02,1.54,0
1.02,1.58,0
1.02,1.62,0
1.02,1.66,0
1.02,1.7,0
1.02,1.74,0
1.02,1.78,0
1.02,1.82,0
1.02,1.86,0
1.02,1.9,0
1.02,1.94,0
1.02,1.98,0
1.06,0.02,0.0069065
1.06,0.06,0.0570074
1.06,0.1,0.160967
1.06,0.14,0.323664
1.06,0.18,0.523646
1.06,0.22,0.741432
1.06,0.26,0.996546
1.06,0.3,1.36256
1.06,0.34,1.96665
1.06,0.38,3.01364
1.06,0.42,4.84447
1.06,0.46,7.98287
1.06,0.5,13.0699
1.06,0.54,20.5837
1.06,0.58,30.4683
1.06,0.62,41.7079
1.06,0.66,52.9107
1.06,0.7,63.0196
1.06,0.74,71.5048
1.06,0.78,78.2913
1.06,0.82,82.6807
1.06,0.86,86.5046
1.06,0.9,90.1452
1.06,0.94,93.5835
1.06,0.98,96.3586
1.06,1.02,96.7052
1.06,1.06,79.0161
1.06,1.1,21.8297
1.06,1.14,8.60487e-05
1.06,1.18,2.65081e-12
1.06,1.22,2.57202e-18
1.06,1.26,5.58984e-24
1.06,1.3,1.31398e-29
1.06,1.34,2.19685e-35
1.06,1.38,1.4291e-41
1.06,1.42,0
1.06,1.46,0
1.06,1.5,0
1.06,1.54,0
1.06,1.58,0
1.06,1.62,0
1.06,1.66,0
1.06,1.7,0
1.06,1.74,0
1.06,1.78,0
1.06,1.82,0
1.06,1.86,0
1.06,1.9,0
1.06,1.94,0
1.06,1.98,0
1.1,0.02,0.000771211
1.1,0.06,0.00757358
1.1,0.1,0.0255299
1.1,0.14,0.0553817
1.1,0.18,0.0931005
1.1,0.22,0.139494
1.1,0.26,0.210163
1.1,0.3,0.338663
1.1,0.34,0.586137
1.1,0.38,1.07319
1.1,0.42,2.03816
1.1,0.46,3.91265
1.1,0.5,7.36112
1.1,0.54,13.152
1.1,0.58,21.7708
1.1,0.62,32.9063
1.1,0.66,45.4417
1.1,0.7,57.9889
1.1,0.74,68.6666
1.1,0.78,76.001
1.1,0.82,81.2293
1.1,0.86,85.4753
1.1,0.9,88.3541
1.1,0.94,88.7861
1.1,0.98,83.8161
1.1,1.02,63.8539
1.1,1.06,21.8663
1.1,1.1,1.9535
1.1,1.14,6.57913e-06
1.1,1.18,2.64637e-13
1.1,1.22,2.69919e-19
1.1,1.26,5.88342e-25
1.1,1.3,1.35427e-30
1.1,1.34,2.18746e-36
1.1,1.38,1.3689e-42
1.1,1.42,0
1.1,1.46,0
1.1,1.5,0
1.1,1.54,0
1.1,1.58,0
1.1,1.62,0
1.1,1.66,0
1.1,1.7,0
1.1,1.74,0
1.1,1.78,0
1.1,1.82,0
1.1,1.86,0
1.1,1.9,0
1.1,1.94,0
1.1,1.98,0
1.14,0.02,4.41309e-05
1.14,0.06,0.00051408
1.14,0.1,0.00197528
1.14,0.14,0.00462814
1.14,0.18,0.00827236
1.14,0.22,0.0136002
1.14,0.26,0.0239042
1.14,0.3,0.0469559
1.14,0.34,0.100224
1.14,0.38,0.225025
1.14,0.42,0.517442
1.14,0.46,1.18586
1.14,0.5,2.63055
1.14,0.54,5.50892
1.14,0.58,10.634
1.14,0.62,18.5094
1.14,0.66,28.7766
1.14,0.7,40.056
1.14,0.74,50.7141
1.14,0.78,58.609
1.14,0.82,64.4176
1.14,0.86,67.623
1.14,0.9,66.8971
1.14,0.94,59.1336
1.14,0.98,39.1407
1.14,1.02,10.4796
1.14,1.06,1.00411
1.14,1.1,0.0405242
1.14,1.14,1.90085e-07
1.14,1.18,1.21702e-14
1.14,1.22,1.47191e-20
1.14,1.26,3.49567e-26
1.14,1.3,8.37608e-32
1.14,1.34,1.36884e-37
1.14,1.38,8.52671e-44
1.14,1.42,0
1.14,1.46,0
1.14,1.5,0
1.14,1.54,0
1.14,1.58,0
1.14,1.62,0
1.14,1.66,0
1.14,1.7,0
1.14,1.74,0
1.14,1.78,0
1.14,1.82,0
1.14,1.86,0
1.14,1.9,0
1.14,1.94,0
1.14,1.98,0
1.18,0.02,4.76516e-07
1.18,0.06,7.69387e-06
1.18,0.1,3.8576e-05
1.18,0.14,0.000112254
1.18,0.18,0.000242191
1.18,0.22,0.000479218
1.18,0.26,0.00104042
1.18,0.3,0.00259241
1.18,0.34,0.00702477
1.18,0.38,0.0197964
1.18,0.42,0.0564757
1.18,0.46,0.159466
1.18,0.5,0.42999
1.18,0.54,1.09657
1.18,0.58,2.56612
1.18,0.62,5.39065
1.18,0.66,9.89012
1.18,0.7,15.8769
1.18,0.74,22.5057
1.18,0.78,28.3688
1.18,0.82,31.5439
1.18,0.86,30.9444
1.18,0.9,24.9432
1.18,0.94,13.1641
1.18,0.98,2.54783
1.18,1.02,0.185302
1.18,1.06,0.00649662
1.18,1.1,4.39763e-08
1.18,1.14,1.03582e-09
1.18,1.18,1.82254e-16
1.18,1.22,3.33994e-22
1.18,1.26,9.99427e-28
1.18,1.3,2.74978e-33
1.18,1.34,4.87681e-39
1.18,1.38,3.18099e-45
1.18,1.42,0
1.18,1.46,0
1.18,1.5,0
1.18,1.54,0
1.18,1.58,0
1.18,1.62,0
1.18,1.66,0
1.18,1.7,0
1.18,1.74,0
1.18,1.78,0
1.18,1.82,0
1.18,1.86,0
1.18,1.9,0
1.18,1.94,0
1.18,1.98,0
1.22,0.02,6.59786e-10
1.22,0.06,1.60428e-08
1.22,0.1,1.19815e-07
1.22,0.14,5.19177e-07
1.22,0.18,1.67932e-06
1.22,0.22,4.88648e-06
1.22,0.26,1.45987e-05
1.22,0.3,4.74079e-05
1.22,0.34,0.000164664
1.22,0.38,0.00058532
1.22,0.42,0.00205153
1.22,0.46,0.00706601
1.22,0.5,0.0227128
1.22,0.54,0.0709594
1.22,0.58,0.205679
1.22,0.62,0.539047
1.22,0.66,1.23805
1.22,0.7,2.39856
1.22,0.74,4.29365
1.22,0.78,6.11659
1.22,0.82,6.44747
1.22,0.86,4.74789
1.22,0.9,2.05095
1.22,0.94,0.341094
1.22,0.98,0.0182159
1.22,1.02,0.000656303
1.22,1.06,7.87363e-09
1.22,1.1,1.16855e-10
1.22,1.14,4.41126e-17
1.22,1.18,1.11372e-22
1.22,1.22,1.52127e-24
1.22,1.26,9.36902e-30
1.22,1.3,3.72127e-35
1.22,1.34,8.21144e-41
1.22,1.38,6.1361e-47
1.22,1.42,0
1.22,1.46,0
1.22,1.5,0
1.22,1.54,0
1.22,1.58,0
1.22,1.62,0
1.22,1.66,0
1.22,1.7,0
1.22,1.74,0
1.22,1.78,0
1.22,1.82,0
1.22,1.86,0
1.22,1.9,0
1.22,1.94,0
1.22,1.98,0
1.26,0.02,2.12901e-13
1.26,0.06,7.85344e-12
1.26,0.1,8.94622e-11
1.26,0.14,6.01386e-10
1.26,0.18,3.07506e-09
1.26,0.22,1.38784e-08
1.26,0.26,5.93959e-08
1.26,0.3,2.56102e-07
1.26,0.34,1.16127e-06
1.26,0.38,5.3835e-06
1.26,0.42,2.36431e-05
1.26,0.46,9.97749e-05
1.26,0.5,0.0003744
1.26,0.54,0.00141721
1.26,0.58,0.00498072
1.26,0.62,0.0161905
1.26,0.66,0.0485097
1.26,0.7,0.112229
1.26,0.74,0.281424
1.26,0.78,0.442638
1.26,0.82,0.353715
1.26,0.86,0.145707
1.26,0.9,0.0235481
1.26,0.94,0.00123761
1.26,0.98,3.69092e-05
1.26,1.02,9.96588e-10
1.26,1.06,7.60031e-12
1.26,1.1,8.63301e-18
1.26,1.14,3.27806e-23
1.26,1.18,2.83479e-25
1.26,1.22,2.68133e-30
1.26,1.26,1.35538e-35
1.26,1.3,6.59959e-38
1.26,1.34,3.73655e-43
1.26,1.38,4.253e-49
1.26,1.42,0
1.26,1.46,0
1.26,1.5,0
1.26,1.54,0
1.26,1.58,0
1.26,1.62,0
1.26,1.66,0
1.26,1.7,0
1.26,1.74,0
1.26,1.78,0
1.26,1.82,0
1.26,1.86,0
1.26,1.9,0
1.26,1.94,0
1.26,1.98,0
1.3,0.02,1.9399e-17
1.3,0.06,1.13786e-15
1.3,0.1,2.05884e-14
1.3,0.14,2.16493e-13
1.3,0.18,1.68706e-12
1.3,0.22,1.11829e-11
1.3,0.26,6.55045e-11
1.3,0.3,3.55624e-10
1.3,0.34,2.06489e-09
1.3,0.38,1.34874e-08
1.3,0.42,8.07548e-08
1.3,0.46,4.41599e-07
1.3,0.5,1.96182e-06
1.3,0.54,9.02037e-06
1.3,0.58,3.64297e-05
1.3,0.62,0.000146005
1.3,0.66,0.000619913
1.3,0.7,0.00160292
1.3,0.74,0.0062486
1.3,0.78,0.00915904
1.3,0.82,0.00454169
1.3,0.86,0.000822655
1.3,0.9,5.02602e-05
1.3,0.94,9.8112e-07
1.3,0.98,8.45942e-11
1.3,1.02,4.19505e-14
1.3,1.06,1.25728e-18
1.3,1.1,7.95293e-24
1.3,1.14,3.76671e-26
1.3,1.18,6.83039e-31
1.3,1.22,4.66796e-36
1.3,1.26,1.12808e-38
1.3,1.3,1.14498e-43
1.3,1.34,1.63151e-49
1.3,1.38,0
1.3,1.42,0
1.3,1.46,0
1.3,1.5,0
1.3,1.54,0
1.3,1.58,0
1.3,1.62,0
1.3,1.66,0
1.3,1.7,0
1.3,1.74,0
1.3,1.78,0
1.3,1.82,0
1.3,1.86,0
1.3,1.9,0
1.3,1.94,0
1.3,1.98,0
1.34,0.02,1.0114e-21
1.34,0.06,9.13642e-20
1.34,0.1,2.37105e-18
1.34,0.14,3.32343e-17
1.34,0.18,3.30662e-16
1.34,0.22,2.91274e-15
1.34,0.26,2.42037e-14
1.34,0.3,1.80443e-13
1.34,0.34,1.21693e-12
1.34,0.38,9.55479e-12
1.34,0.42,7.63801e-11
1.34,0.46,5.77921e-10
1.34,0.5,3.17276e-09
1.34,0.54,1.78349e-08
1.34,0.58,6.74004e-08
1.34,0.62,3.48411e-07
1.34,0.66,2.57537e-06
1.34,0.7,7.19156e-06
1.34,0.74,4.71895e-05
1.34,0.78,5.45504e-05
1.34,0.82,1.34171e-05
1.34,0.86,1.08317e-06
1.34,0.9,6.03053e-09
1.34,0.94,4.63921e-12
1.34,0.98,9.58586e-18
1.34,1.02,1.25981e-19
1.34,1.06,1.5125e-24
1.34,1.1,2.0849e-27
1.34,1.14,1.45489e-31
1.34,1.18,1.45404e-36
1.34,1.22,6.93893e-40
1.34,1.26,3.24227e-44
1.34,1.3,6.11804e-50
1.34,1.34,0
1.34,1.38,0
1.34,1.42,0
1.34,1.46,0
1.34,1.5,0
1.34,1.54,0
1.34,1.58,0
1.34,1.62,0
1.34,1.66,0
1.34,1.7,0
1.34,1.74,0
1.34,1.78,0
1.34,1.82,0
1.34,1.86,0
1.34,1.9,0
1.34,1.94,0
1.34,1.98,0
1.38,0.02,1.86027e-26
1.38,0.06,2.50965e-24
1.38,0.1,9.60415e-23
1.38,0.14,1.89732e-21
1.38,0.18,2.37112e-20
1.38,0.22,2.30263e-19
1.38,0.26,2.21488e-18
1.38,0.3,2.08643e-17
1.38,0.34,1.59419e-16
1.38,0.38,1.69158e-15
1.38,0.42,1.89221e-14
1.38,0.46,2.11185e-13
1.38,0.5,1.48779e-12
1.38,0.54,1.04597e-11
1.38,0.58,4.56176e-11
1.38,0.62,2.76764e-10
1.38,0.66,3.28883e-09
1.38,0.7,9.32059e-09
1.38,0.74,1.18358e-07
1.38,0.78,8.33747e-08
1.38,0.82,1.17425e-08
1.38,0.86,4.56223e-12
1.38,0.9,1.55374e-13
1.38,0.94,8.71385e-19
1.38,0.98,7.86318e-21
1.38,1.02,2.16459e-25
1.38,1.06,3.55622e-30
1.38,1.1,2.43887e-32
1.38,1.14,3.92458e-37
1.38,1.18,2.2541e-42
1.38,1.22,7.978e-45
1.38,1.26,2.15567e-50
1.38,1.3,0
1.38,1.34,0
1.38,1.38,0
1.38,1.42,0
1.38,1.46,0
1.38,1.5,0
1.38,1.54,0
1.38,1.58,0
1.38,1.62,0
1.38,1.66,0
1.38,1.7,0
1.38,1.74,0
1.38,1.78,0
1.38,1.82,0
1.38,1.86,0
1.38,1.9,0
1.38,1.94,0
1.38,1.98,0
1.42,0.02,1.09874e-31
1.42,0.06,2.25102e-29
1.42,0.1,1.35025e-27
1.42,0.14,4.36048e-26
1.42,0.18,8.93935e-25
1.42,0.22,1.22953e-23
1.42,0.26,1.28485e-22
1.42,0.3,1.32276e-21
1.42,0.34,1.41695e-20
1.42,0.38,1.2561e-19
1.42,0.42,8.402e-19
1.42,0.46,1.06206e-17
1.42,0.5,9.95693e-17
1.42,0.54,1.04025e-15
1.42,0.58,5.64155e-15
1.42,0.62,5.13998e-14
1.42,0.66,8.7095e-13
1.42,0.7,3.1333e-12
1.42,0.74,9.08552e-11
1.42,0.78,4.87972e-11
1.42,0.82,8.63919e-14
1.42,0.86,2.88899e-15
1.42,0.9,5.15222e-20
1.42,0.94,2.36334e-22
1.42,0.98,2.23731e-26
1.42,1.02,6.2893e-31
1.42,1.06,3.00186e-33
1.42,1.1,8.83293e-38
1.42,1.14,7.13709e-43
1.42,1.18,1.56919e-45
1.42,1.22,6.86938e-51
1.42,1.26,0
1.42,1.3,0
1.42,1.34,0
1.42,1.38,0
1.42,1.42,0
1.42,1.46,0
1.42,1.5,0
1.42,1.54,0
1.42,1.58,0
1.42,1.62,0
1.42,1.66,0
1.42,1.7,0
1.42,1.74,0
1.42,1.78,0
1.42,1.82,0
1.42,1.86,0
1.42,1.9,0
1.42,1.94,0
1.42,1.98,0
1.46,0.02,6.94936e-38
1.46,0.06,2.25983e-35
1.46,0.1,2.16261e-33
1.46,0.14,1.10969e-31
1.46,0.18,3.85282e-30
1.46,0.22,9.33528e-29
1.46,0.26,1.7074e-27
1.46,0.3,2.60112e-26
1.46,0.34,3.15461e-25
1.46,0.38,2.76449e-24
1.46,0.42,1.69173e-23
1.46,0.46,9.30381e-22
1.46,0.5,1.232e-20
1.46,0.54,1.3426e-19
1.46,0.58,7.65783e-19
1.46,0.62,4.17701e-18
1.46,0.66,1.28406e-17
1.46,0.7,5.87143e-17
1.46,0.74,2.08217e-14
1.46,0.78,6.47789e-16
1.46,0.82,2.43946e-17
1.46,0.86,1.85406e-21
1.46,0.9,1.06401e-25
1.46,0.94,1.59645e-27
1.46,0.98,8.32959e-32
1.46,1.02,2.40896e-34
1.46,1.06,1.60167e-38
1.46,1.1,1.90002e-43
1.46,1.14,2.08628e-46
1.46,1.18,1.90929e-51
1.46,1.22,0
1.46,1.26,0
1.46,1.3,0
1.46,1.34,0
1.46,1.38,0
1.46,1.42,0
1.46,1.46,0
1.46,1.5,0
1.46,1.54,0
1.46,1.58,0
1.46,1.62,0
1.46,1.66,0
1.46,1.7,0
1.46,1.74,0
1.46,1.78,0
1.46,1.82,0
1.46,1.86,0
1.46,1.9,0
1.46,1.94,0
1.46,1.98,0
1.5,0.02,3.21462e-43
1.5,0.06,2.33881e-40
1.5,0.1,3.6622e-38
1.5,0.14,2.58226e-36
1.5,0.18,1.10332e-34
1.5,0.22,3.12542e-33
1.5,0.26,5.90757e-32
1.5,0.3,7.46447e-31
1.5,0.34,7.32268e-30
1.5,0.38,6.92689e-29
1.5,0.42,6.12398e-28
1.5,0.46,4.1933e-27
1.5,0.5,2.11116e-26
1.5,0.54,2.82642e-25
1.5,0.58,2.16921e-24
1.5,0.62,1.05463e-23
1.5,0.66,2.9631e-23
1.5,0.7,8.23559e-23
1.5,0.74,3.41872e-19
1.5,0.78,5.18002e-20
1.5,0.82,3.49495e-23
1.5,0.86,5.02969e-27
1.5,0.9,7.38988e-29
1.5,0.94,7.99152e-33
1.5,0.98,8.11681e-36
1.5,1.02,2.25779e-39
1.5,1.06,4.14959e-44
1.5,1.1,6.02587e-48
1.5,1.14,4.46221e-52
1.5,1.18,0
1.5,1.22,0
1.5,1.26,0
1.5,1.3,0
1.5,1.34,0
1.5,1.38,0
1.5,1.42,0
1.5,1.46,0
1.5,1.5,0
1.5,1.54,0
1.5,1.58,0
1.5,1.62,0
1.5,1.66,0
1.5,1.7,0
1.5,1.74,0
1.5,1.78,0
1.5,1.82,0
1.5,1.86,0
1.5,1.9,0
1.5,1.94,0
1.5,1.98,0
1.54,0.02,9.62682e-50
1.54,0.06,6.10886e-47
1.54,0.1,1.5801e-44
1.54,0.14,2.19008e-42
1.54,0.18,1.40333e-40
1.54,0.22,7.20197e-39
1.54,0.26,2.90748e-37
1.54,0.3,7.06327e-36
1.54,0.34,1.3765e-34
1.54,0.38,2.22657e-33
1.54,0.42,2.57894e-32
1.54,0.46,2.0055e-31
1.54,0.5,1.04632e-30
1.54,0.54,2.37661e-29
1.54,0.58,2.17568e-28
1.54,0.62,1.64503e-27
1.54,0.66,6.38371e-27
1.54,0.7,2.66536e-26
1.54,0.74,1.89454e-25
1.54,0.78,2.39476e-25
1.54,0.82,1.25479e-28
1.54,0.86,2.00157e-30
1.54,0.9,5.25313e-34
1.54,0.94,3.96417e-38
1.54,0.98,2.36995e-40
1.54,1.02,7.12368e-45
1.54,1.06,3.62279e-50
1.54,1.1,8.4294e-53
1.54,1.14,0
1.54,1.18,0
1.54,1.22,0
1.54,1.26,0
1.54,1.3,0
1.54,1.34,0
1.54,1.38,0
1.54,1.42,0
1.54,1.46,0
1.54,1.5,0
1.54,1.54,0
1.54,1.58,0
1.54,1.62,0
1.54,1.66,0
1.54,1.7,0
1.54,1.74,0
1.54,1.78,0
1.54,1.82,0
1.54,1.86,0
1.54,1.9,0
1.54,1.94,0
1.54,1.98,0
1.58,0.02,1.16175e-59
1.58,0.06,6.76077e-55
1.58,0.1,6.87788e-51
1.58,0.14,1.63235e-48
1.58,0.18,1.41704e-46
1.58,0.22,1.14694e-44
1.58,0.26,5.98829e-43
1.58,0.3,1.78577e-41
1.58,0.34,3.24785e-40
1.58,0.38,3.87863e-39
1.58,0.42,8.27843e-38
1.58,0.46,1.48462e-36
1.58,0.5,1.38498e-35
1.58,0.54,1.83487e-34
1.58,0.58,1.48703e-33
1.58,0.62,1.44656e-32
1.58,0.66,6.79042e-32
1.58,0.7,2.25566e-31
1.58,0.74,3.74523e-31
1.58,0.78,1.1142e-30
1.58,0.82,2.62011e-32
1.58,0.86,2.13621e-35
1.58,0.9,3.14427e-39
1.58,0.94,1.74345e-41
1.58,0.98,9.16039e-46
1.58,1.02,6.73324e-51
1.58,1.06,1.22925e-53
1.58,1.1,0
1.58,1.14,0
1.58,1.18,0
1.58,1.22,0
1.58,1.26,0
1.58,1.3,0
1.58,1.34,0
1.58,1.38,0
1.58,1.42,0
1.58,1.46,0
1.58,1.5,0
1.58,1.54,0
1.58,1.58,0
1.58,1.62,0
1.58,1.66,0
1.58,1.7,0
1.58,1.74,0
1.58,1.78,0
1.58,1.82,0
1.58,1.86,0
1.58,1.9,0
1.58,1.94,0
1.58,1.98,0
1.62,0.02,0
1.62,0.06,1.82837e-60
1.62,0.1,9.01144e-58
1.62,0.14,1.25378e-55
1.62,0.18,1.20953e-52
1.62,0.22,1.46948e-50
1.62,0.26,6.92278e-49
1.62,0.3,7.56317e-47
1.62,0.34,3.5625e-45
1.62,0.38,7.69179e-44
1.62,0.42,2.15078e-42
1.62,0.46,4.04408e-41
1.62,0.5,4.60873e-40
1.62,0.54,3.31777e-39
1.62,0.58,1.55919e-38
1.62,0.62,1.5224e-37
1.62,0.66,8.38883e-37
1.62,0.7,4.80017e-36
1.62,0.74,1.10055e-35
1.62,0.78,9.94816e-35
1.62,0.82,4.43397e-37
1.62,0.86,1.50335e-40
1.62,0.9,8.21944e-43
1.62,0.94,8.3037e-47
1.62,0.98,9.23867e-52
1.62,1.02,1.29803e-54
1.62,1.06,0
1.62,1.1,0
1.62,1.14,0
1.62,1.18,0
1.62,1.22,0
1.62,1.26,0
1.62,1.3,0
1.62,1.34,0
1.62,1.38,0
1.62,1.42,0
1.62,1.46,0
1.62,1.5,0
1.62,1.54,0
1.62,1.58,0
1.62,1.62,0
1.62,1.66,0
1.62,1.7,0
1.62,1.74,0
1.62,1.78,0
1.62,1.82,0
1.62,1.86,0
1.62,1.9,0
1.62,1.94,0
1.62,1.98,0
1.66,0.02,0
1.66,0.06,0
1.66,0.1,0
1.66,0.14,0
1.66,0.18,4.2659e-59
1.66,0.22,5.79007e-57
1.66,0.26,3.06058e-55
1.66,0.3,1.2125e-52
1.66,0.34,6.90416e-51
1.66,0.38,1.72019e-49
1.66,0.42,2.42566e-48
1.66,0.46,2.1348e-47
1.66,0.5,1.37311e-45
1.66,0.54,2.47087e-44
1.66,0.58,1.86551e-43
1.66,0.62,1.08581e-41
1.66,0.66,7.87487e-41
1.66,0.7,4.20296e-40
1.66,0.74,9.51889e-40
1.66,0.78,2.83336e-39
1.66,0.82,3.49259e-42
1.66,0.86,2.11336e-44
1.66,0.9,4.84633e-48
1.66,0.94,8.74601e-53
1.66,0.98,9.02719e-56
1.66,1.02,0
1.66,1.06,0
1.66,1.1,0
1.66,1.14,0
1.66,1.18,0
1.66,1.22,0
1.66,1.26,0
1.66,1.3,0
1.66,1.34,0
1.66,1.38,0
1.66,1.42,0
1.66,1.46,0
1.66,1.5,0
1.66,1.54,0
1.66,1.58,0
1.66,1.62,0
1.66,1.66,0
1.66,1.7,0
1.66,1.74,0
1.66,1.78,0
1.66,1.82,0
1.66,1.86,0
1.66,1.9,0
1.66,1.94,0
1.66,1.98,0
1.7,0.02,0
1.7,0.06,0
1.7,0.1,0
1.7,0.14,0
1.7,0.18,0
1.7,0.22,0
1.7,0.26,0
1.7,0.3,0
1.7,0.34,4.34405e-60
1.7,0.38,1.48912e-56
1.7,0.42,6.25152e-55
1.7,0.46,1.07522e-53
1.7,0.5,3.85603e-51
1.7,0.54,7.79244e-50
1.7,0.58,6.40975e-49
1.7,0.62,4.54427e-47
1.7,0.66,3.53508e-46
1.7,0.7,3.05907e-45
1.7,0.74,8.72529e-45
1.7,0.78,2.23337e-44
1.7,0.82,2.10841e-46
1.7,0.86,1.57748e-49
1.7,0.9,5.18574e-54
1.7,0.94,3.27961e-57
1.7,0.98,0
1.7,1.02,0
1.7,1.06,0
1.7,1.1,0
1.7,1.14,0
1.7,1.18,0
1.7,1.22,0
1.7,1.26,0
1.7,1.3,0
1.7,1.34,0
1.7,1.38,0
1.7,1.42,0
1.7,1.46,0
1.7,1.5,0
1.7,1.54,0
1.7,1.58,0
1.7,1.62,0
1.7,1.66,0
1.7,1.7,0
1.7,1.74,0
1.7,1.78,0
1.7,1.82,0
1.7,1.86,0
1.7,1.9,0
1.7,1.94,0
1.7,1.98,0
1.74,0.02,0
1.74,0.06,0
1.74,0.1,0
1.74,0.14,0
1.74,0.18,0
1.74,0.22,0
1.74,0.26,0
1.74,0.3,0
1.74,0.34,0
1.74,0.38,5.14563e-62
1.74,0.42,2.28853e-60
1.74,0.46,4.85372e-59
1.74,0.5,5.05677e-57
1.74,0.54,1.01224e-55
1.74,0.58,2.81325e-54
1.74,0.62,3.13654e-53
1.74,0.66,1.75007e-52
1.74,0.7,7.27459e-51
1.74,0.74,2.73513e-50
1.74,0.78,2.43523e-49
1.74,0.82,2.20017e-51
1.74,0.86,1.68179e-55
1.74,0.9,3.32168e-60
1.74,0.94,0
1.74,0.98,0
1.74,1.02,0
1.74,1.06,0
1.74,1.1,0
1.74,1.14,0
1.74,1.18,0
1.74,1.22,0
1.74,1.26,0
1.74,1.3,0
1.74,1.34,0
1.74,1.38,0
1.74,1.42,0
1.74,1.46,0
1.74,1.5,0
1.74,1.54,0
1.74,1.58,0
1.74,1.62,0
1.74,1.66,0
1.74,1.7,0
1.74,1.74,0
1.74,1.78,0
1.74,1.82,0
1.74,1.86,0
1.74,1.9,0
1.74,1.94,0
1.74,1.98,0
1.78,0.02,0
1.78,0.06,0
1.78,0.1,0
1.78,0.14,0
1.78,0.18,0
1.78,0.22,0
1.78,0.26,0
1.78,0.3,0
1.78,0.34,0
1.78,0.38,0
1.78,0.42,0
1.78,0.46,0
1.78,0.5,1.69784e-62
1.78,0.54,3.85358e-61
1.78,0.58,6.46572e-60
1.78,0.62,6.03015e-59
1.78,0.66,3.04074e-58
1.78,0.7,3.10455e-55
1.78,0.74,1.26971e-54
1.78,0.78,6.40341e-54
1.78,0.82,2.23668e-57
1.78,0.86,0
1.78,0.9,0
1.78,0.94,0
1.78,0.98,0
1.78,1.02,0
1.78,1.06,0
1.78,1.1,0
1.78,1.14,0
1.78,1.18,0
1.78,1.22,0
1.78,1.26,0
1.78,1.3,0
1.78,1.34,0
1.78,1.38,0
1.78,1.42,0
1.78,1.46,0
1.78,1.5,0
1.78,1.54,0
1.78,1.58,0
1.78,1.62,0
1.78,1.66,0
1.78,1.7,0
1.78,1.74,0
1.78,1.78,0
1.78,1.82,0
1.78,1.86,0
1.78,1.9,0
1.78,1.94,0
1.78,1.98,0
1.82,0.02,0
1.82,0.06,0
1.82,0.1,0
1.82,0.14,0
1.82,0.18,0
1.82,0.22,0
1.82,0.26,0
1.82,0.3,0
1.82,0.34,0
1.82,0.38,0
1.82,0.42,0
1.82,0.46,0
1.82,0.5,0
1.82,0.54,0
1.82,0.58,0
1.82,0.62,0
1.82,0.66,0
1.82,0.7,2.60823e-61
1.82,0.74,1.11288e-60
1.82,0.78,5.62453e-60
1.82,0.82,0
1.82,0.86,0
1.82,0.9,0
1.82,0.94,0
1.82,0.98,0
1.82,1.02,0
1.82,1.06,0
1.82,1.1,0
1.82,1.14,0
1.82,1.18,0
1.82,1.22,0
1.82,1.26,0
1.82,1.3,0
1.82,1.34,0
1.82,1.38,0
1.82,1.42,0
1.82,1.46,0
1.82,1.5,0
1.82,1.54,0
1.82,1.58,0
1.82,1.62,0
1.82,1.66,0
1.82,1.7,0
1.82,1.74,0
1.82,1.78,0
1.82,1.82,0
1.82,1.86,0
1.82,1.9,0
1.82,1.94,0
1.82,1.98,0
1.86,0.02,0
1.86,0.06,0
1.86,0.1,0
1.86,0.14,0
1.86,0.18,0
1.86,0.22,0
1.86,0.26,0
1.86,0.3,0
1.86,0.34,0
1.86,0.38,0
1.86,0.42,0
1.86,0.46,0
1.86,0.5,0
1.86,0.54,0
1.86,0.58,0
1.86,0.62,0
1.86,0.66,0
1.86,0.7,0
1.86,0.74,0
1.86,0.78,0
1.86,0.82,0
1.86,0.86,0
1.86,0.9,0
1.86,0.94,0
1.86,0.98,0
1.86,1.02,0
1.86,1.06,0
1.86,1.1,0
1.86,1.14,0
1.86,1.18,0
1.86,1.22,0
1.86,1.26,0
1.86,1.3,0
1.86,1.34,0
1.86,1.38,0
1.86,1.42,0
1.86,1.46,0
1.86,1.5,0
1.86,1.54,0
1.86,1.58,0
1.86,1.62,0
1.86,1.66,0
1.86,1.7,0
1.86,1.74,0
1.86,1.78,0
1.86,1.82,0
1.86,1.86,0
1.86,1.9,0
1.86,1.94,0
1.86,1.98,0
1.9,0.02,0
1.9,0.06,0
1.9,0.1,0
1.9,0.14,0
1.9,0.18,0
1.9,0.22,0
1.9,0.26,0
1.9,0.3,0
1.9,0.34,0
1.9,0.38,0
1.9,0.42,0
1.9,0.46,0
1.9,0.5,0
1.9,0.54,0
1.9,0.58,0
1.9,0.62,0
1.9,0.66,0
1.9,0.7,0
1.9,0.74,0
1.9,0.78,0
1.9,0.82,0
1.9,0.86,0
1.9,0.9,0
1.9,0.94,0
1.9,0.98,0
1.9,1.02,0
1.9,1.06,0
1.9,1.1,0
1.9,1.14,0
1.9,1.18,0
1.9,1.22,0
1.9,1.26,0
1.9,1.3,0
1.9,1.34,0
1.9,1.38,0
1.9,1.42,0
1.9,1.46,0
1.9,1.5,0
1.9,1.54,0
1.9,1.58,0
1.9,1.62,0
1.9,1.66,0
1.9,1.7,0
1.9,1.74,0
1.9,1.78,0
1.9,1.82,0
1.9,1.86,0
1.9,1.9,0
1.9,1.94,0
1.9,1.98,0
1.94,0.02,0
1.94,0.06,0
1.94,0.1,0
1.94,0.14,0
1.94,0.18,0
1.94,0.22,0
1.94,0.26,0
1.94,0.3,0
1.94,0.34,0
1.94,0.38,0
1.94,0.42,0
1.94,0.46,0
1.94,0.5,0
1.94,0.54,0
1.94,0.58,0
1.94,0.62,0
1.94,0.66,0
1.94,0.7,0
1.94,0.74,0
1.94,0.78,0
1.94,0.82,0
1.94,0.86,0
1.94,0.9,0
1.94,0.94,0
1.94,0.98,0
1.94,1.02,0
1.94,1.06,0
1.94,1.1,0
1.94,1.14,0
1.94,1.18,0
1.94,1.22,0
1.94,1.26,0
1.94,1.3,0
1.94,1.34,0
1.94,1.38,0
1.94,1.42,0
1.94,1.46,0
1.94,1.5,0
1.94,1.54,0
1.94,1.58,0
1.94,1.62,0
1.94,1.66,0
1.94,1.7,0
1.94,1.74,0
1.94,1.78,0
1.94,1.82,0
1.94,1.86,0
1.94,1.9,0
1.94,1.94,0
1.94,1.98,0
1.98,0.02,0
1.98,0.06,0
1.98,0.1,0
1.98,0.14,0
1.98,0.18,0
1.98,0.22,0
1.98,0.26,0
1.98,0.3,0
1.98,0.34,0
1.98,0.38,0
1.98,0.42,0
1.98,0.46,0
1.98,0.5,0
1.98,0.54,0
1.98,0.58,0
1.98,0.62,0
1.98,0.66,0
1.98,0.7,0
1.98,0.74,0
1.98,0.78,0
1.98,0.82,0
1.98,0.86,0
1.98,0.9,0
1.98,0.94,0
1.98,0.98,0
1.98,1.02,0
1.98,1.06,0
1.98,1.1,0
1.98,1.14,0
1.98,1.18,0
1.98,1.22,0
1.98,1.26,0
1.98,1.3,0
1.98,1.34,0
1.98,1.38,0
1.98,1.42,0
1.98,1.46,0
1.98,1.5,0
1.98,1.54,0
1.98,1.58,0
1.98,1.62,0
1.98,1.66,0
1.98,1.7,0
1.98,1.74,0
1.98,1.78,0
1.98,1.82,0
1.98,1.86,0
1.98,1.9,0
1.98,1.94,0
1.98,1.98,0
