0.02,0.02,0
0.02,0.06,0
0.02,0.1,0
0.02,0.14,0
0.02,0.18,0
0.02,0.22,0
0.02,0.26,4.09046e-65
0.02,0.3,1.87395e-63
0.02,0.34,5.27605e-62
0.02,0.38,5.19646e-59
0.02,0.42,1.11301e-57
0.02,0.46,3.87362e-56
0.02,0.5,4.63201e-55
0.02,0.54,3.19425e-54
0.02,0.58,2.00264e-51
0.02,0.62,1.33147e-50
0.02,0.66,1.21958e-49
0.02,0.7,3.83857e-49
0.02,0.74,4.22902e-47
0.02,0.78,9.43971e-46
0.02,0.82,8.63161e-46
0.02,0.86,4.58211e-49
0.02,0.9,2.97663e-52
0.02,0.94,2.14619e-55
0.02,0.98,1.67658e-60
0.02,1.02,0
0.02,1.06,0
0.02,1.1,0
0.02,1.14,0
0.02,1.18,0
0.02,1.22,0
0.02,1.26,0
0.02,1.3,0
0.02,1.34,0
0.02,1.38,0
0.02,1.42,0
0.02,1.46,0
0.02,1.5,0
0.02,1.54,0
0.02,1.58,0
0.02,1.62,0
0.02,1.66,0
0.02,1.7,0
0.02,1.74,0
0.02,1.78,0
0.02,1.82,0
0.02,1.86,0
0.02,1.9,0
0.02,1.94,0
0.02,1.98,0
0.06,0.02,0
0.06,0.06,0
0.06,0.1,0
0.06,0.14,0
0.06,0.18,0
0.06,0.22,2.11345e-62
0.06,0.26,3.43095e-58
0.06,0.3,1.57108e-56
0.06,0.34,5.01553e-55
0.06,0.38,2.42956e-52
0.06,0.42,5.15676e-51
0.06,0.46,1.66861e-49
0.06,0.5,1.96266e-48
0.06,0.54,1.41624e-47
0.06,0.58,6.04445e-45
0.06,0.62,3.88145e-44
0.06,0.66,4.07141e-43
0.06,0.7,1.30805e-42
0.06,0.74,6.15384e-42
0.06,0.78,3.56008e-39
0.06,0.82,1.25134e-39
0.06,0.86,2.39851e-42
0.06,0.9,3.26024e-46
0.06,0.94,1.42787e-48
0.06,0.98,6.94727e-53
0.06,1.02,2.80999e-58
0.06,1.06,0
0.06,1.1,0
0.06,1.14,0
0.06,1.18,0
0.06,1.22,0
0.06,1.26,0
0.06,1.3,0
0.06,1.34,0
0.06,1.38,0
0.06,1.42,0
0.06,1.46,0
0.06,1.5,0
0.06,1.54,0
0.06,1.58,0
0.06,1.62,0
0.06,1.66,0
0.06,1.7,0
0.06,1.74,0
0.06,1.78,0
0.06,1.82,0
0.06,1.86,0
0.06,1.9,0
0.06,1.94,0
0.06,1.98,0
0.1,0.02,0
0.1,0.06,0
0.1,0.1,0
0.1,0.14,7.86267e-60
0.1,0.18,9.08161e-58
0.1,0.22,9.49677e-56
0.1,0.26,1.47299e-52
0.1,0.3,6.61939e-51
0.1,0.34,3.79203e-49
0.1,0.38,1.73151e-46
0.1,0.42,3.63156e-45
0.1,0.46,1.2302e-43
0.1,0.5,1.44719e-42
0.1,0.54,1.13735e-41
0.1,0.58,4.74788e-39
0.1,0.62,2.99554e-38
0.1,0.66,3.82049e-37
0.1,0.7,1.22857e-36
0.1,0.74,7.26122e-36
0.1,0.78,6.73071e-33
0.1,0.82,6.78065e-35
0.1,0.86,2.66083e-36
0.1,0.9,7.39207e-40
0.1,0.94,4.1367e-44
0.1,0.98,2.50536e-46
0.1,1.02,4.77307e-51
0.1,1.06,1.14736e-56
0.1,1.1,1.00897e-59
0.1,1.14,0
0.1,1.18,0
0.1,1.22,0
0.1,1.26,0
0.1,1.3,0
0.1,1.34,0
0.1,1.38,0
0.1,1.42,0
0.1,1.46,0
0.1,1.5,0
0.1,1.54,0
0.1,1.58,0
0.1,1.62,0
0.1,1.66,0
0.1,1.7,0
0.1,1.74,0
0.1,1.78,0
0.1,1.82,0
0.1,1.86,0
0.1,1.9,0
0.1,1.94,0
0.1,1.98,0
0.14,0.02,2.00374e-62
0.14,0.06,2.08828e-59
0.14,0.1,3.5494e-57
0.14,0.14,2.19547e-53
0.14,0.18,2.48797e-51
0.14,0.22,1.10251e-49
0.14,0.26,7.80886e-47
0.14,0.3,3.44435e-45
0.14,0.34,1.29873e-43
0.14,0.38,1.70513e-41
0.14,0.42,3.38573e-40
0.14,0.46,2.62135e-38
0.14,0.5,3.37684e-37
0.14,0.54,3.44264e-36
0.14,0.58,1.45464e-33
0.14,0.62,8.92433e-33
0.14,0.66,2.11934e-31
0.14,0.7,7.04761e-31
0.14,0.74,6.49956e-30
0.14,0.78,1.63865e-26
0.14,0.82,9.07124e-29
0.14,0.86,2.71086e-32
0.14,0.9,7.70354e-34
0.14,0.94,6.96793e-38
0.14,0.98,6.95162e-41
0.14,1.02,1.40615e-44
0.14,1.06,1.39981e-49
0.14,1.1,2.21223e-55
0.14,1.14,3.57876e-58
0.14,1.18,0
0.14,1.22,0
0.14,1.26,0
0.14,1.3,0
0.14,1.34,0
0.14,1.38,0
0.14,1.42,0
0.14,1.46,0
0.14,1.5,0
0.14,1.54,0
0.14,1.58,0
0.14,1.62,0
0.14,1.66,0
0.14,1.7,0
0.14,1.74,0
0.14,1.78,0
0.14,1.82,0
0.14,1.86,0
0.14,1.9,0
0.14,1.94,0
0.14,1.98,0
0.18,0.02,4.23852e-56
0.18,0.06,4.33385e-53
0.18,0.1,7.1204e-51
0.18,0.14,1.29564e-47
0.18,0.18,1.42091e-45
0.18,0.22,5.85209e-44
0.18,0.26,2.67944e-41
0.18,0.3,1.14835e-39
0.18,0.34,2.16858e-38
0.18,0.38,5.6454e-36
0.18,0.42,1.14413e-34
0.18,0.46,1.45266e-33
0.18,0.5,1.10846e-32
0.18,0.54,3.74012e-31
0.18,0.58,4.74718e-29
0.18,0.62,2.89325e-28
0.18,0.66,8.88435e-27
0.18,0.7,2.8938e-26
0.18,0.74,8.24216e-24
0.18,0.78,3.5971e-22
0.18,0.82,3.14917e-22
0.18,0.86,3.58724e-26
0.18,0.9,3.56227e-28
0.18,0.94,7.27288e-32
0.18,0.98,2.91636e-36
0.18,1.02,1.06986e-38
0.18,1.06,3.74916e-43
0.18,1.1,2.23763e-48
0.18,1.14,2.47275e-54
0.18,1.18,5.6269e-57
0.18,1.22,0
0.18,1.26,0
0.18,1.3,0
0.18,1.34,0
0.18,1.38,0
0.18,1.42,0
0.18,1.46,0
0.18,1.5,0
0.18,1.54,0
0.18,1.58,0
0.18,1.62,0
0.18,1.66,0
0.18,1.7,0
0.18,1.74,0
0.18,1.78,0
0.18,1.82,0
0.18,1.86,0
0.18,1.9,0
0.18,1.94,0
0.18,1.98,0
0.22,0.02,1.70408e-50
0.22,0.06,5.40595e-47
0.22,0.1,1.36853e-44
0.22,0.14,3.58696e-42
0.22,0.18,3.16126e-40
0.22,0.22,1.21092e-38
0.22,0.26,4.80197e-36
0.22,0.3,2.00552e-34
0.22,0.34,3.78286e-33
0.22,0.38,1.52476e-30
0.22,0.42,2.99796e-29
0.22,0.46,3.98806e-28
0.22,0.5,3.10751e-27
0.22,0.54,1.88513e-26
0.22,0.58,5.8964e-23
0.22,0.62,3.30048e-22
0.22,0.66,4.31521e-21
0.22,0.7,1.26039e-20
0.22,0.74,1.09958e-19
0.22,0.78,2.55934e-16
0.22,0.82,1.61738e-18
0.22,0.86,1.89994e-19
0.22,0.9,4.16139e-24
0.22,0.94,6.44051e-26
0.22,0.98,3.12812e-30
0.22,1.02,6.59559e-35
0.22,1.06,3.64115e-37
0.22,1.1,5.72152e-42
0.22,1.14,2.23375e-47
0.22,1.18,1.45182e-50
0.22,1.22,5.24965e-56
0.22,1.26,0
0.22,1.3,0
0.22,1.34,0
0.22,1.38,0
0.22,1.42,0
0.22,1.46,0
0.22,1.5,0
0.22,1.54,0
0.22,1.58,0
0.22,1.62,0
0.22,1.66,0
0.22,1.7,0
0.22,1.74,0
0.22,1.78,0
0.22,1.82,0
0.22,1.86,0
0.22,1.9,0
0.22,1.94,0
0.22,1.98,0
0.26,0.02,9.51899e-45
0.26,0.06,1.89471e-41
0.26,0.1,4.75555e-39
0.26,0.14,5.84822e-37
0.26,0.18,1.42157e-34
0.26,0.22,8.92793e-33
0.26,0.26,7.22678e-31
0.26,0.3,2.39527e-29
0.26,0.34,4.47169e-28
0.26,0.38,3.90165e-25
0.26,0.42,7.48684e-24
0.26,0.46,1.43585e-22
0.26,0.5,1.30364e-21
0.26,0.54,1.13652e-20
0.26,0.58,1.12435e-17
0.26,0.62,5.88561e-17
0.26,0.66,1.31383e-15
0.26,0.7,3.62726e-15
0.26,0.74,5.49144e-14
0.26,0.78,1.4722e-12
0.26,0.82,1.35414e-12
0.26,0.86,6.72975e-14
0.26,0.9,3.23164e-17
0.26,0.94,2.10886e-22
0.26,0.98,3.82371e-24
0.26,1.02,7.33979e-29
0.26,1.06,8.99292e-34
0.26,1.1,6.30138e-36
0.26,1.14,5.59421e-41
0.26,1.18,1.53213e-46
0.26,1.22,2.1645e-49
0.26,1.26,3.31448e-55
0.26,1.3,0
0.26,1.34,0
0.26,1.38,0
0.26,1.42,0
0.26,1.46,0
0.26,1.5,0
0.26,1.54,0
0.26,1.58,0
0.26,1.62,0
0.26,1.66,0
0.26,1.7,0
0.26,1.74,0
0.26,1.78,0
0.26,1.82,0
0.26,1.86,0
0.26,1.9,0
0.26,1.94,0
0.26,1.98,0
0.3,0.02,2.24607e-39
0.3,0.06,2.79332e-36
0.3,0.1,6.50218e-34
0.3,0.14,5.29628e-32
0.3,0.18,1.33542e-29
0.3,0.22,8.60369e-28
0.3,0.26,3.48827e-26
0.3,0.3,2.4024e-24
0.3,0.34,7.37458e-23
0.3,0.38,5.60759e-21
0.3,0.42,9.49282e-20
0.3,0.46,5.16073e-18
0.3,0.5,2.64075e-16
0.3,0.54,2.74033e-15
0.3,0.58,9.39971e-14
0.3,0.62,4.73132e-13
0.3,0.66,6.37501e-12
0.3,0.7,1.69982e-11
0.3,0.74,1.85464e-10
0.3,0.78,2.32966e-09
0.3,0.82,3.01426e-09
0.3,0.86,4.79991e-10
0.3,0.9,2.42687e-11
0.3,0.94,2.38791e-15
0.3,0.98,3.18772e-18
0.3,1.02,1.13171e-22
0.3,1.06,1.05455e-27
0.3,1.1,1.7678e-30
0.3,1.14,6.69908e-35
0.3,1.18,3.78781e-40
0.3,1.22,7.66023e-46
0.3,1.26,1.59991e-48
0.3,1.3,1.53664e-54
0.3,1.34,0
0.3,1.38,0
0.3,1.42,0
0.3,1.46,0
0.3,1.5,0
0.3,1.54,0
0.3,1.58,0
0.3,1.62,0
0.3,1.66,0
0.3,1.7,0
0.3,1.74,0
0.3,1.78,0
0.3,1.82,0
0.3,1.86,0
0.3,1.9,0
0.3,1.94,0
0.3,1.98,0
0.34,0.02,1.61405e-34
0.34,0.06,1.96728e-31
0.34,0.1,4.53024e-29
0.34,0.14,3.46012e-27
0.34,0.18,1.72907e-24
0.34,0.22,1.15918e-22
0.34,0.26,3.69085e-21
0.34,0.3,6.6185e-19
0.34,0.34,1.81009e-17
0.34,0.38,6.24746e-16
0.34,0.42,8.82991e-15
0.34,0.46,1.16972e-13
0.34,0.5,2.51127e-12
0.34,0.54,1.95323e-11
0.34,0.58,2.89545e-10
0.34,0.62,1.2682e-09
0.34,0.66,1.04042e-08
0.34,0.7,3.02066e-08
0.34,0.74,1.85355e-07
0.34,0.78,1.2298e-06
0.34,0.82,1.87568e-06
0.34,0.86,5.82615e-07
0.34,0.9,5.51776e-08
0.34,0.94,2.7708e-09
0.34,0.98,9.42774e-14
0.34,1.02,7.46442e-16
0.34,1.06,1.95666e-21
0.34,1.1,1.00505e-26
0.34,1.14,3.65637e-29
0.34,1.18,4.82475e-34
0.34,1.22,1.88495e-39
0.34,1.26,2.93659e-45
0.34,1.3,7.86651e-48
0.34,1.34,5.54466e-54
0.34,1.38,0
0.34,1.42,0
0.34,1.46,0
0.34,1.5,0
0.34,1.54,0
0.34,1.58,0
0.34,1.62,0
0.34,1.66,0
0.34,1.7,0
0.34,1.74,0
0.34,1.78,0
0.34,1.82,0
0.34,1.86,0
0.34,1.9,0
0.34,1.94,0
0.34,1.98,0
0.38,0.02,4.13284e-29
0.38,0.06,2.21958e-26
0.38,0.1,5.46361e-24
0.38,0.14,5.47444e-22
0.38,0.18,6.74388e-20
0.38,0.22,3.58701e-18
0.38,0.26,1.15504e-16
0.38,0.3,7.02131e-15
0.38,0.34,1.68069e-13
0.38,0.38,3.37307e-12
0.38,0.42,3.80503e-11
0.38,0.46,3.7432e-10
0.38,0.5,4.66041e-09
0.38,0.54,3.14331e-08
0.38,0.58,2.48222e-07
0.38,0.62,9.40567e-07
0.38,0.66,5.16709e-06
0.38,0.7,1.66922e-05
0.38,0.74,6.05687e-05
0.38,0.78,0.00023572
0.38,0.82,0.000375707
0.38,0.86,0.000192259
0.38,0.9,4.00365e-05
0.38,0.94,3.08786e-06
0.38,0.98,1.45818e-07
0.38,1.02,2.19371e-12
0.38,1.06,2.65792e-14
0.38,1.1,2.16394e-20
0.38,1.14,6.68763e-26
0.38,1.18,3.44803e-28
0.38,1.22,2.51116e-33
0.38,1.26,7.24053e-39
0.38,1.3,9.03727e-45
0.38,1.34,2.84783e-47
0.38,1.38,1.62999e-53
0.38,1.42,0
0.38,1.46,0
0.38,1.5,0
0.38,1.54,0
0.38,1.58,0
0.38,1.62,0
0.38,1.66,0
0.38,1.7,0
0.38,1.74,0
0.38,1.78,0
0.38,1.82,0
0.38,1.86,0
0.38,1.9,0
0.38,1.94,0
0.38,1.98,0
0.42,0.02,1.11659e-24
0.42,0.06,4.73891e-22
0.42,0.1,1.29343e-19
0.42,0.14,1.4532e-17
0.42,0.18,8.19506e-16
0.42,0.22,2.59932e-14
0.42,0.26,5.65544e-13
0.42,0.3,1.6749e-11
0.42,0.34,3.29077e-10
0.42,0.38,4.63463e-09
0.42,0.42,4.16565e-08
0.42,0.46,3.05546e-07
0.42,0.5,2.37892e-06
0.42,0.54,1.293e-05
0.42,0.58,6.81008e-05
0.42,0.62,0.000222951
0.42,0.66,0.000872269
0.42,0.7,0.0025006
0.42,0.74,0.00658381
0.42,0.78,0.0173466
0.42,0.82,0.0266829
0.42,0.86,0.0191533
0.42,0.9,0.00734177
0.42,0.94,0.00133849
0.42,0.98,0.000105511
0.42,1.02,4.12944e-06
0.42,1.06,3.20226e-11
0.42,1.1,4.79894e-13
0.42,1.14,1.62551e-19
0.42,1.18,3.24674e-25
0.42,1.22,2.047e-27
0.42,1.26,9.93575e-33
0.42,1.3,2.24315e-38
0.42,1.34,2.32964e-44
0.42,1.38,7.99821e-47
0.42,1.42,4.05415e-53
0.42,1.46,0
0.42,1.5,0
0.42,1.54,0
0.42,1.58,0
0.42,1.62,0
0.42,1.66,0
0.42,1.7,0
0.42,1.74,0
0.42,1.78,0
0.42,1.82,0
0.42,1.86,0
0.42,1.9,0
0.42,1.94,0
0.42,1.98,0
0.46,0.02,2.84027e-20
0.46,0.06,7.85957e-18
0.46,0.1,7.94987e-16
0.46,0.14,5.31114e-14
0.46,0.18,2.20226e-12
0.46,0.22,5.88462e-11
0.46,0.26,1.09034e-09
0.46,0.3,1.6351e-08
0.46,0.34,1.93737e-07
0.46,0.38,1.79299e-06
0.46,0.42,1.27032e-05
0.46,0.46,7.31611e-05
0.46,0.5,0.000387861
0.46,0.54,0.00164048
0.46,0.58,0.00633094
0.46,0.62,0.0178123
0.46,0.66,0.0522038
0.46,0.7,0.124614
0.46,0.74,0.255102
0.46,0.78,0.495123
0.46,0.82,0.696687
0.46,0.86,0.627367
0.46,0.9,0.371873
0.46,0.94,0.133697
0.46,0.98,0.0236717
0.46,1.02,0.00190543
0.46,1.06,6.71282e-05
0.46,1.1,3.0745e-10
0.46,1.14,5.22382e-12
0.46,1.18,8.69566e-19
0.46,1.22,1.20127e-24
0.46,1.26,8.49075e-27
0.46,1.3,3.1251e-32
0.46,1.34,5.84493e-38
0.46,1.38,5.24314e-44
0.46,1.42,1.77527e-46
0.46,1.46,8.79111e-53
0.46,1.5,0
0.46,1.54,0
0.46,1.58,0
0.46,1.62,0
0.46,1.66,0
0.46,1.7,0
0.46,1.74,0
0.46,1.78,0
0.46,1.82,0
0.46,1.86,0
0.46,1.9,0
0.46,1.94,0
0.46,1.98,0
0.5,0.02,1.14559e-16
0.5,0.06,2.67779e-14
0.5,0.1,1.84417e-12
0.5,0.14,6.8895e-11
0.5,0.18,1.65924e-09
0.5,0.22,2.81961e-08
0.5,0.26,3.62893e-07
0.5,0.3,3.72239e-06
0.5,0.34,3.0569e-05
0.5,0.38,0.000201027
0.5,0.42,0.00108653
0.5,0.46,0.00495691
0.5,0.5,0.0198499
0.5,0.54,0.0667731
0.5,0.58,0.200062
0.5,0.62,0.488147
0.5,0.66,1.1095
0.5,0.7,2.14607
0.5,0.74,3.56192
0.5,0.78,5.4166
0.5,0.82,6.83354
0.5,0.86,6.89487
0.5,0.9,5.56965
0.5,0.94,3.33765
0.5,0.98,1.28089
0.5,1.02,0.238225
0.5,1.06,0.0192704
0.5,1.1,0.00065047
0.5,1.14,2.01846e-09
0.5,1.18,3.70118e-11
0.5,1.22,3.46249e-18
0.5,1.26,3.54228e-24
0.5,1.3,2.5892e-26
0.5,1.34,8.14524e-32
0.5,1.38,1.33504e-37
0.5,1.42,1.07401e-43
0.5,1.46,2.93665e-46
0.5,1.5,1.6863e-52
0.5,1.54,0
0.5,1.58,0
0.5,1.62,0
0.5,1.66,0
0.5,1.7,0
0.5,1.74,0
0.5,1.78,0
0.5,1.82,0
0.5,1.86,0
0.5,1.9,0
0.5,1.94,0
0.5,1.98,0
0.54,0.02,1.2523e-13
0.54,0.06,1.77492e-11
0.54,0.1,7.76716e-10
0.54,0.14,1.90184e-08
0.54,0.18,3.09457e-07
0.54,0.22,3.61519e-06
0.54,0.26,3.21799e-05
0.54,0.3,0.000231267
0.54,0.34,0.00137742
0.54,0.38,0.00678298
0.54,0.42,0.0281097
0.54,0.46,0.100816
0.54,0.5,0.318029
0.54,0.54,0.870666
0.54,0.58,2.10734
0.54,0.62,4.37775
0.54,0.66,8.10767
0.54,0.7,13.0653
0.54,0.74,18.6073
0.54,0.78,23.9197
0.54,0.82,27.7988
0.54,0.86,29.0544
0.54,0.9,27.3206
0.54,0.94,22.4715
0.54,0.98,14.9002
0.54,1.02,6.63437
0.54,1.06,1.37034
0.54,1.1,0.113747
0.54,1.14,0.00389552
0.54,1.18,9.44725e-09
0.54,1.22,1.79468e-10
0.54,1.26,1.07455e-17
0.54,1.3,8.73869e-24
0.54,1.34,5.8005e-26
0.54,1.38,1.82109e-31
0.54,1.42,2.77834e-37
0.54,1.46,2.08599e-43
0.54,1.5,4.49712e-50
0.54,1.54,0
0.54,1.58,0
0.54,1.62,0
0.54,1.66,0
0.54,1.7,0
0.54,1.74,0
0.54,1.78,0
0.54,1.82,0
0.54,1.86,0
0.54,1.9,0
0.54,1.94,0
0.54,1.98,0
0.58,0.02,4.42816e-11
0.58,0.06,3.96417e-09
0.58,0.1,1.0954e-07
0.58,0.14,1.70714e-06
0.58,0.18,1.81193e-05
0.58,0.22,0.000143975
0.58,0.26,0.000902628
0.58,0.3,0.00463256
0.58,0.34,0.0200843
0.58,0.38,0.074805
0.58,0.42,0.242465
0.58,0.46,0.697748
0.58,0.5,1.8003
0.58,0.54,4.13452
0.58,0.58,8.42986
0.58,0.62,15.1362
0.58,0.66,24.1119
0.58,0.7,34.363
0.58,0.74,44.4463
0.58,0.78,52.9534
0.58,0.82,58.6217
0.58,0.86,61.488
0.58,0.9,61.2353
0.58,0.94,57.4481
0.58,0.98,49.5149
0.58,1.02,36.6798
0.58,1.06,19.3647
0.58,1.1,4.59415
0.58,1.14,0.411827
0.58,1.18,0.0150519
0.58,1.22,3.31697e-08
0.58,1.26,6.14127e-10
0.58,1.3,2.72282e-17
0.58,1.34,1.89893e-23
0.58,1.38,2.19156e-29
0.58,1.42,2.26848e-35
0.58,1.46,1.3993e-41
0.58,1.5,2.73348e-48
0.58,1.54,0
0.58,1.58,0
0.58,1.62,0
0.58,1.66,0
0.58,1.7,0
0.58,1.74,0
0.58,1.78,0
0.58,1.82,0
0.58,1.86,0
0.58,1.9,0
0.58,1.94,0
0.58,1.98,0
0.62,0.02,6.79061e-09
0.62,0.06,3.49102e-07
0.62,0.1,5.72798e-06
0.62,0.14,5.558e-05
0.62,0.18,0.000384154
0.62,0.22,0.00206908
0.62,0.26,0.00916686
0.62,0.3,0.0347135
0.62,0.34,0.116027
0.62,0.38,0.349217
0.62,0.42,0.949313
0.62,0.46,2.33592
0.62,0.5,5.20192
0.62,0.54,10.3882
0.62,0.58,18.4603
0.62,0.62,29.2323
0.62,0.66,41.7196
0.62,0.7,54.6961
0.62,0.74,66.9607
0.62,0.78,76.7887
0.62,0.82,82.4204
0.62,0.86,85.6266
0.62,0.9,86.6928
0.62,0.94,85.3153
0.62,0.98,81.0898
0.62,1.02,73.1716
0.62,1.06,59.3362
0.62,1.1,36.0287
0.62,1.14,9.79855
0.62,1.18,0.974152
0.62,1.22,0.0393005
0.62,1.26,9.28458e-08
0.62,1.3,1.61683e-15
0.62,1.34,7.78638e-22
0.62,1.38,7.38923e-28
0.62,1.42,6.91608e-34
0.62,1.46,4.10023e-40
0.62,1.5,8.02856e-47
0.62,1.54,0
0.62,1.58,0
0.62,1.62,0
0.62,1.66,0
0.62,1.7,0
0.62,1.74,0
0.62,1.78,0
0.62,1.82,0
0.62,1.86,0
0.62,1.9,0
0.62,1.94,0
0.62,1.98,0
0.66,0.02,4.30397e-07
0.66,0.06,1.30294e-05
0.66,0.1,0.000129969
0.66,0.14,0.000800348
0.66,0.18,0.00368054
0.66,0.22,0.0139103
0.66,0.26,0.045908
0.66,0.3,0.137273
0.66,0.34,0.378154
0.66,0.38,0.968758
0.66,0.42,2.30011
0.66,0.46,5.0092
0.66,0.5,9.92446
0.66,0.54,17.7048
0.66,0.58,28.2998
0.66,0.62,40.8586
0.66,0.66,54.0454
0.66,0.7,66.4321
0.66,0.74,77.2581
0.66,0.78,86.0789
0.66,0.82,92.232
0.66,0.86,95.4848
0.66,0.9,97.2686
0.66,0.94,97.4848
0.66,0.98,95.9426
0.66,1.02,92.5854
0.66,1.06,86.7393
0.66,1.1,74.979
0.66,1.14,49.0431
0.66,1.18,14.2192
0.66,1.22,1.22599
0.66,1.26,2.75239e-06
0.66,1.3,3.27926e-14
0.66,1.34,1.36973e-20
0.66,1.38,1.21702e-26
0.66,1.42,1.12187e-32
0.66,1.46,6.79633e-39
0.66,1.5,1.39743e-45
0.66,1.54,0
0.66,1.58,0
0.66,1.62,0
0.66,1.66,0
0.66,1.7,0
0.66,1.74,0
0.66,1.78,0
0.66,1.82,0
0.66,1.86,0
0.66,1.9,0
0.66,1.94,0
0.66,1.98,0
0.7,0.02,1.3839e-05
0.7,0.06,0.000247053
0.7,0.1,0.00153956
0.7,0.14,0.0063559
0.7,0.18,0.0209898
0.7,0.22,0.0624991
0.7,0.26,0.165672
0.7,0.3,0.405061
0.7,0.34,0.933348
0.7,0.38,2.04124
0.7,0.42,4.232
0.7,0.46,8.20845
0.7,0.5,14.6694
0.7,0.54,23.8327
0.7,0.58,35.0465
0.7,0.62,47.1204
0.7,0.66,58.7776
0.7,0.7,69.2065
0.7,0.74,78.1437
0.7,0.78,85.6658
0.7,0.82,91.949
0.7,0.86,95.5161
0.7,0.9,97.0904
0.7,0.94,97.9288
0.7,0.98,97.8382
0.7,1.02,96.6567
0.7,1.06,95.07
0.7,1.1,92.61
0.7,1.14,84.3446
0.7,1.18,54.0683
0.7,1.22,11.4187
0.7,1.26,3.56973e-05
0.7,1.3,3.35174e-13
0.7,1.34,1.32764e-19
0.7,1.38,1.17584e-25
0.7,1.42,1.11864e-31
0.7,1.46,7.18317e-38
0.7,1.5,1.59781e-44
0.7,1.54,0
0.7,1.58,0
0.7,1.62,0
0.7,1.66,0
0.7,1.7,0
0.7,1.74,0
0.7,1.78,0
0.7,1.82,0
0.7,1.86,0
0.7,1.9,0
0.7,1.94,0
0.7,1.98,0
0.74,0.02,0.000232622
0.74,0.06,0.00278221
0.74,0.1,0.0117629
0.74,0.14,0.0352007
0.74,0.18,0.0939296
0.74,0.22,0.221845
0.74,0.26,0.476349
0.74,0.3,0.963918
0.74,0.34,1.87903
0.74,0.38,3.54518
0.74,0.42,6.44414
0.74,0.46,11.1356
0.74,0.5,17.9953
0.74,0.54,26.8493
0.74,0.58,36.9153
0.74,0.62,47.1912
0.74,0.66,56.8264
0.74,0.7,65.2987
0.74,0.74,72.3804
0.74,0.78,78.0272
0.74,0.82,82.6124
0.74,0.86,86.1635
0.74,0.9,88.546
0.74,0.94,90.1445
0.74,0.98,91.5013
0.74,1.02,92.1329
0.74,1.06,91.8841
0.74,1.1,92.7627
0.74,1.14,94.008
0.74,1.18,89.852
0.74,1.22,45.785
0.74,1.26,0.000256789
0.74,1.3,2.03463e-12
0.74,1.34,8.02443e-19
0.74,1.38,7.36483e-25
0.74,1.42,7.4589e-31
0.74,1.46,5.20858e-37
0.74,1.5,1.28099e-43
0.74,1.54,0
0.74,1.58,0
0.74,1.62,0
0.74,1.66,0
0.74,1.7,0
0.74,1.74,0
0.74,1.78,0
0.74,1.82,0
0.74,1.86,0
0.74,1.9,0
0.74,1.94,0
0.74,1.98,0
0.78,0.02,0.00293711
0.78,0.06,0.0249372
0.78,0.1,0.0711505
0.78,0.14,0.164317
0.78,0.18,0.350719
0.78,0.22,0.661734
0.78,0.26,1.15725
0.78,0.3,1.94546
0.78,0.34,3.20933
0.78,0.38,5.21955
0.78,0.42,8.31108
0.78,0.46,12.7895
0.78,0.5,18.7707
0.78,0.54,26.0356
0.78,0.58,34.0392
0.78,0.62,42.1023
0.78,0.66,49.5933
0.78,0.7,56.0125
0.78,0.74,61.2967
0.78,0.78,65.5283
0.78,0.82,68.8998
0.78,0.86,71.5407
0.78,0.9,73.8243
0.78,0.94,76.2291
0.78,0.98,79.2063
0.78,1.02,82.4161
0.78,1.06,84.4709
0.78,1.1,85.7137
0.78,1.14,88.289
0.78,1.18,93.0063
0.78,1.22,94.7089
0.78,1.26,0.525437
0.78,1.3,8.14861e-12
0.78,1.34,3.27657e-18
0.78,1.38,3.19686e-24
0.78,1.42,3.52294e-30
0.78,1.46,2.72676e-36
0.78,1.5,7.54224e-43
0.78,1.54,0
0.78,1.58,0
0.78,1.62,0
0.78,1.66,0
0.78,1.7,0
0.78,1.74,0
0.78,1.78,0
0.78,1.82,0
0.78,1.86,0
0.78,1.9,0
0.78,1.94,0
0.78,1.98,0
0.82,0.02,255
0.82,0.06,3.95292
0.82,0.1,0.340848
0.82,0.14,0.684635
0.82,0.18,1.18568
0.82,0.22,1.80505
0.82,0.26,2.56297
0.82,0.3,3.53218
0.82,0.34,4.84525
0.82,0.38,6.68142
0.82,0.42,9.22732
0.82,0.46,12.6169
0.82,0.5,16.8668
0.82,0.54,21.8294
0.82,0.58,27.2168
0.82,0.62,32.5938
0.82,0.66,37.5363
0.82,0.7,41.8531
0.82,0.74,45.4913
0.82,0.78,48.5059
0.82,0.82,51.079
0.82,0.86,53.5588
0.82,0.9,56.1772
0.82,0.94,59.2048
0.82,0.98,62.9195
0.82,1.02,67.5009
0.82,1.06,72.2094
0.82,1.1,76.2798
0.82,1.14,79.7593
0.82,1.18,83.2856
0.82,1.22,94.9306
0.82,1.26,14.2179
0.82,1.3,2.33253e-11
0.82,1.34,9.55726e-18
0.82,1.38,1.00809e-23
0.82,1.42,1.22825e-29
0.82,1.46,1.06973e-35
0.82,1.5,3.37662e-42
0.82,1.54,0
0.82,1.58,0
0.82,1.62,0
0.82,1.66,0
0.82,1.7,0
0.82,1.74,0
0.82,1.78,0
0.82,1.82,0
0.82,1.86,0
0.82,1.9,0
0.82,1.94,0
0.82,1.98,0
0.86,0.02,255
0.86,0.06,172.257
0.86,0.1,107.882
0.86,0.14,82.1569
0.86,0.18,68.9408
0.86,0.22,59.1151
0.86,0.26,48.1229
0.86,0.3,35.8304
0.86,0.34,24.9585
0.86,0.38,17.7908
0.86,0.42,14.38
0.86,0.46,13.6577
0.86,0.5,14.5889
0.86,0.54,16.4622
0.86,0.58,18.664
0.86,0.62,20.8394
0.86,0.66,22.7239
0.86,0.7,26.8689
0.86,0.74,32.3027
0.86,0.78,38.3055
0.86,0.82,42.7605
0.86,0.86,46.6365
0.86,0.9,47.5652
0.86,0.94,49.4258
0.86,0.98,52.3257
0.86,1.02,56.5613
0.86,1.06,61.6667
0.86,1.1,66.3501
0.86,1.14,70.1503
0.86,1.18,72.6489
0.86,1.22,87.9546
0.86,1.26,80.1176
0.86,1.3,5.07427e-11
0.86,1.34,2.05631e-17
0.86,1.38,2.37159e-23
0.86,1.42,3.24093e-29
0.86,1.46,3.22785e-35
0.86,1.5,1.1837e-41
0.86,1.54,0
0.86,1.58,0
0.86,1.62,0
0.86,1.66,0
0.86,1.7,0
0.86,1.74,0
0.86,1.78,0
0.86,1.82,0
0.86,1.86,0
0.86,1.9,0
0.86,1.94,0
0.86,1.98,0
0.9,0.02,255
0.9,0.06,252.983
0.9,0.1,246.746
0.9,0.14,236.379
0.9,0.18,225.319
0.9,0.22,215.399
0.9,0.26,208.087
0.9,0.3,204.087
0.9,0.34,202.633
0.9,0.38,202.435
0.9,0.42,202.248
0.9,0.46,201.185
0.9,0.5,198.82
0.9,0.54,194.94
0.9,0.58,189.527
0.9,0.62,182.786
0.9,0.66,175.205
0.9,0.7,167.473
0.9,0.74,160.349
0.9,0.78,154.629
0.9,0.82,150.818
0.9,0.86,149.304
0.9,0.9,150.13
0.9,0.94,152.905
0.9,0.98,157.366
0.9,1.02,152.391
0.9,1.06,149.517
0.9,1.1,144.913
0.9,1.14,140.133
0.9,1.18,139.78
0.9,1.22,143.478
0.9,1.26,151.996
0.9,1.3,8.79302e-11
0.9,1.34,3.21977e-17
0.9,1.38,4.05329e-23
0.9,1.42,6.38597e-29
0.9,1.46,7.6718e-35
0.9,1.5,3.58639e-41
0.9,1.54,0
0.9,1.58,0
0.9,1.62,0
0.9,1.66,0
0.9,1.7,0
0.9,1.74,0
0.9,1.78,0
0.9,1.82,0
0.9,1.86,0
0.9,1.9,0
0.9,1.94,0
0.9,1.98,0
0.94,0.02,255
0.94,0.06,192.031
0.94,0.1,112.244
0.94,0.14,68.9218
0.94,0.18,47.0327
0.94,0.22,34.943
0.94,0.26,28.3516
0.94,0.3,24.7284
0.94,0.34,22.6585
0.94,0.38,21.4469
0.94,0.42,20.757
0.94,0.46,20.4733
0.94,0.5,20.6263
0.94,0.54,21.3357
0.94,0.58,22.8258
0.94,0.62,25.3099
0.94,0.66,28.5916
0.94,0.7,32.3636
0.94,0.74,36.2647
0.94,0.78,39.967
0.94,0.82,43.2663
0.94,0.86,46.1071
0.94,0.9,48.5104
0.94,0.94,50.4785
0.94,0.98,52.531
0.94,1.02,61.7272
0.94,1.06,72.7217
0.94,1.1,84.8429
0.94,1.14,96.0509
0.94,1.18,104.938
0.94,1.22,113.352
0.94,1.26,98.5557
0.94,1.3,5.43131e-11
0.94,1.34,2.13811e-17
0.94,1.38,2.58336e-23
0.94,1.42,3.82852e-29
0.94,1.46,4.30737e-35
0.94,1.5,1.90465e-41
0.94,1.54,0
0.94,1.58,0
0.94,1.62,0
0.94,1.66,0
0.94,1.7,0
0.94,1.74,0
0.94,1.78,0
0.94,1.82,0
0.94,1.86,0
0.94,1.9,0
0.94,1.94,0
0.94,1.98,0
0.98,0.02,255
0.98,0.06,73.2159
0.98,0.1,3.23962
0.98,0.14,2.08002
0.98,0.18,2.68291
0.98,0.22,3.44505
0.98,0.26,4.22321
0.98,0.3,4.98317
0.98,0.34,5.75212
0.98,0.38,6.61595
0.98,0.42,7.72661
0.98,0.46,9.31032
0.98,0.5,11.658
0.98,0.54,15.0684
0.98,0.58,19.7278
0.98,0.62,25.555
0.98,0.66,32.1314
0.98,0.7,38.8284
0.98,0.74,44.9317
0.98,0.78,49.9677
0.98,0.82,53.8751
0.98,0.86,56.7395
0.98,0.9,58.789
0.98,0.94,60.3464
0.98,0.98,61.9076
0.98,1.02,63.7341
0.98,1.06,66.7269
0.98,1.1,71.4674
0.98,1.14,78.1618
0.98,1.18,86.9166
0.98,1.22,100.991
0.98,1.26,29.7779
0.98,1.3,2.5951e-11
0.98,1.34,1.0255e-17
0.98,1.38,1.15061e-23
0.98,1.42,1.56283e-29
0.98,1.46,1.60785e-35
0.98,1.5,6.56065e-42
0.98,1.54,0
0.98,1.58,0
0.98,1.62,0
0.98,1.66,0
0.98,1.7,0
0.98,1.74,0
0.98,1.78,0
0.98,1.82,0
0.98,1.86,0
0.98,1.9,0
0.98,1.94,0
0.98,1.98,0
1.02,0.02,255
1.02,0.06,0.111978
1.02,0.1,0.357227
1.02,0.14,0.616371
1.02,0.18,0.932266
1.02,0.22,1.2621
1.02,0.26,1.58041
1.02,0.3,1.92194
1.02,0.34,2.36294
1.02,0.38,3.02042
1.02,0.42,4.07233
1.02,0.46,5.79798
1.02,0.5,8.60281
1.02,0.54,12.9666
1.02,0.58,19.2374
1.02,0.62,27.2607
1.02,0.66,36.2651
1.02,0.7,45.2108
1.02,0.74,53.2316
1.02,0.78,59.8437
1.02,0.82,64.9181
1.02,0.86,68.3957
1.02,0.9,70.6902
1.02,0.94,72.424
1.02,0.98,73.773
1.02,1.02,75.1009
1.02,1.06,76.6549
1.02,1.1,78.8172
1.02,1.14,82.3184
1.02,1.18,88.8045
1.02,1.22,104.922
1.02,1.26,1.54072
1.02,1.3,9.03334e-12
1.02,1.34,3.49321e-18
1.02,1.38,3.64337e-24
1.02,1.42,4.54545e-30
1.02,1.46,4.28332e-36
1.02,1.5,1.61176e-42
1.02,1.54,0
1.02,1.58,0
1.02,1.62,0
1.02,1.66,0
1.02,1.7,0
1.02,1.74,0
1.02,1.78,0
1.02,1.82,0
1.02,1.86,0
1.02,1.9,0
1.02,1.94,0
1.02,1.98,0
1.06,0.02,0.00363212
1.06,0.06,0.0285258
1.06,0.1,0.0760392
1.06,0.14,0.146876
1.06,0.18,0.231831
1.06,0.22,0.322934
1.06,0.26,0.427431
1.06,0.3,0.572467
1.06,0.34,0.807483
1.06,0.38,1.21155
1.06,0.42,1.92981
1.06,0.46,3.2313
1.06,0.5,5.57175
1.06,0.54,9.61173
1.06,0.58,16.0336
1.06,0.62,24.9999
1.06,0.66,35.7375
1.06,0.7,46.8726
1.06,0.74,57.1146
1.06,0.78,65.6017
1.06,0.82,72.2252
1.06,0.86,77.2263
1.06,0.9,80.6296
1.06,0.94,81.8545
1.06,0.98,83.2365
1.06,1.02,84.6372
1.06,1.06,85.8873
1.06,1.1,87.2146
1.06,1.14,89.5435
1.06,1.18,93.9326
1.06,1.22,64.2732
1.06,1.26,0.000325499
1.06,1.3,2.08834e-12
1.06,1.34,7.9836e-19
1.06,1.38,7.91365e-25
1.06,1.42,9.23616e-31
1.06,1.46,8.09012e-37
1.06,1.5,2.83759e-43
1.06,1.54,0
1.06,1.58,0
1.06,1.62,0
1.06,1.66,0
1.06,1.7,0
1.06,1.74,0
1.06,1.78,0
1.06,1.82,0
1.06,1.86,0
1.06,1.9,0
1.06,1.94,0
1.06,1.98,0
1.1,0.02,0.000348254
1.1,0.06,0.00324925
1.1,0.1,0.0104721
1.1,0.14,0.0220945
1.1,0.18,0.0367067
1.1,0.22,0.05487
1.1,0.26,0.0822655
1.1,0.3,0.13052
1.1,0.34,0.220752
1.1,0.38,0.396301
1.1,0.42,0.749982
1.1,0.46,1.47444
1.1,0.5,2.94355
1.1,0.54,5.8014
1.1,0.58,10.9037
1.1,0.62,18.904
1.1,0.66,29.6569
1.1,0.7,42.0556
1.1,0.74,54.5934
1.1,0.78,65.4354
1.1,0.82,74.0499
1.1,0.86,80.3093
1.1,0.9,84.0276
1.1,0.94,86.4318
1.1,0.98,88.2889
1.1,1.02,89.5506
1.1,1.06,90.1661
1.1,1.1,90.0923
1.1,1.14,87.6999
1.1,1.18,62.5234
1.1,1.22,13.5697
1.1,1.26,3.50753e-05
1.1,1.3,2.84655e-13
1.1,1.34,1.12981e-19
1.1,1.38,1.10956e-25
1.1,1.42,1.25159e-31
1.1,1.46,1.04557e-37
1.1,1.5,3.48655e-44
1.1,1.54,0
1.1,1.58,0
1.1,1.62,0
1.1,1.66,0
1.1,1.7,0
1.1,1.74,0
1.1,1.78,0
1.1,1.82,0
1.1,1.86,0
1.1,1.9,0
1.1,1.94,0
1.1,1.98,0
1.14,0.02,1.88015e-05
1.14,0.06,0.000206402
1.14,0.1,0.00075854
1.14,0.14,0.00173681
1.14,0.18,0.00311078
1.14,0.22,0.00522737
1.14,0.26,0.00938034
1.14,0.3,0.0185178
1.14,0.34,0.0393118
1.14,0.38,0.0878815
1.14,0.42,0.203445
1.14,0.46,0.478701
1.14,0.5,1.12333
1.14,0.54,2.56837
1.14,0.58,5.54206
1.14,0.62,10.9575
1.14,0.66,19.4348
1.14,0.7,30.6527
1.14,0.74,43.3404
1.14,0.78,55.9009
1.14,0.82,66.9437
1.14,0.86,74.8909
1.14,0.9,79.4591
1.14,0.94,82.3906
1.14,0.98,83.8745
1.14,1.02,83.7909
1.14,1.06,81.5023
1.14,1.1,74.034
1.14,1.14,47.1441
1.14,1.18,10.9368
1.14,1.22,0.762598
1.14,1.26,1.64914e-06
1.14,1.3,1.9688e-14
1.14,1.34,8.8723e-21
1.14,1.38,9.21193e-27
1.14,1.42,1.05482e-32
1.14,1.46,8.72971e-39
1.14,1.5,2.84969e-45
1.14,1.54,0
1.14,1.58,0
1.14,1.62,0
1.14,1.66,0
1.14,1.7,0
1.14,1.74,0
1.14,1.78,0
1.14,1.82,0
1.14,1.86,0
1.14,1.9,0
1.14,1.94,0
1.14,1.98,0
1.18,0.02,2.27758e-07
1.18,0.06,3.38122e-06
1.18,0.1,1.58966e-05
1.18,0.14,4.46629e-05
1.18,0.18,9.70758e-05
1.18,0.22,0.000202898
1.18,0.26,0.000472261
1.18,0.3,0.00123537
1.18,0.34,0.00346202
1.18,0.38,0.0100706
1.18,0.42,0.0297275
1.18,0.46,0.0872171
1.18,0.5,0.250371
1.18,0.54,0.688245
1.18,0.58,1.75863
1.18,0.62,4.09725
1.18,0.66,8.50548
1.18,0.7,15.6089
1.18,0.74,25.0453
1.18,0.78,35.6616
1.18,0.82,45.801
1.18,0.86,53.5447
1.18,0.9,58.7349
1.18,0.94,61.2965
1.18,0.98,60.8714
1.18,1.02,56.5517
1.18,1.06,45.6802
1.18,1.1,22.8232
1.18,1.14,3.88522
1.18,1.18,0.207182
1.18,1.22,0.00395844
1.18,1.26,2.2142e-08
1.18,1.3,5.33081e-16
1.18,1.34,3.23147e-22
1.18,1.38,3.95541e-28
1.18,1.42,4.96491e-34
1.18,1.46,4.3092e-40
1.18,1.5,1.43748e-46
1.18,1.54,0
1.18,1.58,0
1.18,1.62,0
1.18,1.66,0
1.18,1.7,0
1.18,1.74,0
1.18,1.78,0
1.18,1.82,0
1.18,1.86,0
1.18,1.9,0
1.18,1.94,0
1.18,1.98,0
1.22,0.02,3.9099e-10
1.22,0.06,8.66606e-09
1.22,0.1,6.04813e-08
1.22,0.14,2.54423e-07
1.22,0.18,8.39936e-07
1.22,0.22,2.62557e-06
1.22,0.26,8.70057e-06
1.22,0.3,3.12258e-05
1.22,0.34,0.000117373
1.22,0.38,0.000446484
1.22,0.42,0.00168423
1.22,0.46,0.00626028
1.22,0.5,0.0227863
1.22,0.54,0.0789697
1.22,0.58,0.249436
1.22,0.62,0.715625
1.22,0.66,1.78459
1.22,0.7,3.99694
1.22,0.74,7.44543
1.22,0.78,12.5871
1.22,0.82,17.9986
1.22,0.86,23.4944
1.22,0.9,26.6694
1.22,0.94,26.8408
1.22,0.98,23.4934
1.22,1.02,15.5494
1.22,1.06,5.77608
1.22,1.1,0.776156
1.22,1.14,0.0358219
1.22,1.18,0.000390967
1.22,1.22,4.0037e-09
1.22,1.26,1.63651e-16
1.22,1.3,1.97878e-18
1.22,1.34,3.45108e-24
1.22,1.38,6.60803e-30
1.22,1.42,1.06521e-35
1.22,1.46,1.07485e-41
1.22,1.5,3.93781e-48
1.22,1.54,0
1.22,1.58,0
1.22,1.62,0
1.22,1.66,0
1.22,1.7,0
1.22,1.74,0
1.22,1.78,0
1.22,1.82,0
1.22,1.86,0
1.22,1.9,0
1.22,1.94,0
1.22,1.98,0
1.26,0.02,1.69732e-13
1.26,0.06,5.70269e-12
1.26,0.1,6.15702e-11
1.26,0.14,4.12974e-10
1.26,0.18,2.20398e-09
1.26,0.22,1.0733e-08
1.26,0.26,5.2004e-08
1.26,0.3,2.62071e-07
1.26,0.34,1.34335e-06
1.26,0.38,6.68364e-06
1.26,0.42,3.16969e-05
1.26,0.46,0.000146211
1.26,0.5,0.000660698
1.26,0.54,0.00287604
1.26,0.58,0.0111948
1.26,0.62,0.0403867
1.26,0.66,0.120563
1.26,0.7,0.346601
1.26,0.74,0.748134
1.26,0.78,1.6715
1.26,0.82,2.86365
1.26,0.86,4.57059
1.26,0.9,5.23465
1.26,0.94,4.4026
1.26,0.98,2.41282
1.26,1.02,0.716378
1.26,1.06,0.0849947
1.26,1.1,0.00379891
1.26,1.14,9.96272e-06
1.26,1.18,5.43126e-10
1.26,1.22,4.18635e-17
1.26,1.26,3.01208e-19
1.26,1.3,9.27663e-25
1.26,1.34,2.28761e-30
1.26,1.38,7.53607e-33
1.26,1.42,5.39291e-38
1.26,1.46,9.06782e-44
1.26,1.5,4.39885e-50
1.26,1.54,0
1.26,1.58,0
1.26,1.62,0
1.26,1.66,0
1.26,1.7,0
1.26,1.74,0
1.26,1.78,0
1.26,1.82,0
1.26,1.86,0
1.26,1.9,0
1.26,1.94,0
1.26,1.98,0
1.3,0.02,2.40297e-17
1.3,0.06,1.27096e-15
1.3,0.1,2.17107e-14
1.3,0.14,2.28823e-13
1.3,0.18,1.85966e-12
1.3,0.22,1.30336e-11
1.3,0.26,8.78314e-11
1.3,0.3,6.29787e-10
1.3,0.34,4.627e-09
1.3,0.38,3.12119e-08
1.3,0.42,1.88319e-07
1.3,0.46,1.05994e-06
1.3,0.5,5.73408e-06
1.3,0.54,3.17154e-05
1.3,0.58,0.000151522
1.3,0.62,0.000704533
1.3,0.66,0.00242994
1.3,0.7,0.00931421
1.3,0.74,0.0222109
1.3,0.78,0.0715527
1.3,0.82,0.143441
1.3,0.86,0.318048
1.3,0.9,0.313702
1.3,0.94,0.166753
1.3,0.98,0.0448184
1.3,1.02,0.00507605
1.3,1.06,0.000242699
1.3,1.1,2.08166e-09
1.3,1.14,5.04001e-11
1.3,1.18,8.28125e-18
1.3,1.22,2.38433e-20
1.3,1.26,2.09335e-25
1.3,1.3,7.15109e-31
1.3,1.34,5.5916e-34
1.3,1.38,1.53551e-38
1.3,1.42,3.30117e-44
1.3,1.46,1.89546e-50
1.3,1.5,2.46213e-53
1.3,1.54,0
1.3,1.58,0
1.3,1.62,0
1.3,1.66,0
1.3,1.7,0
1.3,1.74,0
1.3,1.78,0
1.3,1.82,0
1.3,1.86,0
1.3,1.9,0
1.3,1.94,0
1.3,1.98,0
1.34,0.02,2.08804e-21
1.34,0.06,1.55836e-19
1.34,0.1,3.60756e-18
1.34,0.14,5.12181e-17
1.34,0.18,5.81302e-16
1.34,0.22,5.78868e-15
1.34,0.26,5.28437e-14
1.34,0.3,4.92095e-13
1.34,0.34,4.8361e-12
1.34,0.38,4.35661e-11
1.34,0.42,3.37496e-10
1.34,0.46,2.18444e-09
1.34,0.5,1.29837e-08
1.34,0.54,9.99288e-08
1.34,0.58,6.17445e-07
1.34,0.62,3.94839e-06
1.34,0.66,1.55336e-05
1.34,0.7,8.08529e-05
1.34,0.74,0.000205959
1.34,0.78,0.000982927
1.34,0.82,0.0021487
1.34,0.86,0.00714637
1.34,0.9,0.00513078
1.34,0.94,0.00148765
1.34,0.98,0.000154652
1.34,1.02,8.81227e-06
1.34,1.06,1.58759e-10
1.34,1.1,2.88806e-12
1.34,1.14,1.1987e-18
1.34,1.18,3.0364e-24
1.34,1.22,3.67376e-26
1.34,1.26,1.90695e-31
1.34,1.3,6.15529e-37
1.34,1.34,3.80834e-39
1.34,1.38,1.12938e-44
1.34,1.42,7.93992e-51
1.34,1.46,9.13312e-55
1.34,1.5,0
1.34,1.54,0
1.34,1.58,0
1.34,1.62,0
1.34,1.66,0
1.34,1.7,0
1.34,1.74,0
1.34,1.78,0
1.34,1.82,0
1.34,1.86,0
1.34,1.9,0
1.34,1.94,0
1.34,1.98,0
1.38,0.02,7.04351e-26
1.38,0.06,7.3691e-24
1.38,0.1,2.28292e-22
1.38,0.14,4.03088e-21
1.38,0.18,5.46355e-20
1.38,0.22,6.59395e-19
1.38,0.26,7.56709e-18
1.38,0.3,9.63809e-17
1.38,0.34,1.38719e-15
1.38,0.38,1.7259e-14
1.38,0.42,1.73866e-13
1.38,0.46,1.36334e-12
1.38,0.5,9.51006e-12
1.38,0.54,1.02671e-10
1.38,0.58,7.51162e-10
1.38,0.62,7.07638e-09
1.38,0.66,3.15995e-08
1.38,0.7,2.30136e-07
1.38,0.74,6.2227e-07
1.38,0.78,4.39267e-06
1.38,0.82,8.36565e-06
1.38,0.86,5.20775e-05
1.38,0.9,2.33333e-05
1.38,0.94,2.94529e-06
1.38,0.98,1.65226e-07
1.38,1.02,7.6974e-12
1.38,1.06,8.40789e-14
1.38,1.1,1.21172e-19
1.38,1.14,5.26538e-25
1.38,1.18,4.60668e-27
1.38,1.22,4.11875e-32
1.38,1.26,1.8586e-37
1.38,1.3,7.56461e-40
1.38,1.34,3.47156e-45
1.38,1.38,3.11476e-51
1.38,1.42,0
1.38,1.46,0
1.38,1.5,0
1.38,1.54,0
1.38,1.58,0
1.38,1.62,0
1.38,1.66,0
1.38,1.7,0
1.38,1.74,0
1.38,1.78,0
1.38,1.82,0
1.38,1.86,0
1.38,1.9,0
1.38,1.94,0
1.38,1.98,0
1.42,0.02,9.2048e-31
1.42,0.06,1.48912e-28
1.42,0.1,7.17428e-27
1.42,0.14,1.85295e-25
1.42,0.18,3.21678e-24
1.42,0.22,4.64048e-23
1.42,0.26,6.19343e-22
1.42,0.3,7.05477e-21
1.42,0.34,8.00753e-20
1.42,0.38,1.0305e-18
1.42,0.42,1.37466e-17
1.42,0.46,1.4115e-16
1.42,0.5,1.36164e-15
1.42,0.54,2.24604e-14
1.42,0.58,2.03867e-13
1.42,0.62,3.8142e-12
1.42,0.66,2.08413e-11
1.42,0.7,2.03583e-10
1.42,0.74,5.99727e-10
1.42,0.78,6.1844e-09
1.42,0.82,8.93511e-09
1.42,0.86,1.18042e-07
1.42,0.9,2.69705e-08
1.42,0.94,1.30852e-09
1.42,0.98,2.27254e-13
1.42,1.02,1.88196e-16
1.42,1.06,8.14962e-21
1.42,1.1,6.63872e-26
1.42,1.14,3.60203e-28
1.42,1.18,6.89471e-33
1.42,1.22,4.62864e-38
1.42,1.26,1.02892e-40
1.42,1.3,9.16495e-46
1.42,1.34,1.10253e-51
1.42,1.38,0
1.42,1.42,0
1.42,1.46,0
1.42,1.5,0
1.42,1.54,0
1.42,1.58,0
1.42,1.62,0
1.42,1.66,0
1.42,1.7,0
1.42,1.74,0
1.42,1.78,0
1.42,1.82,0
1.42,1.86,0
1.42,1.9,0
1.42,1.94,0
1.42,1.98,0
1.46,0.02,1.55404e-36
1.46,0.06,3.97043e-34
1.46,0.1,3.12249e-32
1.46,0.14,1.35731e-30
1.46,0.18,3.96732e-29
1.46,0.22,8.59729e-28
1.46,0.26,1.39108e-26
1.46,0.3,1.6277e-25
1.46,0.34,3.82691e-24
1.46,0.38,9.73828e-23
1.46,0.42,1.69089e-21
1.46,0.46,1.87178e-20
1.46,0.5,1.48661e-19
1.46,0.54,8.62547e-19
1.46,0.58,4.17895e-18
1.46,0.62,6.08288e-16
1.46,0.66,3.83372e-15
1.46,0.7,6.48317e-14
1.46,0.74,2.0493e-13
1.46,0.78,2.78727e-12
1.46,0.82,3.91186e-12
1.46,0.86,7.48323e-11
1.46,0.9,1.89307e-12
1.46,0.94,3.81128e-15
1.46,0.98,1.61867e-20
1.46,1.02,3.40943e-22
1.46,1.06,5.91775e-27
1.46,1.1,1.05004e-29
1.46,1.14,8.58712e-34
1.46,1.18,9.27719e-39
1.46,1.22,4.46514e-42
1.46,1.26,1.98639e-46
1.46,1.3,3.4033e-52
1.46,1.34,0
1.46,1.38,0
1.46,1.42,0
1.46,1.46,0
1.46,1.5,0
1.46,1.54,0
1.46,1.58,0
1.46,1.62,0
1.46,1.66,0
1.46,1.7,0
1.46,1.74,0
1.46,1.78,0
1.46,1.82,0
1.46,1.86,0
1.46,1.9,0
1.46,1.94,0
1.46,1.98,0
1.5,0.02,2.90485e-41
1.5,0.06,9.86581e-39
1.5,0.1,9.48909e-37
1.5,0.14,4.66021e-35
1.5,0.18,1.36304e-33
1.5,0.22,2.61395e-32
1.5,0.26,3.7488e-31
1.5,0.3,4.60989e-30
1.5,0.34,4.93094e-29
1.5,0.38,4.21991e-28
1.5,0.42,3.94397e-27
1.5,0.46,4.36144e-26
1.5,0.5,3.76983e-25
1.5,0.54,2.16147e-24
1.5,0.58,8.71789e-24
1.5,0.62,8.28467e-21
1.5,0.66,5.95752e-20
1.5,0.7,6.35624e-19
1.5,0.74,2.14109e-18
1.5,0.78,1.46098e-17
1.5,0.82,2.33604e-17
1.5,0.86,2.06621e-16
1.5,0.9,2.9902e-17
1.5,0.94,4.51309e-22
1.5,0.98,7.8882e-24
1.5,1.02,3.5886e-28
1.5,1.06,8.67563e-33
1.5,1.1,7.59626e-35
1.5,1.14,1.45266e-39
1.5,1.18,9.28195e-45
1.5,1.22,3.36007e-47
1.5,1.26,8.87808e-53
1.5,1.3,0
1.5,1.34,0
1.5,1.38,0
1.5,1.42,0
1.5,1.46,0
1.5,1.5,0
1.5,1.54,0
1.5,1.58,0
1.5,1.62,0
1.5,1.66,0
1.5,1.7,0
1.5,1.74,0
1.5,1.78,0
1.5,1.82,0
1.5,1.86,0
1.5,1.9,0
1.5,1.94,0
1.5,1.98,0
1.54,0.02,1.82827e-47
1.54,0.06,9.83693e-45
1.54,0.1,1.54561e-42
1.54,0.14,1.39995e-40
1.54,0.18,7.58121e-39
1.54,0.22,2.70771e-37
1.54,0.26,7.19861e-36
1.54,0.3,1.43141e-34
1.54,0.34,2.02311e-33
1.54,0.38,1.98099e-32
1.54,0.42,2.49158e-31
1.54,0.46,3.66899e-30
1.54,0.5,4.16451e-29
1.54,0.54,3.16545e-28
1.54,0.58,1.74698e-27
1.54,0.62,1.00371e-26
1.54,0.66,4.66805e-26
1.54,0.7,2.47558e-23
1.54,0.74,1.07266e-22
1.54,0.78,2.14531e-21
1.54,0.82,3.89196e-21
1.54,0.86,6.79222e-20
1.54,0.9,6.10691e-24
1.54,0.94,7.37369e-26
1.54,0.98,1.3851e-29
1.54,1.02,6.52264e-34
1.54,1.06,4.46536e-36
1.54,1.1,1.72068e-40
1.54,1.14,1.68185e-45
1.54,1.18,4.1181e-48
1.54,1.22,1.89898e-53
1.54,1.26,0
1.54,1.3,0
1.54,1.34,0
1.54,1.38,0
1.54,1.42,0
1.54,1.46,0
1.54,1.5,0
1.54,1.54,0
1.54,1.58,0
1.54,1.62,0
1.54,1.66,0
1.54,1.7,0
1.54,1.74,0
1.54,1.78,0
1.54,1.82,0
1.54,1.86,0
1.54,1.9,0
1.54,1.94,0
1.54,1.98,0
1.58,0.02,1.1569e-53
1.58,0.06,8.79843e-51
1.58,0.1,2.06179e-48
1.58,0.14,2.57141e-46
1.58,0.18,1.72717e-44
1.58,0.22,6.6307e-43
1.58,0.26,1.57293e-41
1.58,0.3,3.46673e-40
1.58,0.34,8.32537e-39
1.58,0.38,1.45614e-37
1.58,0.42,2.17959e-36
1.58,0.46,2.75575e-35
1.58,0.5,3.12684e-34
1.58,0.54,2.70039e-33
1.58,0.58,1.58897e-32
1.58,0.62,6.25522e-32
1.58,0.66,1.77975e-31
1.58,0.7,6.85203e-29
1.58,0.74,3.25279e-28
1.58,0.78,2.11849e-27
1.58,0.82,3.70282e-27
1.58,0.86,2.51096e-26
1.58,0.9,7.9884e-30
1.58,0.94,3.05839e-31
1.58,0.98,3.20409e-35
1.58,1.02,1.53092e-37
1.58,1.06,1.48548e-41
1.58,1.1,2.32989e-46
1.58,1.14,3.10746e-49
1.58,1.18,3.22964e-54
1.58,1.22,0
1.58,1.26,0
1.58,1.3,0
1.58,1.34,0
1.58,1.38,0
1.58,1.42,0
1.58,1.46,0
1.58,1.5,0
1.58,1.54,0
1.58,1.58,0
1.58,1.62,0
1.58,1.66,0
1.58,1.7,0
1.58,1.74,0
1.58,1.78,0
1.58,1.82,0
1.58,1.86,0
1.58,1.9,0
1.58,1.94,0
1.58,1.98,0
1.62,0.02,1.08325e-60
1.62,0.06,5.05051e-57
1.62,0.1,2.29204e-54
1.62,0.14,3.10007e-52
1.62,0.18,4.77752e-50
1.62,0.22,4.41233e-48
1.62,0.26,1.98376e-46
1.62,0.3,7.27117e-45
1.62,0.34,2.13811e-43
1.62,0.38,4.22721e-42
1.62,0.42,5.44882e-41
1.62,0.46,4.69089e-40
1.62,0.5,3.65477e-39
1.62,0.54,2.90472e-38
1.62,0.58,2.06079e-37
1.62,0.62,1.08821e-36
1.62,0.66,5.25684e-36
1.62,0.7,1.97809e-34
1.62,0.74,9.89431e-34
1.62,0.78,5.11974e-33
1.62,0.82,9.32534e-33
1.62,0.86,4.12584e-32
1.62,0.9,3.15678e-33
1.62,0.94,9.3584e-37
1.62,0.98,1.91145e-39
1.62,1.02,8.87955e-43
1.62,1.06,2.39746e-47
1.62,1.1,4.63388e-51
1.62,1.14,4.21527e-55
1.62,1.18,0
1.62,1.22,0
1.62,1.26,0
1.62,1.3,0
1.62,1.34,0
1.62,1.38,0
1.62,1.42,0
1.62,1.46,0
1.62,1.5,0
1.62,1.54,0
1.62,1.58,0
1.62,1.62,0
1.62,1.66,0
1.62,1.7,0
1.62,1.74,0
1.62,1.78,0
1.62,1.82,0
1.62,1.86,0
1.62,1.9,0
1.62,1.94,0
1.62,1.98,0
1.66,0.02,0
1.66,0.06,1.70391e-63
1.66,0.1,8.89758e-61
1.66,0.14,1.3234e-58
1.66,0.18,6.47684e-56
1.66,0.22,7.9691e-54
1.66,0.26,4.10895e-52
1.66,0.3,1.14063e-50
1.66,0.34,1.92527e-49
1.66,0.38,6.71552e-48
1.66,0.42,2.05878e-46
1.66,0.46,3.23161e-45
1.66,0.5,1.07683e-43
1.66,0.54,1.81347e-42
1.66,0.58,1.65544e-41
1.66,0.62,9.22435e-41
1.66,0.66,3.45341e-40
1.66,0.7,8.40684e-39
1.66,0.74,4.34972e-38
1.66,0.78,5.07369e-37
1.66,0.82,1.12777e-36
1.66,0.86,8.59594e-36
1.66,0.9,1.33071e-38
1.66,0.94,2.87533e-42
1.66,0.98,3.40076e-44
1.66,1.02,1.72061e-48
1.66,1.06,1.30805e-53
1.66,1.1,4.03816e-56
1.66,1.14,0
1.66,1.18,0
1.66,1.22,0
1.66,1.26,0
1.66,1.3,0
1.66,1.34,0
1.66,1.38,0
1.66,1.42,0
1.66,1.46,0
1.66,1.5,0
1.66,1.54,0
1.66,1.58,0
1.66,1.62,0
1.66,1.66,0
1.66,1.7,0
1.66,1.74,0
1.66,1.78,0
1.66,1.82,0
1.66,1.86,0
1.66,1.9,0
1.66,1.94,0
1.66,1.98,0
1.7,0.02,0
1.7,0.06,0
1.7,0.1,0
1.7,0.14,0
1.7,0.18,0
1.7,0.22,3.5909e-63
1.7,0.26,1.9153e-59
1.7,0.3,1.63949e-57
1.7,0.34,5.60353e-56
1.7,0.38,1.42697e-53
1.7,0.42,5.82945e-52
1.7,0.46,1.00572e-50
1.7,0.5,4.0377e-49
1.7,0.54,7.33819e-48
1.7,0.58,8.1886e-47
1.7,0.62,5.79994e-46
1.7,0.66,2.59969e-45
1.7,0.7,7.44312e-44
1.7,0.74,4.10859e-43
1.7,0.78,4.8851e-42
1.7,0.82,1.15375e-41
1.7,0.86,5.01344e-41
1.7,0.9,4.76865e-44
1.7,0.94,7.32368e-46
1.7,0.98,7.89479e-50
1.7,1.02,9.925e-55
1.7,1.06,2.67549e-57
1.7,1.1,0
1.7,1.14,0
1.7,1.18,0
1.7,1.22,0
1.7,1.26,0
1.7,1.3,0
1.7,1.34,0
1.7,1.38,0
1.7,1.42,0
1.7,1.46,0
1.7,1.5,0
1.7,1.54,0
1.7,1.58,0
1.7,1.62,0
1.7,1.66,0
1.7,1.7,0
1.7,1.74,0
1.7,1.78,0
1.7,1.82,0
1.7,1.86,0
1.7,1.9,0
1.7,1.94,0
1.7,1.98,0
1.74,0.02,0
1.74,0.06,0
1.74,0.1,0
1.74,0.14,0
1.74,0.18,0
1.74,0.22,0
1.74,0.26,6.48323e-65
1.74,0.3,5.82033e-63
1.74,0.34,2.25278e-61
1.74,0.38,2.00525e-59
1.74,0.42,7.44968e-58
1.74,0.46,2.36638e-56
1.74,0.5,4.57747e-55
1.74,0.54,5.03465e-54
1.74,0.58,9.68732e-53
1.74,0.62,1.13052e-51
1.74,0.66,8.76208e-51
1.74,0.7,4.31418e-50
1.74,0.74,2.02438e-49
1.74,0.78,1.95213e-47
1.74,0.82,5.53379e-47
1.74,0.86,1.94318e-46
1.74,0.9,6.90428e-48
1.74,0.94,2.0232e-51
1.74,0.98,4.69775e-56
1.74,1.02,1.12073e-58
1.74,1.06,0
1.74,1.1,0
1.74,1.14,0
1.74,1.18,0
1.74,1.22,0
1.74,1.26,0
1.74,1.3,0
1.74,1.34,0
1.74,1.38,0
1.74,1.42,0
1.74,1.46,0
1.74,1.5,0
1.74,1.54,0
1.74,1.58,0
1.74,1.62,0
1.74,1.66,0
1.74,1.7,0
1.74,1.74,0
1.74,1.78,0
1.74,1.82,0
1.74,1.86,0
1.74,1.9,0
1.74,1.94,0
1.74,1.98,0
1.78,0.02,0
1.78,0.06,0
1.78,0.1,0
1.78,0.14,0
1.78,0.18,0
1.78,0.22,0
1.78,0.26,0
1.78,0.3,0
1.78,0.34,0
1.78,0.38,5.56187e-65
1.78,0.42,2.57751e-63
1.78,0.46,6.39757e-62
1.78,0.5,9.90518e-61
1.78,0.54,9.58335e-60
1.78,0.58,2.75159e-57
1.78,0.62,4.3897e-56
1.78,0.66,3.21782e-55
1.78,0.7,1.35807e-54
1.78,0.74,3.79274e-54
1.78,0.78,6.0894e-52
1.78,0.82,1.80529e-51
1.78,0.86,1.35827e-50
1.78,0.9,2.2316e-53
1.78,0.94,1.19646e-57
1.78,0.98,2.57712e-60
1.78,1.02,0
1.78,1.06,0
1.78,1.1,0
1.78,1.14,0
1.78,1.18,0
1.78,1.22,0
1.78,1.26,0
1.78,1.3,0
1.78,1.34,0
1.78,1.38,0
1.78,1.42,0
1.78,1.46,0
1.78,1.5,0
1.78,1.54,0
1.78,1.58,0
1.78,1.62,0
1.78,1.66,0
1.78,1.7,0
1.78,1.74,0
1.78,1.78,0
1.78,1.82,0
1.78,1.86,0
1.78,1.9,0
1.78,1.94,0
1.78,1.98,0
1.82,0.02,0
1.82,0.06,0
1.82,0.1,0
1.82,0.14,0
1.82,0.18,0
1.82,0.22,0
1.82,0.26,0
1.82,0.3,0
1.82,0.34,0
1.82,0.38,0
1.82,0.42,0
1.82,0.46,0
1.82,0.5,0
1.82,0.54,0
1.82,0.58,2.12521e-63
1.82,0.62,3.56321e-62
1.82,0.66,2.69096e-61
1.82,0.7,1.16327e-60
1.82,0.74,3.22886e-60
1.82,0.78,3.20932e-57
1.82,0.82,9.95173e-57
1.82,0.86,4.93884e-56
1.82,0.9,1.24094e-59
1.82,0.94,2.36288e-62
1.82,0.98,0
1.82,1.02,0
1.82,1.06,0
1.82,1.1,0
1.82,1.14,0
1.82,1.18,0
1.82,1.22,0
1.82,1.26,0
1.82,1.3,0
1.82,1.34,0
1.82,1.38,0
1.82,1.42,0
1.82,1.46,0
1.82,1.5,0
1.82,1.54,0
1.82,1.58,0
1.82,1.62,0
1.82,1.66,0
1.82,1.7,0
1.82,1.74,0
1.82,1.78,0
1.82,1.82,0
1.82,1.86,0
1.82,1.9,0
1.82,1.94,0
1.82,1.98,0
1.86,0.02,0
1.86,0.06,0
1.86,0.1,0
1.86,0.14,0
1.86,0.18,0
1.86,0.22,0
1.86,0.26,0
1.86,0.3,0
1.86,0.34,0
1.86,0.38,0
1.86,0.42,0
1.86,0.46,0
1.86,0.5,0
1.86,0.54,0
1.86,0.58,0
1.86,0.62,0
1.86,0.66,0
1.86,0.7,0
1.86,0.74,0
1.86,0.78,1.56777e-63
1.86,0.82,5.02342e-63
1.86,0.86,2.37049e-62
1.86,0.9,3.78363e-66
1.86,0.94,0
1.86,0.98,0
1.86,1.02,0
1.86,1.06,0
1.86,1.1,0
1.86,1.14,0
1.86,1.18,0
1.86,1.22,0
1.86,1.26,0
1.86,1.3,0
1.86,1.34,0
1.86,1.38,0
1.86,1.42,0
1.86,1.46,0
1.86,1.5,0
1.86,1.54,0
1.86,1.58,0
1.86,1.62,0
1.86,1.66,0
1.86,1.7,0
1.86,1.74,0
1.86,1.78,0
1.86,1.82,0
1.86,1.86,0
1.86,1.9,0
1.86,1.94,0
1.86,1.98,0
1.9,0.02,0
1.9,0.06,0
1.9,0.1,0
1.9,0.14,0
1.9,0.18,0
1.9,0.22,0
1.9,0.26,0
1.9,0.3,0
1.9,0.34,0
1.9,0.38,0
1.9,0.42,0
1.9,0.46,0
1.9,0.5,0
1.9,0.54,0
1.9,0.58,0
1.9,0.62,0
1.9,0.66,0
1.9,0.7,0
1.9,0.74,0
1.9,0.78,0
1.9,0.82,0
1.9,0.86,0
1.9,0.9,0
1.9,0.94,0
1.9,0.98,0
1.9,1.02,0
1.9,1.06,0
1.9,1.1,0
1.9,1.14,0
1.9,1.18,0
1.9,1.22,0
1.9,1.26,0
1.9,1.3,0
1.9,1.34,0
1.9,1.38,0
1.9,1.42,0
1.9,1.46,0
1.9,1.5,0
1.9,1.54,0
1.9,1.58,0
1.9,1.62,0
1.9,1.66,0
1.9,1.7,0
1.9,1.74,0
1.9,1.78,0
1.9,1.82,0
1.9,1.86,0
1.9,1.9,0
1.9,1.94,0
1.9,1.98,0
1.94,0.02,0
1.94,0.06,0
1.94,0.1,0
1.94,0.14,0
1.94,0.18,0
1.94,0.22,0
1.94,0.26,0
1.94,0.3,0
1.94,0.34,0
1.94,0.38,0
1.94,0.42,0
1.94,0.46,0
1.94,0.5,0
1.94,0.54,0
1.94,0.58,0
1.94,0.62,0
1.94,0.66,0
1.94,0.7,0
1.94,0.74,0
1.94,0.78,0
1.94,0.82,0
1.94,0.86,0
1.94,0.9,0
1.94,0.94,0
1.94,0.98,0
1.94,1.02,0
1.94,1.06,0
1.94,1.1,0
1.94,1.14,0
1.94,1.18,0
1.94,1.22,0
1.94,1.26,0
1.94,1.3,0
1.94,1.34,0
1.94,1.38,0
1.94,1.42,0
1.94,1.46,0
1.94,1.5,0
1.94,1.54,0
1.94,1.58,0
1.94,1.62,0
1.94,1.66,0
1.94,1.7,0
1.94,1.74,0
1.94,1.78,0
1.94,1.82,0
1.94,1.86,0
1.94,1.9,0
1.94,1.94,0
1.94,1.98,0
1.98,0.02,0
1.98,0.06,0
1.98,0.1,0
1.98,0.14,0
1.98,0.18,0
1.98,0.22,0
1.98,0.26,0
1.98,0.3,0
1.98,0.34,0
1.98,0.38,0
1.98,0.42,0
1.98,0.46,0
1.98,0.5,0
1.98,0.54,0
1.98,0.58,0
1.98,0.62,0
1.98,0.66,0
1.98,0.7,0
1.98,0.74,0
1.98,0.78,0
1.98,0.82,0
1.98,0.86,0
1.98,0.9,0
1.98,0.94,0
1.98,0.98,0
1.98,1.02,0
1.98,1.06,0
1.98,1.1,0
1.98,1.14,0
1.98,1.18,0
1.98,1.22,0
1.98,1.26,0
1.98,1.3,0
1.98,1.34,0
1.98,1.38,0
1.98,1.42,0
1.98,1.46,0
1.98,1.5,0
1.98,1.54,0
1.98,1.58,0
1.98,1.62,0
1.98,1.66,0
1.98,1.7,0
1.98,1.74,0
1.98,1.78,0
1.98,1.82,0
1.98,1.86,0
1.98,1.9,0
1.98,1.94,0
1.98,1.98,0
