0.02,0.02,0
0.02,0.06,0
0.02,0.1,0
0.02,0.14,0
0.02,0.18,0
0.02,0.22,5.32641e-66
0.02,0.26,3.24246e-64
0.02,0.3,1.09873e-62
0.02,0.34,1.06244e-59
0.02,0.38,2.93945e-58
0.02,0.42,1.05972e-56
0.02,0.46,1.55642e-55
0.02,0.5,1.27624e-54
0.02,0.54,6.40075e-52
0.02,0.58,5.8201e-51
0.02,0.62,5.17842e-50
0.02,0.66,2.18335e-49
0.02,0.7,1.62593e-47
0.02,0.74,3.90641e-46
0.02,0.78,9.12427e-46
0.02,0.82,5.00426e-43
0.02,0.86,3.51056e-45
0.02,0.9,8.19152e-49
0.02,0.94,5.00836e-51
0.02,0.98,3.09268e-55
0.02,1.02,1.49476e-60
0.02,1.06,0
0.02,1.1,0
0.02,1.14,0
0.02,1.18,0
0.02,1.22,0
0.02,1.26,0
0.02,1.3,0
0.02,1.34,0
0.02,1.38,0
0.02,1.42,0
0.02,1.46,0
0.02,1.5,0
0.02,1.54,0
0.02,1.58,0
0.02,1.62,0
0.02,1.66,0
0.02,1.7,0
0.02,1.74,0
0.02,1.78,0
0.02,1.82,0
0.02,1.86,0
0.02,1.9,0
0.02,1.94,0
0.02,1.98,0
0.06,0.02,0
0.06,0.06,0
0.06,0.1,0
0.06,0.14,0
0.06,0.18,2.16334e-63
0.06,0.22,4.31324e-59
0.06,0.26,2.62441e-57
0.06,0.3,9.92039e-56
0.06,0.34,4.82076e-53
0.06,0.38,1.31908e-51
0.06,0.42,4.44927e-50
0.06,0.46,6.41853e-49
0.06,0.5,5.43932e-48
0.06,0.54,1.89029e-45
0.06,0.58,1.67349e-44
0.06,0.62,1.6641e-43
0.06,0.66,7.27893e-43
0.06,0.7,3.11657e-42
0.06,0.74,1.37936e-39
0.06,0.78,2.64202e-39
0.06,0.82,8.60092e-38
0.06,0.86,1.18066e-38
0.06,0.9,5.60308e-42
0.06,0.94,4.41156e-46
0.06,0.98,3.37145e-48
0.06,1.02,7.67435e-53
0.06,1.06,2.11382e-58
0.06,1.1,2.06025e-61
0.06,1.14,0
0.06,1.18,0
0.06,1.22,0
0.06,1.26,0
0.06,1.3,0
0.06,1.34,0
0.06,1.38,0
0.06,1.42,0
0.06,1.46,0
0.06,1.5,0
0.06,1.54,0
0.06,1.58,0
0.06,1.62,0
0.06,1.66,0
0.06,1.7,0
0.06,1.74,0
0.06,1.78,0
0.06,1.82,0
0.06,1.86,0
0.06,1.9,0
0.06,1.94,0
0.06,1.98,0
0.1,0.02,0
0.1,0.06,0
0.1,0.1,4.31687e-61
0.1,0.14,7.68619e-59
0.1,0.18,1.02248e-56
0.1,0.22,1.80995e-53
0.1,0.26,1.07996e-51
0.1,0.3,6.91129e-50
0.1,0.34,3.35864e-47
0.1,0.38,9.10405e-46
0.1,0.42,3.20473e-44
0.1,0.46,4.64807e-43
0.1,0.5,4.21226e-42
0.1,0.54,1.4704e-39
0.1,0.58,1.28359e-38
0.1,0.62,1.51413e-37
0.1,0.66,6.79482e-37
0.1,0.7,3.49008e-36
0.1,0.74,2.63496e-33
0.1,0.78,4.03717e-33
0.1,0.82,1.94253e-31
0.1,0.86,2.09962e-34
0.1,0.9,9.89476e-36
0.1,0.94,1.2514e-39
0.1,0.98,1.58288e-42
0.1,1.02,3.82417e-46
0.1,1.06,4.35958e-51
0.1,1.1,7.6499e-57
0.1,1.14,1.33384e-59
0.1,1.18,0
0.1,1.22,0
0.1,1.26,0
0.1,1.3,0
0.1,1.34,0
0.1,1.38,0
0.1,1.42,0
0.1,1.46,0
0.1,1.5,0
0.1,1.54,0
0.1,1.58,0
0.1,1.62,0
0.1,1.66,0
0.1,1.7,0
0.1,1.74,0
0.1,1.78,0
0.1,1.82,0
0.1,1.86,0
0.1,1.9,0
0.1,1.94,0
0.1,1.98,0
0.14,0.02,2.3942e-61
0.14,0.06,1.3152e-58
0.14,0.1,1.16996e-54
0.14,0.14,2.04473e-52
0.14,0.18,1.26968e-50
0.14,0.22,9.36012e-48
0.14,0.26,5.4752e-46
0.14,0.3,2.39376e-44
0.14,0.34,3.29493e-42
0.14,0.38,8.36333e-41
0.14,0.42,6.3992e-39
0.14,0.46,1.04932e-37
0.14,0.5,1.19148e-36
0.14,0.54,4.47553e-34
0.14,0.58,3.81889e-33
0.14,0.62,7.93942e-32
0.14,0.66,3.84291e-31
0.14,0.7,2.91337e-30
0.14,0.74,6.53601e-27
0.14,0.78,9.60274e-27
0.14,0.82,1.00906e-24
0.14,0.86,3.93076e-28
0.14,0.9,6.56383e-30
0.14,0.94,1.86928e-33
0.14,0.98,9.52686e-38
0.14,1.02,4.16362e-40
0.14,1.06,1.67065e-44
0.14,1.1,1.10501e-49
0.14,1.14,1.32112e-55
0.14,1.18,3.16182e-58
0.14,1.22,0
0.14,1.26,0
0.14,1.3,0
0.14,1.34,0
0.14,1.38,0
0.14,1.42,0
0.14,1.46,0
0.14,1.5,0
0.14,1.54,0
0.14,1.58,0
0.14,1.62,0
0.14,1.66,0
0.14,1.7,0
0.14,1.74,0
0.14,1.78,0
0.14,1.82,0
0.14,1.86,0
0.14,1.9,0
0.14,1.94,0
0.14,1.98,0
0.18,0.02,4.79473e-55
0.18,0.06,2.55798e-52
0.18,0.1,6.69298e-49
0.18,0.14,1.13051e-46
0.18,0.18,6.59742e-45
0.18,0.22,3.12038e-42
0.18,0.26,1.77482e-40
0.18,0.3,4.3032e-39
0.18,0.34,1.0467e-36
0.18,0.38,2.75079e-35
0.18,0.42,4.11331e-34
0.18,0.46,3.76606e-33
0.18,0.5,1.11725e-31
0.18,0.54,1.47055e-29
0.18,0.58,1.23242e-28
0.18,0.62,3.29915e-27
0.18,0.66,1.58749e-26
0.18,0.7,3.26065e-24
0.18,0.74,1.52106e-22
0.18,0.78,3.37265e-22
0.18,0.82,8.06195e-21
0.18,0.86,2.76294e-21
0.18,0.9,1.0304e-25
0.18,0.94,2.19204e-27
0.18,0.98,1.34897e-31
0.18,1.02,3.41426e-36
0.18,1.06,2.14746e-38
0.18,1.1,3.73858e-43
0.18,1.14,1.57419e-48
0.18,1.18,1.07749e-51
0.18,1.22,4.0213e-57
0.18,1.26,0
0.18,1.3,0
0.18,1.34,0
0.18,1.38,0
0.18,1.42,0
0.18,1.46,0
0.18,1.5,0
0.18,1.54,0
0.18,1.58,0
0.18,1.62,0
0.18,1.66,0
0.18,1.7,0
0.18,1.74,0
0.18,1.78,0
0.18,1.82,0
0.18,1.86,0
0.18,1.9,0
0.18,1.94,0
0.18,1.98,0
0.22,0.02,5.4168e-49
0.22,0.06,4.46892e-46
0.22,0.1,1.8713e-43
0.22,0.14,2.47143e-41
0.22,0.18,1.33133e-39
0.22,0.22,5.38862e-37
0.22,0.26,2.99964e-35
0.22,0.3,7.2669e-34
0.22,0.34,2.72708e-31
0.22,0.38,7.04681e-30
0.22,0.42,1.0939e-28
0.22,0.46,1.02933e-27
0.22,0.5,7.10131e-27
0.22,0.54,1.79494e-23
0.22,0.58,1.42597e-22
0.22,0.62,1.72376e-21
0.22,0.66,7.16567e-21
0.22,0.7,5.13569e-20
0.22,0.74,1.08851e-16
0.22,0.78,1.40778e-16
0.22,0.82,8.51406e-15
0.22,0.86,1.25349e-15
0.22,0.9,1.00309e-18
0.22,0.94,9.24707e-24
0.22,0.98,2.08881e-25
0.22,1.02,4.79067e-30
0.22,1.06,6.76912e-35
0.22,1.1,5.21816e-37
0.22,1.14,4.99117e-42
0.22,1.18,1.43966e-47
0.22,1.22,2.09249e-50
0.22,1.26,3.23931e-56
0.22,1.3,0
0.22,1.34,0
0.22,1.38,0
0.22,1.42,0
0.22,1.46,0
0.22,1.5,0
0.22,1.54,0
0.22,1.58,0
0.22,1.62,0
0.22,1.66,0
0.22,1.7,0
0.22,1.74,0
0.22,1.78,0
0.22,1.82,0
0.22,1.86,0
0.22,1.9,0
0.22,1.94,0
0.22,1.98,0
0.26,0.02,1.83316e-43
0.26,0.06,1.47991e-40
0.26,0.1,3.10828e-38
0.26,0.14,9.78821e-36
0.26,0.18,8.69374e-34
0.26,0.22,8.27305e-32
0.26,0.26,3.54412e-30
0.26,0.3,8.28938e-29
0.26,0.34,6.69416e-26
0.26,0.38,1.71171e-24
0.26,0.42,3.62747e-23
0.26,0.46,4.07731e-22
0.26,0.5,3.87268e-21
0.26,0.54,3.41762e-18
0.26,0.58,2.56734e-17
0.26,0.62,5.07804e-16
0.26,0.66,2.10149e-15
0.26,0.7,2.49111e-14
0.26,0.74,6.82433e-13
0.26,0.78,1.39721e-12
0.26,0.82,2.81721e-11
0.26,0.86,1.16608e-11
0.26,0.9,9.30221e-13
0.26,0.94,1.27045e-16
0.26,0.98,2.14713e-19
0.26,1.02,9.11642e-24
0.26,1.06,9.7457e-29
0.26,1.1,1.80823e-31
0.26,1.14,7.37682e-36
0.26,1.18,4.38027e-41
0.26,1.22,9.12126e-47
0.26,1.26,1.91538e-49
0.26,1.3,1.82184e-55
0.26,1.34,0
0.26,1.38,0
0.26,1.42,0
0.26,1.46,0
0.26,1.5,0
0.26,1.54,0
0.26,1.58,0
0.26,1.62,0
0.26,1.66,0
0.26,1.7,0
0.26,1.74,0
0.26,1.78,0
0.26,1.82,0
0.26,1.86,0
0.26,1.9,0
0.26,1.94,0
0.26,1.98,0
0.3,0.02,2.61476e-38
0.3,0.06,1.92704e-35
0.3,0.1,2.83592e-33
0.3,0.14,8.66023e-31
0.3,0.18,7.91369e-29
0.3,0.22,4.09928e-27
0.3,0.26,3.12016e-25
0.3,0.3,1.20226e-23
0.3,0.34,9.64532e-22
0.3,0.38,2.13189e-20
0.3,0.42,1.15755e-18
0.3,0.46,6.65787e-17
0.3,0.5,8.86908e-16
0.3,0.54,2.98338e-14
0.3,0.58,2.06574e-13
0.3,0.62,2.58982e-12
0.3,0.66,9.95925e-12
0.3,0.7,8.93228e-11
0.3,0.74,1.18047e-09
0.3,0.78,2.63254e-09
0.3,0.82,2.71719e-08
0.3,0.86,1.82958e-08
0.3,0.9,2.6915e-09
0.3,0.94,1.7812e-10
0.3,0.98,7.74119e-15
0.3,1.02,7.29926e-17
0.3,1.06,2.19631e-22
0.3,1.1,1.25365e-27
0.3,1.14,4.89333e-30
0.3,1.18,6.76719e-35
0.3,1.22,2.70779e-40
0.3,1.26,4.24652e-46
0.3,1.3,1.11751e-48
0.3,1.34,7.6393e-55
0.3,1.38,0
0.3,1.42,0
0.3,1.46,0
0.3,1.5,0
0.3,1.54,0
0.3,1.58,0
0.3,1.62,0
0.3,1.66,0
0.3,1.7,0
0.3,1.74,0
0.3,1.78,0
0.3,1.82,0
0.3,1.86,0
0.3,1.9,0
0.3,1.94,0
0.3,1.98,0
0.34,0.02,1.71985e-33
0.34,0.06,1.25707e-30
0.34,0.1,1.76108e-28
0.34,0.14,1.02015e-25
0.34,0.18,9.94821e-24
0.34,0.22,4.2585e-22
0.34,0.26,7.67378e-20
0.34,0.3,2.83858e-18
0.34,0.34,1.08104e-16
0.34,0.38,1.95648e-15
0.34,0.42,2.90616e-14
0.34,0.46,6.50466e-13
0.34,0.5,6.48958e-12
0.34,0.54,9.63727e-11
0.34,0.58,5.65162e-10
0.34,0.62,4.49784e-09
0.34,0.66,1.72728e-08
0.34,0.7,9.83832e-08
0.34,0.74,6.94239e-07
0.34,0.78,1.55317e-06
0.34,0.82,9.09096e-06
0.34,0.86,8.3882e-06
0.34,0.9,2.42051e-06
0.34,0.94,2.48728e-07
0.34,0.98,1.42441e-08
0.34,1.02,2.60429e-13
0.34,1.06,3.59477e-15
0.34,1.1,3.24687e-21
0.34,1.14,1.08297e-26
0.34,1.18,5.81371e-29
0.34,1.22,4.31946e-34
0.34,1.26,1.24338e-39
0.34,1.3,1.52627e-45
0.34,1.34,4.61436e-48
0.34,1.38,2.50774e-54
0.34,1.42,0
0.34,1.46,0
0.34,1.5,0
0.34,1.54,0
0.34,1.58,0
0.34,1.62,0
0.34,1.66,0
0.34,1.7,0
0.34,1.74,0
0.34,1.78,0
0.34,1.82,0
0.34,1.86,0
0.34,1.9,0
0.34,1.94,0
0.34,1.98,0
0.38,0.02,1.97111e-28
0.38,0.06,1.38879e-25
0.38,0.1,2.45811e-23
0.38,0.14,3.95977e-21
0.38,0.18,2.9499e-19
0.38,0.22,1.23805e-17
0.38,0.26,8.03907e-16
0.38,0.3,2.51911e-14
0.38,0.34,5.90119e-13
0.38,0.38,8.3654e-12
0.38,0.42,9.3811e-11
0.38,0.46,1.23822e-09
0.38,0.5,1.03792e-08
0.38,0.54,8.76885e-08
0.38,0.58,4.25923e-07
0.38,0.62,2.37138e-06
0.38,0.66,9.30833e-06
0.38,0.7,3.59085e-05
0.38,0.74,0.00014979
0.38,0.78,0.00031287
0.38,0.82,0.00115141
0.38,0.86,0.00127028
0.38,0.9,0.00060202
0.38,0.94,0.000132793
0.38,0.98,1.27528e-05
0.38,1.02,5.8011e-07
0.38,1.06,5.26237e-12
0.38,1.1,8.65795e-14
0.38,1.14,3.14924e-20
0.38,1.18,6.58881e-26
0.38,1.22,4.19561e-28
0.38,1.26,2.02001e-33
0.38,1.3,4.43333e-39
0.38,1.34,4.42015e-45
0.38,1.38,1.42131e-47
0.38,1.42,6.69625e-54
0.38,1.46,0
0.38,1.5,0
0.38,1.54,0
0.38,1.58,0
0.38,1.62,0
0.38,1.66,0
0.38,1.7,0
0.38,1.74,0
0.38,1.78,0
0.38,1.82,0
0.38,1.86,0
0.38,1.9,0
0.38,1.94,0
0.38,1.98,0
0.42,0.02,4.03022e-24
0.42,0.06,2.95388e-21
0.42,0.1,5.8433e-19
0.42,0.14,4.94325e-17
0.42,0.18,2.18654e-15
0.42,0.22,6.13796e-14
0.42,0.26,1.93808e-12
0.42,0.3,4.72865e-11
0.42,0.34,8.08474e-10
0.42,0.38,9.07598e-09
0.42,0.42,7.74659e-08
0.42,0.46,6.53692e-07
0.42,0.5,4.28027e-06
0.42,0.54,2.50605e-05
0.42,0.58,0.000101696
0.42,0.62,0.000421543
0.42,0.66,0.00143027
0.42,0.7,0.00423314
0.42,0.74,0.0122599
0.42,0.78,0.0230507
0.42,0.82,0.0577102
0.42,0.86,0.0690686
0.42,0.9,0.046148
0.42,0.94,0.0178303
0.42,0.98,0.00356426
0.42,1.02,0.000331006
0.42,1.06,1.31016e-05
0.42,1.1,6.76421e-11
0.42,1.14,1.21746e-12
0.42,1.18,2.1033e-19
0.42,1.22,2.94735e-25
0.42,1.26,2.03801e-27
0.42,1.3,7.22358e-33
0.42,1.34,1.27752e-38
0.42,1.38,1.07314e-44
0.42,1.42,3.32231e-47
0.42,1.46,1.49737e-53
0.42,1.5,0
0.42,1.54,0
0.42,1.58,0
0.42,1.62,0
0.42,1.66,0
0.42,1.7,0
0.42,1.74,0
0.42,1.78,0
0.42,1.82,0
0.42,1.86,0
0.42,1.9,0
0.42,1.94,0
0.42,1.98,0
0.46,0.02,6.80933e-20
0.46,0.06,1.99763e-17
0.46,0.1,2.1542e-15
0.46,0.14,1.29753e-13
0.46,0.18,4.72185e-12
0.46,0.22,1.1328e-10
0.46,0.26,2.04931e-09
0.46,0.3,2.92031e-08
0.46,0.34,3.2382e-07
0.46,0.38,2.75283e-06
0.46,0.42,1.85394e-05
0.46,0.46,0.00011004
0.46,0.5,0.000546331
0.46,0.54,0.00238266
0.46,0.58,0.00809753
0.46,0.62,0.0261774
0.46,0.66,0.0735071
0.46,0.7,0.174466
0.46,0.74,0.382223
0.46,0.78,0.633159
0.46,0.82,1.14871
0.46,0.86,1.37926
0.46,0.9,1.17426
0.46,0.94,0.696497
0.46,0.98,0.262675
0.46,1.02,0.0523026
0.46,1.06,0.00468612
0.46,1.1,0.000171459
0.46,1.14,5.75656e-10
0.46,1.18,1.07686e-11
0.46,1.22,1.00758e-18
0.46,1.26,1.00977e-24
0.46,1.3,6.98203e-27
0.46,1.34,2.05088e-32
0.46,1.38,3.08989e-38
0.46,1.42,2.2698e-44
0.46,1.46,5.54484e-47
0.46,1.5,2.84035e-53
0.46,1.54,0
0.46,1.58,0
0.46,1.62,0
0.46,1.66,0
0.46,1.7,0
0.46,1.74,0
0.46,1.78,0
0.46,1.82,0
0.46,1.86,0
0.46,1.9,0
0.46,1.94,0
0.46,1.98,0
0.5,0.02,2.23403e-16
0.5,0.06,4.80564e-14
0.5,0.1,3.08764e-12
0.5,0.14,1.07719e-10
0.5,0.18,2.43758e-09
0.5,0.22,3.94854e-08
0.5,0.26,4.90683e-07
0.5,0.3,4.82876e-06
0.5,0.34,3.78081e-05
0.5,0.38,0.000239133
0.5,0.42,0.00125689
0.5,0.46,0.0057031
0.5,0.5,0.022176
0.5,0.54,0.075656
0.5,0.58,0.21791
0.5,0.62,0.567735
0.5,0.66,1.29763
0.5,0.7,2.53191
0.5,0.74,4.42735
0.5,0.78,6.45062
0.5,0.82,9.11336
0.5,0.86,10.5022
0.5,0.9,10.1646
0.5,0.94,8.1454
0.5,0.98,5.01057
0.5,1.02,2.04754
0.5,1.06,0.429426
0.5,1.1,0.0377578
0.5,1.14,0.00134295
0.5,1.18,3.36481e-09
0.5,1.22,6.26027e-11
0.5,1.26,3.60131e-18
0.5,1.3,2.7635e-24
0.5,1.34,1.67572e-26
0.5,1.38,4.76039e-32
0.5,1.42,6.4914e-38
0.5,1.46,4.33931e-44
0.5,1.5,3.76092e-47
0.5,1.54,4.46408e-53
0.5,1.58,0
0.5,1.62,0
0.5,1.66,0
0.5,1.7,0
0.5,1.74,0
0.5,1.78,0
0.5,1.82,0
0.5,1.86,0
0.5,1.9,0
0.5,1.94,0
0.5,1.98,0
0.54,0.02,1.71128e-13
0.54,0.06,2.31113e-11
0.54,0.1,9.62971e-10
0.54,0.14,2.24187e-08
0.54,0.18,3.46481e-07
0.54,0.22,3.87058e-06
0.54,0.26,3.33643e-05
0.54,0.3,0.000233217
0.54,0.34,0.00134432
0.54,0.38,0.00643085
0.54,0.42,0.0261582
0.54,0.46,0.0929563
0.54,0.5,0.289948
0.54,0.54,0.800913
0.54,0.58,1.94102
0.54,0.62,4.19555
0.54,0.66,7.99567
0.54,0.7,13.3277
0.54,0.74,19.7287
0.54,0.78,26.0095
0.54,0.82,31.5878
0.54,0.86,34.9977
0.54,0.9,35.6188
0.54,0.94,33.1024
0.54,0.98,27.2892
0.54,1.02,18.5147
0.54,1.06,8.70186
0.54,1.1,1.9991
0.54,1.14,0.18019
0.54,1.18,0.00651132
0.54,1.22,1.40938e-08
0.54,1.26,2.44373e-10
0.54,1.3,9.97014e-18
0.54,1.34,6.30723e-24
0.54,1.38,2.34405e-26
0.54,1.42,9.14099e-32
0.54,1.46,1.21767e-37
0.54,1.5,7.76337e-44
0.54,1.54,1.41498e-50
0.54,1.58,0
0.54,1.62,0
0.54,1.66,0
0.54,1.7,0
0.54,1.74,0
0.54,1.78,0
0.54,1.82,0
0.54,1.86,0
0.54,1.9,0
0.54,1.94,0
0.54,1.98,0
0.58,0.02,4.77737e-11
0.58,0.06,4.09816e-09
0.58,0.1,1.08355e-07
0.58,0.14,1.61955e-06
0.58,0.18,1.6543e-05
0.58,0.22,0.000126897
0.58,0.26,0.000771314
0.58,0.3,0.00386098
0.58,0.34,0.0163984
0.58,0.38,0.0600961
0.58,0.42,0.19335
0.58,0.46,0.557556
0.58,0.5,1.44944
0.58,0.54,3.3874
0.58,0.58,7.06853
0.58,0.62,13.1346
0.58,0.66,21.7044
0.58,0.7,32.0304
0.58,0.74,42.8838
0.58,0.78,52.8952
0.58,0.82,60.5921
0.58,0.86,65.3364
0.58,0.9,67.3839
0.58,0.94,66.4137
0.58,0.98,61.9748
0.58,1.02,53.4723
0.58,1.06,40.0517
0.58,1.1,21.8988
0.58,1.14,5.62851
0.58,1.18,0.535462
0.58,1.22,0.0202378
0.58,1.26,4.44185e-08
0.58,1.3,6.19273e-10
0.58,1.34,2.2019e-17
0.58,1.38,1.25246e-23
0.58,1.42,1.1823e-29
0.58,1.46,1.00919e-35
0.58,1.5,5.1743e-42
0.58,1.54,8.45063e-49
0.58,1.58,0
0.58,1.62,0
0.58,1.66,0
0.58,1.7,0
0.58,1.74,0
0.58,1.78,0
0.58,1.82,0
0.58,1.86,0
0.58,1.9,0
0.58,1.94,0
0.58,1.98,0
0.62,0.02,6.22062e-09
0.62,0.06,3.10317e-07
0.62,0.1,4.93055e-06
0.62,0.14,4.63091e-05
0.62,0.18,0.000310207
0.62,0.22,0.00162436
0.62,0.26,0.00703045
0.62,0.3,0.0261802
0.62,0.34,0.0866838
0.62,0.38,0.259968
0.62,0.42,0.70859
0.62,0.46,1.76288
0.62,0.5,4.0005
0.62,0.54,8.20442
0.62,0.58,15.082
0.62,0.62,24.7673
0.62,0.66,36.5933
0.62,0.7,49.3957
0.62,0.74,62.0522
0.62,0.78,73.3245
0.62,0.82,81.3128
0.62,0.86,85.7427
0.62,0.9,88.2673
0.62,0.94,88.7925
0.62,0.98,86.9714
0.62,1.02,82.3934
0.62,1.06,74.2387
0.62,1.1,60.3589
0.62,1.14,37.248
0.62,1.18,10.4963
0.62,1.22,1.04687
0.62,1.26,0.0413508
0.62,1.3,1.10917e-07
0.62,1.34,1.33758e-15
0.62,1.38,5.10738e-22
0.62,1.42,3.91608e-28
0.62,1.46,3.00013e-34
0.62,1.5,1.47052e-40
0.62,1.54,2.39716e-47
0.62,1.58,0
0.62,1.62,0
0.62,1.66,0
0.62,1.7,0
0.62,1.74,0
0.62,1.78,0
0.62,1.82,0
0.62,1.86,0
0.62,1.9,0
0.62,1.94,0
0.62,1.98,0
0.66,0.02,3.66308e-07
0.66,0.06,1.08269e-05
0.66,0.1,0.000105323
0.66,0.14,0.00063292
0.66,0.18,0.00284337
0.66,0.22,0.0105131
0.66,0.26,0.0342101
0.66,0.3,0.1011
0.66,0.34,0.275263
0.66,0.38,0.699195
0.66,0.42,1.66776
0.66,0.46,3.69368
0.66,0.5,7.51635
0.66,0.54,13.8781
0.66,0.58,23.0535
0.66,0.62,34.5414
0.66,0.66,47.2205
0.66,0.7,59.6638
0.66,0.74,70.9502
0.66,0.78,80.5677
0.66,0.82,88.2445
0.66,0.86,93.3082
0.66,0.9,95.9704
0.66,0.94,97.3197
0.66,0.98,97.2577
0.66,1.02,95.5067
0.66,1.06,91.9186
0.66,1.1,85.7949
0.66,1.14,73.837
0.66,1.18,48.4309
0.66,1.22,14.1531
0.66,1.26,1.23786
0.66,1.3,3.29213e-06
0.66,1.34,2.6892e-14
0.66,1.38,8.83474e-21
0.66,1.42,6.29988e-27
0.66,1.46,4.72682e-33
0.66,1.5,2.35631e-39
0.66,1.54,4.01723e-46
0.66,1.58,0
0.66,1.62,0
0.66,1.66,0
0.66,1.7,0
0.66,1.74,0
0.66,1.78,0
0.66,1.82,0
0.66,1.86,0
0.66,1.9,0
0.66,1.94,0
0.66,1.98,0
0.7,0.02,1.14958e-05
0.7,0.06,0.000202143
0.7,0.1,0.00124034
0.7,0.14,0.00504302
0.7,0.18,0.0163594
0.7,0.22,0.04835
0.7,0.26,0.126581
0.7,0.3,0.305195
0.7,0.34,0.694689
0.7,0.38,1.50982
0.7,0.42,3.13667
0.7,0.46,6.15835
0.7,0.5,11.2663
0.7,0.54,18.9119
0.7,0.58,28.8512
0.7,0.62,40.1593
0.7,0.66,51.6259
0.7,0.7,62.2589
0.7,0.74,71.572
0.7,0.78,79.4769
0.7,0.82,86.1167
0.7,0.86,91.616
0.7,0.9,94.3494
0.7,0.94,95.6758
0.7,0.98,96.512
0.7,1.02,96.6392
0.7,1.06,95.5587
0.7,1.1,93.7827
0.7,1.14,90.7441
0.7,1.18,81.6974
0.7,1.22,52.203
0.7,1.26,11.038
0.7,1.3,4.38391e-05
0.7,1.34,2.75544e-13
0.7,1.38,8.47071e-20
0.7,1.42,5.96488e-26
0.7,1.46,4.5859e-32
0.7,1.5,2.40944e-38
0.7,1.54,4.42301e-45
0.7,1.58,0
0.7,1.62,0
0.7,1.66,0
0.7,1.7,0
0.7,1.74,0
0.7,1.78,0
0.7,1.82,0
0.7,1.86,0
0.7,1.9,0
0.7,1.94,0
0.7,1.98,0
0.74,0.02,0.000197929
0.74,0.06,0.00233149
0.74,0.1,0.00972867
0.74,0.14,0.0288727
0.74,0.18,0.0758314
0.74,0.22,0.177803
0.74,0.26,0.376811
0.74,0.3,0.750373
0.74,0.34,1.44041
0.74,0.38,2.69
0.74,0.42,4.88401
0.74,0.46,8.52418
0.74,0.5,14.0683
0.74,0.54,21.6191
0.74,0.58,30.7117
0.74,0.62,40.493
0.74,0.66,50.0713
0.74,0.7,58.7852
0.74,0.74,66.3025
0.74,0.78,72.3558
0.74,0.82,77.192
0.74,0.86,81.1066
0.74,0.9,83.967
0.74,0.94,86.1651
0.74,0.98,87.9443
0.74,1.02,89.7642
0.74,1.06,91.0815
0.74,1.1,91.0516
0.74,1.14,91.5536
0.74,1.18,91.6005
0.74,1.22,86.1442
0.74,1.26,44.0131
0.74,1.3,0.128609
0.74,1.34,1.71199e-12
0.74,1.38,5.1083e-19
0.74,1.42,3.67801e-25
0.74,1.46,2.98306e-31
0.74,1.5,1.69301e-37
0.74,1.54,3.41794e-44
0.74,1.58,0
0.74,1.62,0
0.74,1.66,0
0.74,1.7,0
0.74,1.74,0
0.74,1.78,0
0.74,1.82,0
0.74,1.86,0
0.74,1.9,0
0.74,1.94,0
0.74,1.98,0
0.78,0.02,0.00259868
0.78,0.06,0.0217447
0.78,0.1,0.0612946
0.78,0.14,0.14069
0.78,0.18,0.29703
0.78,0.22,0.556606
0.78,0.26,0.96011
0.78,0.3,1.58452
0.78,0.34,2.56405
0.78,0.38,4.10726
0.78,0.42,6.49705
0.78,0.46,10.0421
0.78,0.5,14.9572
0.78,0.54,21.2095
0.78,0.58,28.4486
0.78,0.62,36.098
0.78,0.66,43.5496
0.78,0.7,50.204
0.78,0.74,55.8189
0.78,0.78,60.3945
0.78,0.82,64.0378
0.78,0.86,66.9678
0.78,0.9,69.2445
0.78,0.94,71.3984
0.78,0.98,73.8734
0.78,1.02,77.1539
0.78,1.06,81.1256
0.78,1.1,84.0227
0.78,1.14,85.1916
0.78,1.18,86.8717
0.78,1.22,89.2425
0.78,1.26,89.7226
0.78,1.3,5.49504
0.78,1.34,7.23643e-12
0.78,1.38,2.09618e-18
0.78,1.42,1.57709e-24
0.78,1.46,1.37736e-30
0.78,1.5,8.60161e-37
0.78,1.54,1.94207e-43
0.78,1.58,0
0.78,1.62,0
0.78,1.66,0
0.78,1.7,0
0.78,1.74,0
0.78,1.78,0
0.78,1.82,0
0.78,1.86,0
0.78,1.9,0
0.78,1.94,0
0.78,1.98,0
0.82,0.02,255
0.82,0.06,2.76695
0.82,0.1,0.301545
0.82,0.14,0.610423
0.82,0.18,1.05895
0.82,0.22,1.61097
0.82,0.26,2.26822
0.82,0.3,3.07339
0.82,0.34,4.12212
0.82,0.38,5.56116
0.82,0.42,7.56219
0.82,0.46,10.2766
0.82,0.5,13.7813
0.82,0.54,18.0277
0.82,0.58,22.8112
0.82,0.62,27.8494
0.82,0.66,32.6788
0.82,0.7,37.0343
0.82,0.74,40.7814
0.82,0.78,43.9061
0.82,0.82,46.5217
0.82,0.86,48.8977
0.82,0.9,51.3257
0.82,0.94,53.9504
0.82,0.98,56.9798
0.82,1.02,60.956
0.82,1.06,65.9749
0.82,1.1,71.3038
0.82,1.14,75.6796
0.82,1.18,78.8181
0.82,1.22,80.5628
0.82,1.26,85.1026
0.82,1.3,49.7831
0.82,1.34,2.27106e-11
0.82,1.38,6.16449e-18
0.82,1.42,4.91848e-24
0.82,1.46,4.69951e-30
0.82,1.5,3.27931e-36
0.82,1.54,8.40427e-43
0.82,1.58,0
0.82,1.62,0
0.82,1.66,0
0.82,1.7,0
0.82,1.74,0
0.82,1.78,0
0.82,1.82,0
0.82,1.86,0
0.82,1.9,0
0.82,1.94,0
0.82,1.98,0
0.86,0.02,255
0.86,0.06,171.011
0.86,0.1,107.867
0.86,0.14,83.7992
0.86,0.18,71.7075
0.86,0.22,63.6895
0.86,0.26,55.6552
0.86,0.3,44.8508
0.86,0.34,32.5245
0.86,0.38,22.414
0.86,0.42,16.3933
0.86,0.46,13.8551
0.86,0.5,13.5655
0.86,0.54,14.6634
0.86,0.58,16.3656
0.86,0.62,18.2247
0.86,0.66,19.9132
0.86,0.7,23.141
0.86,0.74,29.0061
0.86,0.78,35.3779
0.86,0.82,40.8929
0.86,0.86,45.4509
0.86,0.9,47.3937
0.86,0.94,47.683
0.86,0.98,47.8213
0.86,1.02,50.3649
0.86,1.06,54.2541
0.86,1.1,59.4627
0.86,1.14,64.7966
0.86,1.18,69.0053
0.86,1.22,71.3572
0.86,1.26,76.0052
0.86,1.3,102.11
0.86,1.34,5.55009e-11
0.86,1.38,1.33859e-17
0.86,1.42,1.14387e-23
0.86,1.46,1.21394e-29
0.86,1.5,9.63279e-36
0.86,1.54,2.85817e-42
0.86,1.58,0
0.86,1.62,0
0.86,1.66,0
0.86,1.7,0
0.86,1.74,0
0.86,1.78,0
0.86,1.82,0
0.86,1.86,0
0.86,1.9,0
0.86,1.94,0
0.86,1.98,0
0.9,0.02,255
0.9,0.06,252.992
0.9,0.1,246.31
0.9,0.14,235.147
0.9,0.18,224.261
0.9,0.22,214.525
0.9,0.26,205.797
0.9,0.3,199.465
0.9,0.34,196.092
0.9,0.38,195.127
0.9,0.42,195.398
0.9,0.46,195.499
0.9,0.5,194.489
0.9,0.54,191.82
0.9,0.58,187.222
0.9,0.62,180.909
0.9,0.66,173.301
0.9,0.7,165.044
0.9,0.74,156.98
0.9,0.78,150.05
0.9,0.82,144.88
0.9,0.86,141.751
0.9,0.9,141.004
0.9,0.94,142.672
0.9,0.98,146.241
0.9,1.02,147.308
0.9,1.06,143.239
0.9,1.1,141.623
0.9,1.14,134.11
0.9,1.18,130.288
0.9,1.22,128.17
0.9,1.26,130.804
0.9,1.3,140.987
0.9,1.34,34.5597
0.9,1.38,2.16247e-17
0.9,1.42,1.95127e-23
0.9,1.46,2.34978e-29
0.9,1.5,2.23032e-35
0.9,1.54,8.39798e-42
0.9,1.58,0
0.9,1.62,0
0.9,1.66,0
0.9,1.7,0
0.9,1.74,0
0.9,1.78,0
0.9,1.82,0
0.9,1.86,0
0.9,1.9,0
0.9,1.94,0
0.9,1.98,0
0.94,0.02,255
0.94,0.06,187.244
0.94,0.1,111.538
0.94,0.14,69.4691
0.94,0.18,47.5669
0.94,0.22,34.6893
0.94,0.26,27.2546
0.94,0.3,23.1556
0.94,0.34,20.8795
0.94,0.38,19.5623
0.94,0.42,18.7831
0.94,0.46,18.3719
0.94,0.5,18.3252
0.94,0.54,18.7524
0.94,0.58,19.8202
0.94,0.62,21.8086
0.94,0.66,24.754
0.94,0.7,28.3761
0.94,0.74,32.3118
0.94,0.78,36.1836
0.94,0.82,39.7009
0.94,0.86,42.7092
0.94,0.9,45.2015
0.94,0.94,47.1953
0.94,0.98,48.6629
0.94,1.02,52.5576
0.94,1.06,61.531
0.94,1.1,72.3908
0.94,1.14,84.6385
0.94,1.18,95.4463
0.94,1.22,103.414
0.94,1.26,109.327
0.94,1.3,119.499
0.94,1.34,0.97184
0.94,1.38,1.44348e-17
0.94,1.42,1.27869e-23
0.94,1.46,1.46438e-29
0.94,1.5,1.3108e-35
0.94,1.54,4.68887e-42
0.94,1.58,0
0.94,1.62,0
0.94,1.66,0
0.94,1.7,0
0.94,1.74,0
0.94,1.78,0
0.94,1.82,0
0.94,1.86,0
0.94,1.9,0
0.94,1.94,0
0.94,1.98,0
0.98,0.02,255
0.98,0.06,66.1802
0.98,0.1,2.43971
0.98,0.14,1.75203
0.98,0.18,2.30017
0.98,0.22,2.94649
0.98,0.26,3.58895
0.98,0.3,4.20688
0.98,0.34,4.82308
0.98,0.38,5.50326
0.98,0.42,6.36541
0.98,0.46,7.59325
0.98,0.5,9.44201
0.98,0.54,12.2142
0.98,0.58,16.176
0.98,0.62,21.4078
0.98,0.66,27.6671
0.98,0.7,34.4105
0.98,0.74,40.9521
0.98,0.78,46.6013
0.98,0.82,51.1101
0.98,0.86,54.4717
0.98,0.9,56.7877
0.98,0.94,58.298
0.98,0.98,59.3169
0.98,1.02,60.2462
0.98,1.06,61.4688
0.98,1.1,64.0233
0.98,1.14,68.4466
0.98,1.18,75.2181
0.98,1.22,83.8504
0.98,1.26,94.8455
0.98,1.3,75.9233
0.98,1.34,2.83922e-11
0.98,1.38,7.14525e-18
0.98,1.42,5.97226e-24
0.98,1.46,6.3195e-30
0.98,1.5,5.19595e-36
0.98,1.54,1.71845e-42
0.98,1.58,0
0.98,1.62,0
0.98,1.66,0
0.98,1.7,0
0.98,1.74,0
0.98,1.78,0
0.98,1.82,0
0.98,1.86,0
0.98,1.9,0
0.98,1.94,0
0.98,1.98,0
1.02,0.02,255
1.02,0.06,0.0971113
1.02,0.1,0.299311
1.02,0.14,0.508652
1.02,0.18,0.762628
1.02,0.22,1.02544
1.02,0.26,1.27598
1.02,0.3,1.54133
1.02,0.34,1.87882
1.02,0.38,2.37482
1.02,0.42,3.16277
1.02,0.46,4.46008
1.02,0.5,6.60541
1.02,0.54,10.0599
1.02,0.58,15.2862
1.02,0.62,22.4196
1.02,0.66,30.9883
1.02,0.7,40.0473
1.02,0.74,48.6059
1.02,0.78,55.9663
1.02,0.82,61.8105
1.02,0.86,66.0164
1.02,0.9,68.7491
1.02,0.94,70.3729
1.02,0.98,71.365
1.02,1.02,72.104
1.02,1.06,72.815
1.02,1.1,73.7393
1.02,1.14,75.3497
1.02,1.18,78.4112
1.02,1.22,84.1141
1.02,1.26,97.7937
1.02,1.3,15.9999
1.02,1.34,9.63708e-12
1.02,1.38,2.54798e-18
1.02,1.42,2.00573e-24
1.02,1.46,1.96137e-30
1.02,1.5,1.48138e-36
1.02,1.54,4.5214e-43
1.02,1.58,0
1.02,1.62,0
1.02,1.66,0
1.02,1.7,0
1.02,1.74,0
1.02,1.78,0
1.02,1.82,0
1.02,1.86,0
1.02,1.9,0
1.02,1.94,0
1.02,1.98,0
1.06,0.02,0.00297842
1.06,0.06,0.0230398
1.06,0.1,0.0602869
1.06,0.14,0.115115
1.06,0.18,0.180589
1.06,0.22,0.25055
1.06,0.26,0.329973
1.06,0.3,0.438871
1.06,0.34,0.613075
1.06,0.38,0.908543
1.06,0.42,1.43004
1.06,0.46,2.37694
1.06,0.5,4.10657
1.06,0.54,7.1945
1.06,0.58,12.3619
1.06,0.62,20.0729
1.06,0.66,30.0089
1.06,0.7,41.022
1.06,0.74,51.7334
1.06,0.78,60.9825
1.06,0.82,68.3626
1.06,0.86,73.9644
1.06,0.9,78.0342
1.06,0.94,80.5203
1.06,0.98,80.9676
1.06,1.02,81.714
1.06,1.06,82.4771
1.06,1.1,83.0437
1.06,1.14,83.7208
1.06,1.18,85.5048
1.06,1.22,90.3624
1.06,1.26,73.8889
1.06,1.3,0.533009
1.06,1.34,2.26111e-12
1.06,1.38,6.18368e-19
1.06,1.42,4.66923e-25
1.06,1.46,4.28788e-31
1.06,1.5,3.01422e-37
1.06,1.54,8.57282e-44
1.06,1.58,0
1.06,1.62,0
1.06,1.66,0
1.06,1.7,0
1.06,1.74,0
1.06,1.78,0
1.06,1.82,0
1.06,1.86,0
1.06,1.9,0
1.06,1.94,0
1.06,1.98,0
1.1,0.02,0.000271569
1.1,0.06,0.00249327
1.1,0.1,0.00792975
1.1,0.14,0.0166124
1.1,0.18,0.0275377
1.1,0.22,0.041132
1.1,0.26,0.0614377
1.1,0.3,0.0965968
1.1,0.34,0.161182
1.1,0.38,0.284998
1.1,0.42,0.532458
1.1,0.46,1.04091
1.1,0.5,2.09193
1.1,0.54,4.21222
1.1,0.58,8.19374
1.1,0.62,14.8459
1.1,0.66,24.4362
1.1,0.7,36.237
1.1,0.74,48.8199
1.1,0.78,60.3344
1.1,0.82,69.8765
1.1,0.86,77.1386
1.1,0.9,82.1523
1.1,0.94,84.8114
1.1,0.98,86.4061
1.1,1.02,87.5633
1.1,1.06,88.2421
1.1,1.1,88.48
1.1,1.14,88.5578
1.1,1.18,88.003
1.1,1.22,74.0742
1.1,1.26,21.3495
1.1,1.3,6.92921e-05
1.1,1.34,3.27282e-13
1.1,1.38,9.44804e-20
1.1,1.42,7.09756e-26
1.1,1.46,6.30594e-32
1.1,1.5,4.22552e-38
1.1,1.54,1.14088e-44
1.1,1.58,0
1.1,1.62,0
1.1,1.66,0
1.1,1.7,0
1.1,1.74,0
1.1,1.78,0
1.1,1.82,0
1.1,1.86,0
1.1,1.9,0
1.1,1.94,0
1.1,1.98,0
1.14,0.02,1.43059e-05
1.14,0.06,0.000154328
1.14,0.1,0.00056039
1.14,0.14,0.00127679
1.14,0.18,0.00229092
1.14,0.22,0.00386769
1.14,0.26,0.00694532
1.14,0.3,0.0136269
1.14,0.34,0.0286256
1.14,0.38,0.0632837
1.14,0.42,0.145351
1.14,0.46,0.341858
1.14,0.5,0.810274
1.14,0.54,1.88915
1.14,0.58,4.19362
1.14,0.62,8.60672
1.14,0.66,15.9476
1.14,0.7,26.3056
1.14,0.74,38.6671
1.14,0.78,51.515
1.14,0.82,63.4361
1.14,0.86,73.1967
1.14,0.9,79.2235
1.14,0.94,82.5186
1.14,0.98,84.6437
1.14,1.02,85.7154
1.14,1.06,85.7246
1.14,1.1,84.339
1.14,1.14,79.7116
1.14,1.18,61.3001
1.14,1.22,19.0665
1.14,1.26,1.6582
1.14,1.3,3.59179e-06
1.14,1.34,2.49296e-14
1.14,1.38,8.16845e-21
1.14,1.42,6.47697e-27
1.14,1.46,5.82718e-33
1.14,1.5,3.8573e-39
1.14,1.54,1.01657e-45
1.14,1.58,0
1.14,1.62,0
1.14,1.66,0
1.14,1.7,0
1.14,1.74,0
1.14,1.78,0
1.14,1.82,0
1.14,1.86,0
1.14,1.9,0
1.14,1.94,0
1.14,1.98,0
1.18,0.02,1.77967e-07
1.18,0.06,2.57928e-06
1.18,0.1,1.1919e-05
1.18,0.14,3.32292e-05
1.18,0.18,7.25342e-05
1.18,0.22,0.000153713
1.18,0.26,0.000362038
1.18,0.3,0.000950189
1.18,0.34,0.002658
1.18,0.38,0.00770422
1.18,0.42,0.0226788
1.18,0.46,0.066669
1.18,0.5,0.192866
1.18,0.54,0.536018
1.18,0.58,1.39582
1.18,0.62,3.33309
1.18,0.66,7.18718
1.18,0.7,13.6845
1.18,0.74,22.9603
1.18,0.78,34.0557
1.18,0.82,45.292
1.18,0.86,55.2467
1.18,0.9,61.9368
1.18,0.94,66.2432
1.18,0.98,68.3832
1.18,1.02,68.226
1.18,1.06,65.0617
1.18,1.1,56.5476
1.18,1.14,35.4847
1.18,1.18,8.20097
1.18,1.22,0.540926
1.18,1.26,0.0143318
1.18,1.3,5.75628e-08
1.18,1.34,7.77047e-16
1.18,1.38,3.36739e-22
1.18,1.42,3.11596e-28
1.18,1.46,3.04953e-34
1.18,1.5,2.10382e-40
1.18,1.54,5.63735e-47
1.18,1.58,0
1.18,1.62,0
1.18,1.66,0
1.18,1.7,0
1.18,1.74,0
1.18,1.78,0
1.18,1.82,0
1.18,1.86,0
1.18,1.9,0
1.18,1.94,0
1.18,1.98,0
1.22,0.02,3.23561e-10
1.22,0.06,6.99101e-09
1.22,0.1,4.79472e-08
1.22,0.14,2.0055e-07
1.22,0.18,6.6774e-07
1.22,0.22,2.13056e-06
1.22,0.26,7.22796e-06
1.22,0.3,2.63973e-05
1.22,0.34,0.000100332
1.22,0.38,0.000385053
1.22,0.42,0.00147061
1.22,0.46,0.00556835
1.22,0.5,0.0206171
1.22,0.54,0.0719154
1.22,0.58,0.231053
1.22,0.62,0.666192
1.22,0.66,1.73661
1.22,0.7,3.8989
1.22,0.74,7.82151
1.22,0.78,13.3876
1.22,0.82,20.2228
1.22,0.86,26.8924
1.22,0.9,32.4607
1.22,0.94,35.6087
1.22,0.98,35.7702
1.22,1.02,32.4947
1.22,1.06,24.202
1.22,1.1,11.3535
1.22,1.14,2.0127
1.22,1.18,0.111597
1.22,1.22,0.00212683
1.22,1.26,1.13705e-08
1.22,1.3,2.53128e-16
1.22,1.34,4.09743e-18
1.22,1.38,4.36336e-24
1.22,1.42,6.05983e-30
1.22,1.46,7.45613e-36
1.22,1.5,5.89927e-42
1.22,1.54,1.71989e-48
1.22,1.58,0
1.22,1.62,0
1.22,1.66,0
1.22,1.7,0
1.22,1.74,0
1.22,1.78,0
1.22,1.82,0
1.22,1.86,0
1.22,1.9,0
1.22,1.94,0
1.22,1.98,0
1.26,0.02,1.52549e-13
1.26,0.06,5.0088e-12
1.26,0.1,5.34922e-11
1.26,0.14,3.5982e-10
1.26,0.18,1.94889e-09
1.26,0.22,9.75049e-09
1.26,0.26,4.9038e-08
1.26,0.3,2.5521e-07
1.26,0.34,1.33172e-06
1.26,0.38,6.71205e-06
1.26,0.42,3.26591e-05
1.26,0.46,0.000156274
1.26,0.5,0.000733597
1.26,0.54,0.00320864
1.26,0.58,0.012951
1.26,0.62,0.0454615
1.26,0.66,0.148468
1.26,0.7,0.393735
1.26,0.74,1.00495
1.26,0.78,2.09301
1.26,0.82,3.86027
1.26,0.86,6.10616
1.26,0.9,8.40009
1.26,0.94,9.17414
1.26,0.98,8.01168
1.26,1.02,4.94716
1.26,1.06,1.79511
1.26,1.1,0.267842
1.26,1.14,0.0138032
1.26,1.18,0.00016249
1.26,1.22,1.71068e-09
1.26,1.26,6.89669e-17
1.26,1.3,7.88653e-19
1.26,1.34,1.27288e-24
1.26,1.38,2.22165e-30
1.26,1.42,1.24437e-32
1.26,1.46,4.73074e-38
1.26,1.5,5.86661e-44
1.26,1.54,2.20401e-50
1.26,1.58,0
1.26,1.62,0
1.26,1.66,0
1.26,1.7,0
1.26,1.74,0
1.26,1.78,0
1.26,1.82,0
1.26,1.86,0
1.26,1.9,0
1.26,1.94,0
1.26,1.98,0
1.3,0.02,2.44837e-17
1.3,0.06,1.2657e-15
1.3,0.1,2.14414e-14
1.3,0.14,2.27067e-13
1.3,0.18,1.87088e-12
1.3,0.22,1.36008e-11
1.3,0.26,9.84988e-11
1.3,0.3,7.50674e-10
1.3,0.34,5.57694e-09
1.3,0.38,3.75098e-08
1.3,0.42,2.30679e-07
1.3,0.46,1.35071e-06
1.3,0.5,7.9622e-06
1.3,0.54,4.34846e-05
1.3,0.58,0.000223695
1.3,0.62,0.000933053
1.3,0.66,0.00388727
1.3,0.7,0.0117817
1.3,0.74,0.0401586
1.3,0.78,0.100542
1.3,0.82,0.245263
1.3,0.86,0.491451
1.3,0.9,0.816989
1.3,0.94,0.777933
1.3,0.98,0.444674
1.3,1.02,0.141246
1.3,1.06,0.0196227
1.3,1.1,0.0010222
1.3,1.14,3.07048e-06
1.3,1.18,1.82269e-10
1.3,1.22,1.46484e-17
1.3,1.26,1.05177e-19
1.3,1.3,3.14087e-25
1.3,1.34,7.33607e-31
1.3,1.38,2.24527e-33
1.3,1.42,1.47515e-38
1.3,1.46,2.2585e-44
1.3,1.5,9.94821e-51
1.3,1.54,2.40327e-53
1.3,1.58,0
1.3,1.62,0
1.3,1.66,0
1.3,1.7,0
1.3,1.74,0
1.3,1.78,0
1.3,1.82,0
1.3,1.86,0
1.3,1.9,0
1.3,1.94,0
1.3,1.98,0
1.34,0.02,2.42806e-21
1.34,0.06,1.74522e-19
1.34,0.1,4.01607e-18
1.34,0.14,5.85868e-17
1.34,0.18,6.87781e-16
1.34,0.22,7.09907e-15
1.34,0.26,7.00579e-14
1.34,0.3,7.19814e-13
1.34,0.34,7.22748e-12
1.34,0.38,6.39168e-11
1.34,0.42,4.76782e-10
1.34,0.46,3.14166e-09
1.34,0.5,2.40755e-08
1.34,0.54,1.73599e-07
1.34,0.58,1.21366e-06
1.34,0.62,5.99918e-06
1.34,0.66,3.23964e-05
1.34,0.7,0.000109488
1.34,0.74,0.000506861
1.34,0.78,0.00144805
1.34,0.82,0.00485618
1.34,0.86,0.0134675
1.34,0.9,0.0254972
1.34,0.94,0.0173838
1.34,0.98,0.00562186
1.34,1.02,0.000789047
1.34,1.06,4.53557e-05
1.34,1.1,4.73741e-10
1.34,1.14,1.28315e-11
1.34,1.18,2.29905e-18
1.34,1.22,6.92652e-21
1.34,1.26,6.15952e-26
1.34,1.3,2.07261e-31
1.34,1.34,1.56039e-34
1.34,1.38,4.05444e-39
1.34,1.42,8.14063e-45
1.34,1.46,4.32596e-51
1.34,1.5,5.16729e-54
1.34,1.54,0
1.34,1.58,0
1.34,1.62,0
1.34,1.66,0
1.34,1.7,0
1.34,1.74,0
1.34,1.78,0
1.34,1.82,0
1.34,1.86,0
1.34,1.9,0
1.34,1.94,0
1.34,1.98,0
1.38,0.02,9.63555e-26
1.38,0.06,9.47848e-24
1.38,0.1,2.84196e-22
1.38,0.14,5.11478e-21
1.38,0.18,7.2928e-20
1.38,0.22,9.39686e-19
1.38,0.26,1.24643e-17
1.38,0.3,1.8755e-16
1.38,0.34,2.67873e-15
1.38,0.38,3.14999e-14
1.38,0.42,2.91449e-13
1.38,0.46,2.28544e-12
1.38,0.5,2.38754e-11
1.38,0.54,2.10641e-10
1.38,0.58,2.0739e-09
1.38,0.62,1.21082e-08
1.38,0.66,8.7357e-08
1.38,0.7,3.28154e-07
1.38,0.74,2.0753e-06
1.38,0.78,5.78003e-06
1.38,0.82,3.02162e-05
1.38,0.86,0.000130203
1.38,0.9,0.000256344
1.38,0.94,0.000109466
1.38,0.98,1.57868e-05
1.38,1.02,1.1287e-06
1.38,1.06,2.56995e-11
1.38,1.1,5.45217e-13
1.38,1.14,2.5622e-19
1.38,1.18,7.12469e-25
1.38,1.22,9.00479e-27
1.38,1.26,4.77689e-32
1.38,1.3,1.54278e-37
1.38,1.34,9.2781e-40
1.38,1.38,2.64059e-45
1.38,1.42,1.75852e-51
1.38,1.46,1.89753e-55
1.38,1.5,0
1.38,1.54,0
1.38,1.58,0
1.38,1.62,0
1.38,1.66,0
1.38,1.7,0
1.38,1.74,0
1.38,1.78,0
1.38,1.82,0
1.38,1.86,0
1.38,1.9,0
1.38,1.94,0
1.38,1.98,0
1.42,0.02,1.61512e-30
1.42,0.06,2.43708e-28
1.42,0.1,1.09744e-26
1.42,0.14,2.72527e-25
1.42,0.18,4.85778e-24
1.42,0.22,7.44952e-23
1.42,0.26,9.9585e-22
1.42,0.3,1.23239e-20
1.42,0.34,1.65539e-19
1.42,0.38,2.39086e-18
1.42,0.42,2.88517e-17
1.42,0.46,3.08326e-16
1.42,0.5,4.99682e-15
1.42,0.54,5.58858e-14
1.42,0.58,1.03188e-12
1.42,0.62,7.67737e-12
1.42,0.66,7.34057e-11
1.42,0.7,3.08284e-10
1.42,0.74,2.68349e-09
1.42,0.78,6.82833e-09
1.42,0.82,5.90745e-08
1.42,0.86,4.4673e-07
1.42,0.9,8.19173e-07
1.42,0.94,1.77548e-07
1.42,0.98,1.38777e-08
1.42,1.02,8.60131e-13
1.42,1.06,1.1504e-14
1.42,1.1,1.94795e-20
1.42,1.14,9.60627e-26
1.42,1.18,9.1035e-28
1.42,1.22,8.6012e-33
1.42,1.26,4.00382e-38
1.42,1.3,1.63469e-40
1.42,1.34,7.3999e-46
1.42,1.38,6.44558e-52
1.42,1.42,0
1.42,1.46,0
1.42,1.5,0
1.42,1.54,0
1.42,1.58,0
1.42,1.62,0
1.42,1.66,0
1.42,1.7,0
1.42,1.74,0
1.42,1.78,0
1.42,1.82,0
1.42,1.86,0
1.42,1.9,0
1.42,1.94,0
1.42,1.98,0
1.46,0.02,3.72795e-36
1.46,0.06,8.98422e-34
1.46,0.1,6.66218e-32
1.46,0.14,2.77301e-30
1.46,0.18,7.83375e-29
1.46,0.22,1.59948e-27
1.46,0.26,2.3513e-26
1.46,0.3,4.90906e-25
1.46,0.34,1.37251e-23
1.46,0.38,2.85539e-22
1.46,0.42,3.86861e-21
1.46,0.46,3.6677e-20
1.46,0.5,2.5349e-19
1.46,0.54,1.39801e-18
1.46,0.58,1.49346e-16
1.46,0.62,1.3687e-15
1.46,0.66,2.15468e-14
1.46,0.7,1.02487e-13
1.46,0.74,1.12498e-12
1.46,0.78,3.02928e-12
1.46,0.82,3.3881e-11
1.46,0.86,5.06874e-10
1.46,0.9,7.39043e-10
1.46,0.94,6.48997e-11
1.46,0.98,1.65669e-14
1.46,1.02,1.80183e-17
1.46,1.06,9.58333e-22
1.46,1.1,9.16604e-27
1.46,1.14,5.5819e-29
1.46,1.18,1.16483e-33
1.46,1.22,8.29819e-39
1.46,1.26,1.90657e-41
1.46,1.3,1.72034e-46
1.46,1.34,2.05908e-52
1.46,1.38,0
1.46,1.42,0
1.46,1.46,0
1.46,1.5,0
1.46,1.54,0
1.46,1.58,0
1.46,1.62,0
1.46,1.66,0
1.46,1.7,0
1.46,1.74,0
1.46,1.78,0
1.46,1.82,0
1.46,1.86,0
1.46,1.9,0
1.46,1.94,0
1.46,1.98,0
1.5,0.02,8.76878e-41
1.5,0.06,2.63709e-38
1.5,0.1,2.25968e-36
1.5,0.14,9.80938e-35
1.5,0.18,2.57053e-33
1.5,0.22,4.65736e-32
1.5,0.26,6.71988e-31
1.5,0.3,8.28145e-30
1.5,0.34,8.36186e-29
1.5,0.38,8.1412e-28
1.5,0.42,9.23845e-27
1.5,0.46,9.25898e-26
1.5,0.5,6.50064e-25
1.5,0.54,3.17967e-24
1.5,0.58,1.98834e-21
1.5,0.62,2.05517e-20
1.5,0.66,2.18938e-19
1.5,0.7,1.03947e-18
1.5,0.74,6.24254e-18
1.5,0.78,1.69317e-17
1.5,0.82,9.45208e-17
1.5,0.86,1.51863e-13
1.5,0.9,4.23588e-14
1.5,0.94,1.62851e-16
1.5,0.98,1.03636e-21
1.5,1.02,2.81491e-23
1.5,1.06,5.99156e-28
1.5,1.1,1.24054e-30
1.5,1.14,1.14154e-34
1.5,1.18,1.34611e-39
1.5,1.22,6.88689e-43
1.5,1.26,3.18402e-47
1.5,1.3,5.55934e-53
1.5,1.34,0
1.5,1.38,0
1.5,1.42,0
1.5,1.46,0
1.5,1.5,0
1.5,1.54,0
1.5,1.58,0
1.5,1.62,0
1.5,1.66,0
1.5,1.7,0
1.5,1.74,0
1.5,1.78,0
1.5,1.82,0
1.5,1.86,0
1.5,1.9,0
1.5,1.94,0
1.5,1.98,0
1.54,0.02,8.10768e-47
1.54,0.06,3.91044e-44
1.54,0.1,5.9403e-42
1.54,0.14,4.67676e-40
1.54,0.18,2.235e-38
1.54,0.22,7.44934e-37
1.54,0.26,1.81478e-35
1.54,0.3,3.15184e-34
1.54,0.34,3.81252e-33
1.54,0.38,4.78484e-32
1.54,0.42,7.36059e-31
1.54,0.46,9.63431e-30
1.54,0.5,8.78339e-29
1.54,0.54,5.72151e-28
1.54,0.58,3.4403e-27
1.54,0.62,1.81313e-26
1.54,0.66,6.99578e-24
1.54,0.7,4.7361e-23
1.54,0.74,7.6438e-22
1.54,0.78,2.63583e-21
1.54,0.82,2.71463e-20
1.54,0.86,2.58674e-19
1.54,0.9,5.62792e-19
1.54,0.94,1.67458e-23
1.54,0.98,4.2715e-25
1.54,1.02,2.55e-29
1.54,1.06,7.60419e-34
1.54,1.1,7.71115e-36
1.54,1.14,1.65953e-40
1.54,1.18,1.16268e-45
1.54,1.22,4.47084e-48
1.54,1.26,1.2325e-53
1.54,1.3,0
1.54,1.34,0
1.54,1.38,0
1.54,1.42,0
1.54,1.46,0
1.54,1.5,0
1.54,1.54,0
1.54,1.58,0
1.54,1.62,0
1.54,1.66,0
1.54,1.7,0
1.54,1.74,0
1.54,1.78,0
1.54,1.82,0
1.54,1.86,0
1.54,1.9,0
1.54,1.94,0
1.54,1.98,0
1.58,0.02,7.02939e-53
1.58,0.06,4.98852e-50
1.58,0.1,1.0548e-47
1.58,0.14,1.0418e-45
1.58,0.18,5.49868e-44
1.58,0.22,1.71817e-42
1.58,0.26,4.36162e-41
1.58,0.3,1.14608e-39
1.58,0.34,2.38702e-38
1.58,0.38,4.05889e-37
1.58,0.42,5.80795e-36
1.58,0.46,7.30226e-35
1.58,0.5,7.26818e-34
1.58,0.54,5.11753e-33
1.58,0.58,2.46269e-32
1.58,0.62,8.41964e-32
1.58,0.66,1.87521e-29
1.58,0.7,1.37446e-28
1.58,0.74,8.59747e-28
1.58,0.78,2.53849e-27
1.58,0.82,1.09274e-26
1.58,0.86,1.26404e-23
1.58,0.9,9.69483e-26
1.58,0.94,2.30534e-27
1.58,0.98,6.4299e-31
1.58,1.02,4.00047e-35
1.58,1.06,3.33438e-37
1.58,1.1,1.49964e-41
1.58,1.14,1.65411e-46
1.58,1.18,4.42298e-49
1.58,1.22,2.17922e-54
1.58,1.26,0
1.58,1.3,0
1.58,1.34,0
1.58,1.38,0
1.58,1.42,0
1.58,1.46,0
1.58,1.5,0
1.58,1.54,0
1.58,1.58,0
1.58,1.62,0
1.58,1.66,0
1.58,1.7,0
1.58,1.74,0
1.58,1.78,0
1.58,1.82,0
1.58,1.86,0
1.58,1.9,0
1.58,1.94,0
1.58,1.98,0
1.62,0.02,3.64974e-59
1.62,0.06,5.2679e-56
1.62,0.1,1.28202e-53
1.62,0.14,2.61735e-51
1.62,0.18,3.2004e-49
1.62,0.22,1.90146e-47
1.62,0.26,8.30876e-46
1.62,0.3,2.86801e-44
1.62,0.34,6.82327e-43
1.62,0.38,1.06881e-41
1.62,0.42,1.1202e-40
1.62,0.46,9.6031e-40
1.62,0.5,8.0453e-39
1.62,0.54,6.25583e-38
1.62,0.58,3.83308e-37
1.62,0.62,1.99979e-36
1.62,0.66,5.54656e-35
1.62,0.7,4.04822e-34
1.62,0.74,2.15458e-33
1.62,0.78,6.21915e-33
1.62,0.82,1.94102e-32
1.62,0.86,2.86372e-32
1.62,0.9,1.09005e-31
1.62,0.94,8.11669e-33
1.62,0.98,1.27317e-36
1.62,1.02,7.98284e-39
1.62,1.06,9.49037e-43
1.62,1.1,1.73968e-47
1.62,1.14,2.61377e-50
1.62,1.18,2.97736e-55
1.62,1.22,0
1.62,1.26,0
1.62,1.3,0
1.62,1.34,0
1.62,1.38,0
1.62,1.42,0
1.62,1.46,0
1.62,1.5,0
1.62,1.54,0
1.62,1.58,0
1.62,1.62,0
1.62,1.66,0
1.62,1.7,0
1.62,1.74,0
1.62,1.78,0
1.62,1.82,0
1.62,1.86,0
1.62,1.9,0
1.62,1.94,0
1.62,1.98,0
1.66,0.02,1.22209e-65
1.66,0.06,2.05988e-62
1.66,0.1,5.49554e-60
1.66,0.14,3.37303e-57
1.66,0.18,5.70096e-55
1.66,0.22,3.90669e-53
1.66,0.26,1.39904e-51
1.66,0.3,2.9846e-50
1.66,0.34,9.859e-49
1.66,0.38,3.39845e-47
1.66,0.42,6.56329e-46
1.66,0.46,2.09693e-44
1.66,0.5,4.19592e-43
1.66,0.54,4.66612e-42
1.66,0.58,3.18203e-41
1.66,0.62,1.44694e-40
1.66,0.66,2.37545e-39
1.66,0.7,1.7342e-38
1.66,0.74,1.72868e-37
1.66,0.78,6.73243e-37
1.66,0.82,3.38628e-36
1.66,0.86,5.90638e-36
1.66,0.9,3.43257e-35
1.66,0.94,2.09653e-38
1.66,0.98,6.42401e-41
1.66,1.02,3.935e-44
1.66,1.06,1.30348e-48
1.66,1.1,2.94562e-52
1.66,1.14,3.02362e-56
1.66,1.18,0
1.66,1.22,0
1.66,1.26,0
1.66,1.3,0
1.66,1.34,0
1.66,1.38,0
1.66,1.42,0
1.66,1.46,0
1.66,1.5,0
1.66,1.54,0
1.66,1.58,0
1.66,1.62,0
1.66,1.66,0
1.66,1.7,0
1.66,1.74,0
1.66,1.78,0
1.66,1.82,0
1.66,1.86,0
1.66,1.9,0
1.66,1.94,0
1.66,1.98,0
1.7,0.02,0
1.7,0.06,0
1.7,0.1,0
1.7,0.14,0
1.7,0.18,2.36486e-64
1.7,0.22,1.54858e-60
1.7,0.26,1.72004e-58
1.7,0.3,7.48195e-57
1.7,0.34,1.8417e-54
1.7,0.38,9.31818e-53
1.7,0.42,2.0092e-51
1.7,0.46,7.70123e-50
1.7,0.5,1.67031e-48
1.7,0.54,2.18644e-47
1.7,0.58,1.8415e-46
1.7,0.62,1.00871e-45
1.7,0.66,2.02396e-44
1.7,0.7,1.58204e-43
1.7,0.74,1.61416e-42
1.7,0.78,6.62463e-42
1.7,0.82,2.2593e-41
1.7,0.86,3.51923e-41
1.7,0.9,1.18657e-40
1.7,0.94,5.45689e-44
1.7,0.98,9.60392e-46
1.7,1.02,6.42569e-50
1.7,1.06,6.02655e-55
1.7,1.1,2.16857e-57
1.7,1.14,0
1.7,1.18,0
1.7,1.22,0
1.7,1.26,0
1.7,1.3,0
1.7,1.34,0
1.7,1.38,0
1.7,1.42,0
1.7,1.46,0
1.7,1.5,0
1.7,1.54,0
1.7,1.58,0
1.7,1.62,0
1.7,1.66,0
1.7,1.7,0
1.7,1.74,0
1.7,1.78,0
1.7,1.82,0
1.7,1.86,0
1.7,1.9,0
1.7,1.94,0
1.7,1.98,0
1.74,0.02,0
1.74,0.06,0
1.74,0.1,0
1.74,0.14,0
1.74,0.18,0
1.74,0.22,5.28464e-66
1.74,0.26,6.13817e-64
1.74,0.3,2.97322e-62
1.74,0.34,2.71411e-60
1.74,0.38,1.20926e-58
1.74,0.42,4.27204e-57
1.74,0.46,9.62129e-56
1.74,0.5,1.27472e-54
1.74,0.54,2.31347e-53
1.74,0.58,3.12747e-52
1.74,0.62,2.80675e-51
1.74,0.66,1.6592e-50
1.74,0.7,8.1541e-50
1.74,0.74,5.29049e-48
1.74,0.78,2.88008e-47
1.74,0.82,9.34321e-47
1.74,0.86,1.40761e-46
1.74,0.9,3.51455e-46
1.74,0.94,1.13191e-47
1.74,0.98,1.85112e-51
1.74,1.02,3.09602e-56
1.74,1.06,1.02327e-58
1.74,1.1,0
1.74,1.14,0
1.74,1.18,0
1.74,1.22,0
1.74,1.26,0
1.74,1.3,0
1.74,1.34,0
1.74,1.38,0
1.74,1.42,0
1.74,1.46,0
1.74,1.5,0
1.74,1.54,0
1.74,1.58,0
1.74,1.62,0
1.74,1.66,0
1.74,1.7,0
1.74,1.74,0
1.74,1.78,0
1.74,1.82,0
1.74,1.86,0
1.74,1.9,0
1.74,1.94,0
1.74,1.98,0
1.78,0.02,0
1.78,0.06,0
1.78,0.1,0
1.78,0.14,0
1.78,0.18,0
1.78,0.22,0
1.78,0.26,0
1.78,0.3,0
1.78,0.34,7.0693e-66
1.78,0.38,4.0928e-64
1.78,0.42,1.20028e-62
1.78,0.46,2.17971e-61
1.78,0.5,2.51601e-60
1.78,0.54,5.55156e-58
1.78,0.58,1.1332e-56
1.78,0.62,1.04121e-55
1.78,0.66,5.52389e-55
1.78,0.7,1.90863e-54
1.78,0.74,1.5875e-52
1.78,0.78,9.12259e-52
1.78,0.82,4.96232e-51
1.78,0.86,9.85012e-51
1.78,0.9,3.97604e-50
1.78,0.94,2.53629e-53
1.78,0.98,9.00676e-58
1.78,1.02,2.84702e-60
1.78,1.06,0
1.78,1.1,0
1.78,1.14,0
1.78,1.18,0
1.78,1.22,0
1.78,1.26,0
1.78,1.3,0
1.78,1.34,0
1.78,1.38,0
1.78,1.42,0
1.78,1.46,0
1.78,1.5,0
1.78,1.54,0
1.78,1.58,0
1.78,1.62,0
1.78,1.66,0
1.78,1.7,0
1.78,1.74,0
1.78,1.78,0
1.78,1.82,0
1.78,1.86,0
1.78,1.9,0
1.78,1.94,0
1.78,1.98,0
1.82,0.02,0
1.82,0.06,0
1.82,0.1,0
1.82,0.14,0
1.82,0.18,0
1.82,0.22,0
1.82,0.26,0
1.82,0.3,0
1.82,0.34,0
1.82,0.38,0
1.82,0.42,0
1.82,0.46,0
1.82,0.5,0
1.82,0.54,4.1995e-64
1.82,0.58,9.06557e-63
1.82,0.62,8.59211e-62
1.82,0.66,4.67239e-61
1.82,0.7,1.62829e-60
1.82,0.74,8.0556e-58
1.82,0.78,4.88981e-57
1.82,0.82,2.01976e-56
1.82,0.86,3.62172e-56
1.82,0.9,9.97763e-56
1.82,0.94,1.18665e-59
1.82,0.98,3.90699e-62
1.82,1.02,0
1.82,1.06,0
1.82,1.1,0
1.82,1.14,0
1.82,1.18,0
1.82,1.22,0
1.82,1.26,0
1.82,1.3,0
1.82,1.34,0
1.82,1.38,0
1.82,1.42,0
1.82,1.46,0
1.82,1.5,0
1.82,1.54,0
1.82,1.58,0
1.82,1.62,0
1.82,1.66,0
1.82,1.7,0
1.82,1.74,0
1.82,1.78,0
1.82,1.82,0
1.82,1.86,0
1.82,1.9,0
1.82,1.94,0
1.82,1.98,0
1.86,0.02,0
1.86,0.06,0
1.86,0.1,0
1.86,0.14,0
1.86,0.18,0
1.86,0.22,0
1.86,0.26,0
1.86,0.3,0
1.86,0.34,0
1.86,0.38,0
1.86,0.42,0
1.86,0.46,0
1.86,0.5,0
1.86,0.54,0
1.86,0.58,0
1.86,0.62,0
1.86,0.66,0
1.86,0.7,0
1.86,0.74,3.85312e-64
1.86,0.78,2.41818e-63
1.86,0.82,9.77406e-63
1.86,0.86,1.75415e-62
1.86,0.9,4.13625e-62
1.86,0.94,1.76667e-64
1.86,0.98,0
1.86,1.02,0
1.86,1.06,0
1.86,1.1,0
1.86,1.14,0
1.86,1.18,0
1.86,1.22,0
1.86,1.26,0
1.86,1.3,0
1.86,1.34,0
1.86,1.38,0
1.86,1.42,0
1.86,1.46,0
1.86,1.5,0
1.86,1.54,0
1.86,1.58,0
1.86,1.62,0
1.86,1.66,0
1.86,1.7,0
1.86,1.74,0
1.86,1.78,0
1.86,1.82,0
1.86,1.86,0
1.86,1.9,0
1.86,1.94,0
1.86,1.98,0
1.9,0.02,0
1.9,0.06,0
1.9,0.1,0
1.9,0.14,0
1.9,0.18,0
1.9,0.22,0
1.9,0.26,0
1.9,0.3,0
1.9,0.34,0
1.9,0.38,0
1.9,0.42,0
1.9,0.46,0
1.9,0.5,0
1.9,0.54,0
1.9,0.58,0
1.9,0.62,0
1.9,0.66,0
1.9,0.7,0
1.9,0.74,0
1.9,0.78,0
1.9,0.82,0
1.9,0.86,0
1.9,0.9,8.70843e-69
1.9,0.94,0
1.9,0.98,0
1.9,1.02,0
1.9,1.06,0
1.9,1.1,0
1.9,1.14,0
1.9,1.18,0
1.9,1.22,0
1.9,1.26,0
1.9,1.3,0
1.9,1.34,0
1.9,1.38,0
1.9,1.42,0
1.9,1.46,0
1.9,1.5,0
1.9,1.54,0
1.9,1.58,0
1.9,1.62,0
1.9,1.66,0
1.9,1.7,0
1.9,1.74,0
1.9,1.78,0
1.9,1.82,0
1.9,1.86,0
1.9,1.9,0
1.9,1.94,0
1.9,1.98,0
1.94,0.02,0
1.94,0.06,0
1.94,0.1,0
1.94,0.14,0
1.94,0.18,0
1.94,0.22,0
1.94,0.26,0
1.94,0.3,0
1.94,0.34,0
1.94,0.38,0
1.94,0.42,0
1.94,0.46,0
1.94,0.5,0
1.94,0.54,0
1.94,0.58,0
1.94,0.62,0
1.94,0.66,0
1.94,0.7,0
1.94,0.74,0
1.94,0.78,0
1.94,0.82,0
1.94,0.86,0
1.94,0.9,0
1.94,0.94,0
1.94,0.98,0
1.94,1.02,0
1.94,1.06,0
1.94,1.1,0
1.94,1.14,0
1.94,1.18,0
1.94,1.22,0
1.94,1.26,0
1.94,1.3,0
1.94,1.34,0
1.94,1.38,0
1.94,1.42,0
1.94,1.46,0
1.94,1.5,0
1.94,1.54,0
1.94,1.58,0
1.94,1.62,0
1.94,1.66,0
1.94,1.7,0
1.94,1.74,0
1.94,1.78,0
1.94,1.82,0
1.94,1.86,0
1.94,1.9,0
1.94,1.94,0
1.94,1.98,0
1.98,0.02,0
1.98,0.06,0
1.98,0.1,0
1.98,0.14,0
1.98,0.18,0
1.98,0.22,0
1.98,0.26,0
1.98,0.3,0
1.98,0.34,0
1.98,0.38,0
1.98,0.42,0
1.98,0.46,0
1.98,0.5,0
1.98,0.54,0
1.98,0.58,0
1.98,0.62,0
1.98,0.66,0
1.98,0.7,0
1.98,0.74,0
1.98,0.78,0
1.98,0.82,0
1.98,0.86,0
1.98,0.9,0
1.98,0.94,0
1.98,0.98,0
1.98,1.02,0
1.98,1.06,0
1.98,1.1,0
1.98,1.14,0
1.98,1.18,0
1.98,1.22,0
1.98,1.26,0
1.98,1.3,0
1.98,1.34,0
1.98,1.38,0
1.98,1.42,0
1.98,1.46,0
1.98,1.5,0
1.98,1.54,0
1.98,1.58,0
1.98,1.62,0
1.98,1.66,0
1.98,1.7,0
1.98,1.74,0
1.98,1.78,0
1.98,1.82,0
1.98,1.86,0
1.98,1.9,0
1.98,1.94,0
1.98,1.98,0
