0.02,0.02,9.41134e-73
0.02,0.06,1.0305e-69
0.02,0.1,2.03932e-67
0.02,0.14,3.05067e-64
0.02,0.18,3.65743e-62
0.02,0.22,2.72485e-60
0.02,0.26,1.12154e-58
0.02,0.3,2.55698e-57
0.02,0.34,6.64413e-55
0.02,0.38,2.1079e-53
0.02,0.42,3.48301e-52
0.02,0.46,3.5427e-51
0.02,0.5,1.07675e-49
0.02,0.54,3.84512e-48
0.02,0.58,3.87527e-47
0.02,0.62,6.19174e-45
0.02,0.66,4.6528e-44
0.02,0.7,4.80528e-43
0.02,0.74,3.78788e-42
0.02,0.78,1.61616e-41
0.02,0.82,2.02424e-38
0.02,0.86,4.17088e-38
0.02,0.9,9.4008e-37
0.02,0.94,1.47921e-35
0.02,0.98,1.53993e-35
0.02,1.02,2.3637e-39
0.02,1.06,1.29237e-43
0.02,1.1,2.4402e-45
0.02,1.14,4.88144e-50
0.02,1.18,2.51963e-55
0.02,1.22,5.64969e-58
0.02,1.26,1.21936e-63
0.02,1.3,0
0.02,1.34,0
0.02,1.38,0
0.02,1.42,0
0.02,1.46,0
0.02,1.5,0
0.02,1.54,0
0.02,1.58,0
0.02,1.62,0
0.02,1.66,0
0.02,1.7,0
0.02,1.74,0
0.02,1.78,0
0.02,1.82,0
0.02,1.86,0
0.02,1.9,0
0.02,1.94,0
0.02,1.98,0
0.06,0.02,6.35248e-66
0.06,0.06,6.94482e-63
0.06,0.1,1.44935e-60
0.06,0.14,1.18439e-57
0.06,0.18,1.37438e-55
0.06,0.22,9.75539e-54
0.06,0.26,3.90267e-52
0.06,0.3,8.88048e-51
0.06,0.34,1.66335e-48
0.06,0.38,5.15214e-47
0.06,0.42,8.82908e-46
0.06,0.46,9.4354e-45
0.06,0.5,6.88512e-44
0.06,0.54,9.25167e-42
0.06,0.58,1.06101e-40
0.06,0.62,1.41229e-39
0.06,0.66,8.41317e-39
0.06,0.7,4.12586e-38
0.06,0.74,1.9369e-35
0.06,0.78,8.90785e-35
0.06,0.82,2.75501e-33
0.06,0.86,6.00233e-33
0.06,0.9,4.84601e-32
0.06,0.94,1.877e-27
0.06,0.98,1.93257e-28
0.06,1.02,5.44792e-32
0.06,1.06,2.13754e-36
0.06,1.1,1.02416e-38
0.06,1.14,8.74087e-43
0.06,1.18,9.20364e-48
0.06,1.22,3.01722e-53
0.06,1.26,8.67958e-56
0.06,1.3,1.04178e-61
0.06,1.34,0
0.06,1.38,0
0.06,1.42,0
0.06,1.46,0
0.06,1.5,0
0.06,1.54,0
0.06,1.58,0
0.06,1.62,0
0.06,1.66,0
0.06,1.7,0
0.06,1.74,0
0.06,1.78,0
0.06,1.82,0
0.06,1.86,0
0.06,1.9,0
0.06,1.94,0
0.06,1.98,0
0.1,0.02,2.3442e-60
0.1,0.06,2.47995e-57
0.1,0.1,6.93057e-55
0.1,0.14,7.02835e-52
0.1,0.18,8.20139e-50
0.1,0.22,5.97101e-48
0.1,0.26,2.43236e-46
0.1,0.3,5.70307e-45
0.1,0.34,1.13302e-42
0.1,0.38,3.51385e-41
0.1,0.42,6.49558e-40
0.1,0.46,7.45111e-39
0.1,0.5,5.93779e-38
0.1,0.54,1.63238e-35
0.1,0.58,1.81025e-34
0.1,0.62,2.85142e-33
0.1,0.66,1.7412e-32
0.1,0.7,1.04322e-31
0.1,0.74,4.40393e-28
0.1,0.78,1.5092e-27
0.1,0.82,7.94989e-26
0.1,0.86,1.55847e-25
0.1,0.9,2.27705e-24
0.1,0.94,1.45006e-20
0.1,0.98,3.78525e-23
0.1,1.02,2.1419e-24
0.1,1.06,2.33823e-29
0.1,1.1,3.57772e-34
0.1,1.14,2.85555e-36
0.1,1.18,7.00176e-41
0.1,1.22,4.33992e-46
0.1,1.26,9.58057e-52
0.1,1.3,3.10316e-54
0.1,1.34,2.43915e-60
0.1,1.38,0
0.1,1.42,0
0.1,1.46,0
0.1,1.5,0
0.1,1.54,0
0.1,1.58,0
0.1,1.62,0
0.1,1.66,0
0.1,1.7,0
0.1,1.74,0
0.1,1.78,0
0.1,1.82,0
0.1,1.86,0
0.1,1.9,0
0.1,1.94,0
0.1,1.98,0
0.14,0.02,1.06499e-54
0.14,0.06,1.06661e-51
0.14,0.1,2.36572e-49
0.14,0.14,6.73641e-47
0.14,0.18,6.72637e-45
0.14,0.22,7.91813e-43
0.14,0.26,4.12225e-41
0.14,0.3,1.15037e-39
0.14,0.34,2.96412e-37
0.14,0.38,9.25474e-36
0.14,0.42,2.30859e-34
0.14,0.46,3.25615e-33
0.14,0.5,3.27251e-32
0.14,0.54,3.80117e-29
0.14,0.58,4.19992e-28
0.14,0.62,1.26187e-26
0.14,0.66,8.4332e-26
0.14,0.7,8.33353e-25
0.14,0.74,5.59385e-22
0.14,0.78,1.86449e-21
0.14,0.82,1.91089e-19
0.14,0.86,3.62575e-19
0.14,0.9,9.53631e-18
0.14,0.94,1.77427e-16
0.14,0.98,2.24975e-16
0.14,1.02,2.99514e-20
0.14,1.06,1.33744e-21
0.14,1.1,3.17274e-27
0.14,1.14,2.30272e-32
0.14,1.18,2.12001e-34
0.14,1.22,2.43398e-39
0.14,1.26,9.63121e-45
0.14,1.3,1.49994e-50
0.14,1.34,5.04767e-53
0.14,1.38,2.88385e-59
0.14,1.42,0
0.14,1.46,0
0.14,1.5,0
0.14,1.54,0
0.14,1.58,0
0.14,1.62,0
0.14,1.66,0
0.14,1.7,0
0.14,1.74,0
0.14,1.78,0
0.14,1.82,0
0.14,1.86,0
0.14,1.9,0
0.14,1.94,0
0.14,1.98,0
0.18,0.02,3.00321e-49
0.18,0.06,2.85778e-46
0.18,0.1,4.81271e-44
0.18,0.14,1.63107e-41
0.18,0.18,1.7636e-39
0.18,0.22,8.42552e-38
0.18,0.26,2.22586e-36
0.18,0.3,6.28543e-35
0.18,0.34,8.8222e-33
0.18,0.38,2.64122e-31
0.18,0.42,7.70167e-30
0.18,0.46,1.16969e-28
0.18,0.5,1.29448e-26
0.18,0.54,9.68878e-25
0.18,0.58,1.06172e-23
0.18,0.62,1.34332e-22
0.18,0.66,7.74989e-22
0.18,0.7,3.97265e-19
0.18,0.74,1.76772e-17
0.18,0.78,8.054e-17
0.18,0.82,1.87017e-15
0.18,0.86,4.04603e-15
0.18,0.9,5.41332e-14
0.18,0.94,5.75119e-13
0.18,0.98,9.28117e-13
0.18,1.02,1.71795e-13
0.18,1.06,6.45269e-18
0.18,1.1,2.48069e-19
0.18,1.14,1.9093e-25
0.18,1.18,7.38446e-31
0.18,1.22,6.97198e-33
0.18,1.26,4.58226e-38
0.18,1.3,1.23578e-43
0.18,1.34,1.41289e-49
0.18,1.38,4.58892e-52
0.18,1.42,2.08083e-58
0.18,1.46,0
0.18,1.5,0
0.18,1.54,0
0.18,1.58,0
0.18,1.62,0
0.18,1.66,0
0.18,1.7,0
0.18,1.74,0
0.18,1.78,0
0.18,1.82,0
0.18,1.86,0
0.18,1.9,0
0.18,1.94,0
0.18,1.98,0
0.22,0.02,4.14648e-44
0.22,0.06,3.83935e-41
0.22,0.1,6.48066e-39
0.22,0.14,3.16816e-36
0.22,0.18,3.59628e-34
0.22,0.22,1.76968e-32
0.22,0.26,4.82877e-31
0.22,0.3,8.31337e-30
0.22,0.34,8.12133e-27
0.22,0.38,2.6131e-25
0.22,0.42,4.96956e-24
0.22,0.46,5.77735e-23
0.22,0.5,5.17679e-22
0.22,0.54,5.83571e-19
0.22,0.58,6.17014e-18
0.22,0.62,1.21341e-16
0.22,0.66,7.39706e-16
0.22,0.7,7.32471e-15
0.22,0.74,9.65239e-14
0.22,0.78,4.07382e-13
0.22,0.82,4.87513e-12
0.22,0.86,1.04573e-11
0.22,0.9,9.72683e-11
0.22,0.94,6.3168e-10
0.22,0.98,1.10055e-09
0.22,1.02,3.59956e-10
0.22,1.06,3.68016e-11
0.22,1.1,5.78335e-16
0.22,1.14,1.96528e-17
0.22,1.18,6.05994e-24
0.22,1.22,1.35822e-29
0.22,1.26,1.22141e-31
0.22,1.3,5.24773e-37
0.22,1.34,1.02187e-42
0.22,1.38,8.8933e-49
0.22,1.42,2.5282e-51
0.22,1.46,1.00439e-57
0.22,1.5,0
0.22,1.54,0
0.22,1.58,0
0.22,1.62,0
0.22,1.66,0
0.22,1.7,0
0.22,1.74,0
0.22,1.78,0
0.22,1.82,0
0.22,1.86,0
0.22,1.9,0
0.22,1.94,0
0.22,1.98,0
0.26,0.02,6.79565e-39
0.26,0.06,4.21233e-36
0.26,0.1,6.14951e-34
0.26,0.14,5.53306e-31
0.26,0.18,6.67036e-29
0.26,0.22,3.80718e-27
0.26,0.26,1.24145e-25
0.26,0.3,2.64307e-24
0.26,0.34,1.26457e-21
0.26,0.38,4.01526e-20
0.26,0.42,9.87116e-19
0.26,0.46,1.35156e-17
0.26,0.5,1.63203e-16
0.26,0.54,4.50217e-15
0.26,0.58,4.3495e-14
0.26,0.62,5.10698e-13
0.26,0.66,2.76432e-12
0.26,0.7,1.94616e-11
0.26,0.74,1.6189e-10
0.26,0.78,6.30333e-10
0.26,0.82,4.63298e-09
0.26,0.86,9.92243e-09
0.26,0.9,5.96438e-08
0.26,0.94,2.66789e-07
0.26,0.98,4.57805e-07
0.26,1.02,2.15654e-07
0.26,1.06,4.31831e-08
0.26,1.1,3.20248e-09
0.26,1.14,2.61807e-14
0.26,1.18,7.83723e-16
0.26,1.22,1.12294e-22
0.26,1.26,1.56388e-28
0.26,1.3,1.24066e-30
0.26,1.34,3.92538e-36
0.26,1.38,5.8337e-42
0.26,1.42,4.0013e-48
0.26,1.46,8.17346e-51
0.26,1.5,3.3801e-57
0.26,1.54,0
0.26,1.58,0
0.26,1.62,0
0.26,1.66,0
0.26,1.7,0
0.26,1.74,0
0.26,1.78,0
0.26,1.82,0
0.26,1.86,0
0.26,1.9,0
0.26,1.94,0
0.26,1.98,0
0.3,0.02,3.29908e-34
0.3,0.06,2.18745e-31
0.3,0.1,4.48842e-29
0.3,0.14,8.04585e-27
0.3,0.18,7.05067e-25
0.3,0.22,6.05204e-23
0.3,0.26,6.48863e-21
0.3,0.3,2.85784e-19
0.3,0.34,1.2731e-17
0.3,0.38,2.96606e-16
0.3,0.42,5.25549e-15
0.3,0.46,6.10353e-14
0.3,0.5,6.10202e-13
0.3,0.54,9.12899e-12
0.3,0.58,7.67666e-11
0.3,0.62,6.33896e-10
0.3,0.66,3.02219e-09
0.3,0.7,1.64012e-08
0.3,0.74,9.72536e-08
0.3,0.78,3.39497e-07
0.3,0.82,1.65441e-06
0.3,0.86,3.38521e-06
0.3,0.9,1.42045e-05
0.3,0.94,4.66737e-05
0.3,0.98,7.4912e-05
0.3,1.02,4.56222e-05
0.3,1.06,1.42814e-05
0.3,1.1,2.2048e-06
0.3,1.14,1.33396e-07
0.3,1.18,6.65945e-13
0.3,1.22,1.7093e-14
0.3,1.26,1.29589e-21
0.3,1.3,1.19761e-27
0.3,1.34,7.36493e-30
0.3,1.38,2.00024e-35
0.3,1.42,2.40748e-41
0.3,1.46,1.34817e-47
0.3,1.5,8.92402e-51
0.3,1.54,7.8348e-57
0.3,1.58,0
0.3,1.62,0
0.3,1.66,0
0.3,1.7,0
0.3,1.74,0
0.3,1.78,0
0.3,1.82,0
0.3,1.86,0
0.3,1.9,0
0.3,1.94,0
0.3,1.98,0
0.34,0.02,2.63113e-29
0.34,0.06,2.73271e-26
0.34,0.1,6.95025e-24
0.34,0.14,8.52895e-22
0.34,0.18,5.61939e-20
0.34,0.22,2.2456e-18
0.34,0.26,7.72803e-17
0.34,0.3,2.07557e-15
0.34,0.34,4.75404e-14
0.34,0.38,7.88517e-13
0.34,0.42,1.00371e-11
0.34,0.46,9.59094e-11
0.34,0.5,7.63004e-10
0.34,0.54,6.78042e-09
0.34,0.58,4.55116e-08
0.34,0.62,2.77396e-07
0.34,0.66,1.14754e-06
0.34,0.7,4.94786e-06
0.34,0.74,2.22064e-05
0.34,0.78,6.74221e-05
0.34,0.82,0.000239378
0.34,0.86,0.000529495
0.34,0.9,0.00143722
0.34,0.94,0.00351236
0.34,0.98,0.00512056
0.34,1.02,0.00374022
0.34,1.06,0.00163364
0.34,1.1,0.000420523
0.34,1.14,5.53151e-05
0.34,1.18,2.88516e-06
0.34,1.22,1.01591e-11
0.34,1.26,2.10144e-13
0.34,1.3,9.7072e-21
0.34,1.34,6.37874e-27
0.34,1.38,2.12811e-29
0.34,1.42,7.02969e-35
0.34,1.46,7.38386e-41
0.34,1.5,3.51509e-47
0.34,1.54,4.71181e-54
0.34,1.58,1.1018e-56
0.34,1.62,0
0.34,1.66,0
0.34,1.7,0
0.34,1.74,0
0.34,1.78,0
0.34,1.82,0
0.34,1.86,0
0.34,1.9,0
0.34,1.94,0
0.34,1.98,0
0.38,0.02,5.50259e-25
0.38,0.06,2.89176e-22
0.38,0.1,4.96019e-20
0.38,0.14,4.34076e-18
0.38,0.18,2.17081e-16
0.38,0.22,6.81918e-15
0.38,0.26,1.60456e-13
0.38,0.3,3.07909e-12
0.38,0.34,4.85658e-11
0.38,0.38,5.93133e-10
0.38,0.42,5.67589e-09
0.38,0.46,4.45603e-08
0.38,0.5,2.97103e-07
0.38,0.54,1.85571e-06
0.38,0.58,9.62333e-06
0.38,0.62,4.48269e-05
0.38,0.66,0.000166729
0.38,0.7,0.000588377
0.38,0.74,0.00202346
0.38,0.78,0.00525799
0.38,0.82,0.0143979
0.38,0.86,0.0299879
0.38,0.9,0.0605704
0.38,0.94,0.115313
0.38,0.98,0.152022
0.38,1.02,0.126578
0.38,1.06,0.0716742
0.38,1.1,0.0271412
0.38,1.14,0.00629585
0.38,1.18,0.000732006
0.38,1.22,3.35526e-05
0.38,1.26,9.71809e-11
0.38,1.3,1.39734e-12
0.38,1.34,4.82558e-20
0.38,1.38,2.44608e-26
0.38,1.42,1.97185e-32
0.38,1.46,1.66412e-34
0.38,1.5,1.70856e-40
0.38,1.54,7.34051e-47
0.38,1.58,8.71735e-54
0.38,1.62,1.49208e-57
0.38,1.66,0
0.38,1.7,0
0.38,1.74,0
0.38,1.78,0
0.38,1.82,0
0.38,1.86,0
0.38,1.9,0
0.38,1.94,0
0.38,1.98,0
0.42,0.02,2.94556e-21
0.42,0.06,8.89364e-19
0.42,0.1,8.99473e-17
0.42,0.14,5.44655e-15
0.42,0.18,2.11293e-13
0.42,0.22,5.36122e-12
0.42,0.26,9.57173e-11
0.42,0.3,1.32277e-09
0.42,0.34,1.5011e-08
0.42,0.38,1.38884e-07
0.42,0.42,1.03805e-06
0.42,0.46,6.49937e-06
0.42,0.5,3.52826e-05
0.42,0.54,0.000171848
0.42,0.58,0.000719293
0.42,0.62,0.00269452
0.42,0.66,0.00882931
0.42,0.7,0.0262197
0.42,0.74,0.072327
0.42,0.78,0.161707
0.42,0.82,0.356548
0.42,0.86,0.653897
0.42,0.9,1.06834
0.42,0.94,1.6454
0.42,0.98,1.98339
0.42,1.02,1.81483
0.42,1.06,1.27494
0.42,1.1,0.663061
0.42,1.14,0.237707
0.42,1.18,0.0515278
0.42,1.22,0.00527448
0.42,1.26,0.000210575
0.42,1.3,6.04493e-10
0.42,1.34,3.82056e-12
0.42,1.38,1.60455e-19
0.42,1.42,6.99048e-26
0.42,1.46,4.75917e-32
0.42,1.5,2.28816e-34
0.42,1.54,2.96965e-40
0.42,1.58,1.23872e-46
0.42,1.62,1.34233e-53
0.42,1.66,0
0.42,1.7,0
0.42,1.74,0
0.42,1.78,0
0.42,1.82,0
0.42,1.86,0
0.42,1.9,0
0.42,1.94,0
0.42,1.98,0
0.46,0.02,4.65816e-18
0.46,0.06,1.10821e-15
0.46,0.1,7.82628e-14
0.46,0.14,3.01927e-12
0.46,0.18,7.65896e-11
0.46,0.22,1.38099e-09
0.46,0.26,1.84672e-08
0.46,0.3,1.91113e-07
0.46,0.34,1.60124e-06
0.46,0.38,1.11534e-05
0.46,0.42,6.49927e-05
0.46,0.46,0.000323192
0.46,0.5,0.00141503
0.46,0.54,0.00555705
0.46,0.58,0.0192352
0.46,0.62,0.0598269
0.46,0.66,0.168407
0.46,0.7,0.426878
0.46,0.74,0.984881
0.46,0.78,1.93079
0.46,0.82,3.54224
0.46,0.86,5.616
0.46,0.9,7.90671
0.46,0.94,10.2863
0.46,0.98,11.6283
0.46,1.02,11.309
0.46,1.06,9.40267
0.46,1.1,6.42081
0.46,1.14,3.34499
0.46,1.18,1.19075
0.46,1.22,0.241738
0.46,1.26,0.0210053
0.46,1.3,0.00070042
0.46,1.34,2.55495e-09
0.46,1.38,2.17187e-17
0.46,1.42,3.45641e-19
0.46,1.46,1.53467e-25
0.46,1.5,9.28137e-32
0.46,1.54,4.77387e-38
0.46,1.58,3.63247e-40
0.46,1.62,1.66762e-46
0.46,1.66,1.76267e-53
0.46,1.7,0
0.46,1.74,0
0.46,1.78,0
0.46,1.82,0
0.46,1.86,0
0.46,1.9,0
0.46,1.94,0
0.46,1.98,0
0.5,0.02,2.71474e-15
0.5,0.06,4.22956e-13
0.5,0.1,2.00618e-11
0.5,0.14,5.2949e-10
0.5,0.18,9.35217e-09
0.5,0.22,1.20577e-07
0.5,0.26,1.18947e-06
0.5,0.3,9.28416e-06
0.5,0.34,5.91934e-05
0.5,0.38,0.000316962
0.5,0.42,0.00145121
0.5,0.46,0.00577545
0.5,0.5,0.0204562
0.5,0.54,0.0656661
0.5,0.58,0.190613
0.5,0.62,0.50335
0.5,0.66,1.21764
0.5,0.7,2.67319
0.5,0.74,5.30586
0.5,0.78,9.27331
0.5,0.82,14.6689
0.5,0.86,20.6771
0.5,0.9,26.4848
0.5,0.94,31.2321
0.5,0.98,34.0809
0.5,1.02,34.3538
0.5,1.06,31.7693
0.5,1.1,26.2962
0.5,1.14,18.5116
0.5,1.18,10.1053
0.5,1.22,3.69672
0.5,1.26,0.710868
0.5,1.3,0.050353
0.5,1.34,0.00109978
0.5,1.38,7.68867e-09
0.5,1.42,5.09599e-17
0.5,1.46,3.77652e-19
0.5,1.5,2.55341e-25
0.5,1.54,1.49797e-31
0.5,1.58,7.11295e-38
0.5,1.62,2.12673e-40
0.5,1.66,1.70271e-46
0.5,1.7,1.90517e-53
0.5,1.74,0
0.5,1.78,0
0.5,1.82,0
0.5,1.86,0
0.5,1.9,0
0.5,1.94,0
0.5,1.98,0
0.54,0.02,5.59436e-13
0.54,0.06,5.98086e-11
0.54,0.1,1.95758e-09
0.54,0.14,3.58102e-08
0.54,0.18,4.41697e-07
0.54,0.22,4.04933e-06
0.54,0.26,2.92124e-05
0.54,0.3,0.000171343
0.54,0.34,0.000837015
0.54,0.38,0.00349641
0.54,0.42,0.0127954
0.54,0.46,0.0417602
0.54,0.5,0.123794
0.54,0.54,0.338612
0.54,0.58,0.855031
0.54,0.62,1.98452
0.54,0.66,4.22963
0.54,0.7,8.19339
0.54,0.74,14.3078
0.54,0.78,22.3914
0.54,0.82,31.7794
0.54,0.86,41.4213
0.54,0.9,50.1897
0.54,0.94,57.0905
0.54,0.98,61.2016
0.54,1.02,62.7977
0.54,1.06,61.4521
0.54,1.1,56.6193
0.54,1.14,47.823
0.54,1.18,35.1164
0.54,1.22,20.2544
0.54,1.26,7.67762
0.54,1.3,1.38527
0.54,1.34,0.0877455
0.54,1.38,0.000250656
0.54,1.42,5.28959e-06
0.54,1.46,9.80077e-17
0.54,1.5,2.09698e-23
0.54,1.54,3.05643e-25
0.54,1.58,2.04608e-31
0.54,1.62,9.31558e-38
0.54,1.66,2.35012e-44
0.54,1.7,1.04078e-46
0.54,1.74,1.59066e-53
0.54,1.78,0
0.54,1.82,0
0.54,1.86,0
0.54,1.9,0
0.54,1.94,0
0.54,1.98,0
0.58,0.02,6.18657e-11
0.58,0.06,4.34114e-09
0.58,0.1,9.39589e-08
0.58,0.14,1.15944e-06
0.58,0.18,9.88028e-06
0.58,0.22,6.40304e-05
0.58,0.26,0.000334806
0.58,0.3,0.00147152
0.58,0.34,0.00559629
0.58,0.38,0.0188624
0.58,0.42,0.0576686
0.58,0.46,0.162212
0.58,0.5,0.4227
0.58,0.54,1.02751
0.58,0.58,2.32721
0.58,0.62,4.86281
0.58,0.66,9.30061
0.58,0.7,16.1431
0.58,0.74,25.3071
0.58,0.78,36.0583
0.58,0.82,47.4138
0.58,0.86,58.5455
0.58,0.9,68.7262
0.58,0.94,76.3949
0.58,0.98,80.7365
0.58,1.02,83.0507
0.58,1.06,83.4628
0.58,1.1,81.4093
0.58,1.14,75.987
0.58,1.18,65.97
0.58,1.22,50.3935
0.58,1.26,30.3181
0.58,1.3,12.0159
0.58,1.34,2.19975
0.58,1.38,0.152121
0.58,1.42,0.00347727
0.58,1.46,6.19115e-05
0.58,1.5,1.63666e-16
0.58,1.54,3.22718e-23
0.58,1.58,1.96774e-25
0.58,1.62,2.32089e-31
0.58,1.66,1.10109e-37
0.58,1.7,2.66459e-44
0.58,1.74,1.91336e-51
0.58,1.78,0
0.58,1.82,0
0.58,1.86,0
0.58,1.9,0
0.58,1.94,0
0.58,1.98,0
0.62,0.02,4.32609e-09
0.62,0.06,1.86698e-07
0.62,0.1,2.56246e-06
0.62,0.14,2.0843e-05
0.62,0.18,0.000121687
0.62,0.22,0.000561248
0.62,0.26,0.00217069
0.62,0.3,0.00735044
0.62,0.34,0.0225229
0.62,0.38,0.0636321
0.62,0.42,0.167799
0.62,0.46,0.417513
0.62,0.5,0.980516
0.62,0.54,2.16766
0.62,0.58,4.48844
0.62,0.62,8.59313
0.62,0.66,15.0216
0.62,0.7,23.8429
0.62,0.74,34.4503
0.62,0.78,45.8926
0.62,0.82,57.134
0.62,0.86,67.3743
0.62,0.9,76.198
0.62,0.94,83.3589
0.62,0.98,88.3457
0.62,1.02,90.9905
0.62,1.06,92.4651
0.62,1.1,92.7083
0.62,1.14,91.2181
0.62,1.18,86.736
0.62,1.22,77.193
0.62,1.26,60.736
0.62,1.3,38.3505
0.62,1.34,18.0046
0.62,1.38,4.70265
0.62,1.42,0.538183
0.62,1.46,0.0279779
0.62,1.5,7.07713e-06
0.62,1.54,2.54673e-16
0.62,1.58,4.63147e-23
0.62,1.62,1.53248e-29
0.62,1.66,4.81801e-36
0.62,1.7,9.5447e-43
0.62,1.74,6.21255e-50
0.62,1.78,0
0.62,1.82,0
0.62,1.86,0
0.62,1.9,0
0.62,1.94,0
0.62,1.98,0
0.66,0.02,1.89388e-07
0.66,0.06,5.00241e-06
0.66,0.1,4.37631e-05
0.66,0.14,0.000238303
0.66,0.18,0.000974892
0.66,0.22,0.00329408
0.66,0.26,0.00996142
0.66,0.3,0.0279576
0.66,0.34,0.0718116
0.66,0.38,0.17274
0.66,0.42,0.394526
0.66,0.46,0.862744
0.66,0.5,1.81226
0.66,0.54,3.63011
0.66,0.58,6.87972
0.66,0.62,12.1653
0.66,0.66,19.7621
0.66,0.7,29.2817
0.66,0.74,39.8041
0.66,0.78,50.3745
0.66,0.82,60.1543
0.66,0.86,68.7338
0.66,0.9,76.0286
0.66,0.94,82.147
0.66,0.98,87.2341
0.66,1.02,90.2414
0.66,1.06,91.6714
0.66,1.1,92.5352
0.66,1.14,93.1337
0.66,1.18,93.3193
0.66,1.22,91.2285
0.66,1.26,83.3859
0.66,1.3,67.6003
0.66,1.34,47.5494
0.66,1.38,30.2603
0.66,1.42,12.063
0.66,1.46,1.68124
0.66,1.5,0.0899018
0.66,1.54,1.7664e-14
0.66,1.58,1.38874e-21
0.66,1.62,3.34503e-28
0.66,1.66,8.9713e-35
0.66,1.7,1.65259e-41
0.66,1.74,1.05555e-48
0.66,1.78,0
0.66,1.82,0
0.66,1.86,0
0.66,1.9,0
0.66,1.94,0
0.66,1.98,0
0.7,0.02,5.32091e-06
0.7,0.06,8.70914e-05
0.7,0.1,0.000502154
0.7,0.14,0.00193103
0.7,0.18,0.00590599
0.7,0.22,0.016219
0.7,0.26,0.0406838
0.7,0.3,0.0928881
0.7,0.34,0.198135
0.7,0.38,0.403811
0.7,0.42,0.797823
0.7,0.46,1.53515
0.7,0.5,2.88194
0.7,0.54,5.2278
0.7,0.58,9.05541
0.7,0.62,14.7633
0.7,0.66,22.3543
0.7,0.7,31.2602
0.7,0.74,40.6142
0.7,0.78,49.6434
0.7,0.82,57.8165
0.7,0.86,64.853
0.7,0.9,70.681
0.7,0.94,75.2784
0.7,0.98,78.93
0.7,1.02,81.5667
0.7,1.06,83.364
0.7,1.1,84.5855
0.7,1.14,85.7648
0.7,1.18,87.6218
0.7,1.22,90.436
0.7,1.26,91.9254
0.7,1.3,86.5525
0.7,1.34,74.0075
0.7,1.38,60.1686
0.7,1.42,46.6246
0.7,1.46,22.7306
0.7,1.5,3.49678
0.7,1.54,0.0867761
0.7,1.58,2.09427e-20
0.7,1.62,3.95353e-27
0.7,1.66,9.61712e-34
0.7,1.7,1.72564e-40
0.7,1.74,1.12161e-47
0.7,1.78,0
0.7,1.82,0
0.7,1.86,0
0.7,1.9,0
0.7,1.94,0
0.7,1.98,0
0.74,0.02,9.83922e-05
0.74,0.06,0.00108272
0.74,0.1,0.00432238
0.74,0.14,0.0125556
0.74,0.18,0.0309017
0.74,0.22,0.0697326
0.74,0.26,0.142883
0.74,0.3,0.269283
0.74,0.34,0.481574
0.74,0.38,0.834873
0.74,0.42,1.42392
0.74,0.46,2.40222
0.74,0.5,4.00657
0.74,0.54,6.54651
0.74,0.58,10.3394
0.74,0.62,15.5699
0.74,0.66,22.135
0.74,0.7,29.5987
0.74,0.74,37.3287
0.74,0.78,44.7331
0.74,0.82,51.3486
0.74,0.86,56.8683
0.74,0.9,61.3257
0.74,0.94,64.8183
0.74,0.98,67.5091
0.74,1.02,69.4166
0.74,1.06,70.8267
0.74,1.1,72.0664
0.74,1.14,73.6172
0.74,1.18,76.0529
0.74,1.22,80.0708
0.74,1.26,85.7233
0.74,1.3,89.332
0.74,1.34,88.301
0.74,1.38,80.1312
0.74,1.42,71.5062
0.74,1.46,60.1592
0.74,1.5,31.6773
0.74,1.54,4.16397
0.74,1.58,2.01018e-19
0.74,1.62,2.9217e-26
0.74,1.66,6.65784e-33
0.74,1.7,1.19933e-39
0.74,1.74,8.14047e-47
0.74,1.78,0
0.74,1.82,0
0.74,1.86,0
0.74,1.9,0
0.74,1.94,0
0.74,1.98,0
0.78,0.02,0.0014712
0.78,0.06,0.0115838
0.78,0.1,0.0315048
0.78,0.14,0.0718805
0.78,0.18,0.145143
0.78,0.22,0.267768
0.78,0.26,0.450923
0.78,0.3,0.709018
0.78,0.34,1.06902
0.78,0.38,1.57532
0.78,0.42,2.30123
0.78,0.46,3.361
0.78,0.5,4.91757
0.78,0.54,7.1673
0.78,0.58,10.2884
0.78,0.62,14.3621
0.78,0.66,19.3042
0.78,0.7,24.8504
0.78,0.74,30.6187
0.78,0.78,36.1237
0.78,0.82,41.0126
0.78,0.86,45.1299
0.78,0.9,48.4515
0.78,0.94,51.0557
0.78,0.98,53.0962
0.78,1.02,54.6043
0.78,1.06,55.94
0.78,1.1,57.3763
0.78,1.14,59.2095
0.78,1.18,61.8883
0.78,1.22,66.0986
0.78,1.26,72.5613
0.78,1.3,80.0776
0.78,1.34,84.6709
0.78,1.38,85.2633
0.78,1.42,83.0019
0.78,1.46,77.5008
0.78,1.5,69.7648
0.78,1.54,34.8653
0.78,1.58,1.31878e-18
0.78,1.62,1.43935e-25
0.78,1.66,3.1635e-32
0.78,1.7,5.87929e-39
0.78,1.74,4.26759e-46
0.78,1.78,0
0.78,1.82,0
0.78,1.86,0
0.78,1.9,0
0.78,1.94,0
0.78,1.98,0
0.82,0.02,255
0.82,0.06,0.48788
0.82,0.1,0.174702
0.82,0.14,0.3612
0.82,0.18,0.626334
0.82,0.22,0.968401
0.82,0.26,1.37066
0.82,0.3,1.82782
0.82,0.34,2.34304
0.82,0.38,2.93019
0.82,0.42,3.62092
0.82,0.46,4.47398
0.82,0.5,5.58492
0.82,0.54,7.07805
0.82,0.58,9.0628
0.82,0.62,11.5782
0.82,0.66,14.5619
0.82,0.7,17.9047
0.82,0.74,21.324
0.82,0.78,24.5804
0.82,0.82,27.483
0.82,0.86,29.9175
0.82,0.9,31.861
0.82,0.94,33.4836
0.82,0.98,35.3559
0.82,1.02,37.3975
0.82,1.06,39.5537
0.82,1.1,41.8029
0.82,1.14,44.0449
0.82,1.18,46.7915
0.82,1.22,50.8845
0.82,1.26,57.1845
0.82,1.3,65.6647
0.82,1.34,73.8246
0.82,1.38,78.811
0.82,1.42,79.9513
0.82,1.46,78.1682
0.82,1.5,75.9107
0.82,1.54,76.8434
0.82,1.58,1.56505
0.82,1.62,4.90836e-25
0.82,1.66,1.07342e-31
0.82,1.7,2.11608e-38
0.82,1.74,1.68513e-45
0.82,1.78,0
0.82,1.82,0
0.82,1.86,0
0.82,1.9,0
0.82,1.94,0
0.82,1.98,0
0.86,0.02,255
0.86,0.06,171.839
0.86,0.1,103.919
0.86,0.14,80.4641
0.86,0.18,71.2322
0.86,0.22,66.888
0.86,0.26,64.6049
0.86,0.3,63.9661
0.86,0.34,63.9342
0.86,0.38,63.2091
0.86,0.42,60.6784
0.86,0.46,54.2283
0.86,0.5,42.0453
0.86,0.54,27.7608
0.86,0.58,18.7054
0.86,0.62,14.9146
0.86,0.66,13.7679
0.86,0.7,13.7274
0.86,0.74,14.0504
0.86,0.78,16.9487
0.86,0.82,21.7421
0.86,0.86,28.4589
0.86,0.9,34.845
0.86,0.94,40.9483
0.86,0.98,46.0391
0.86,1.02,49.5745
0.86,1.06,51.7334
0.86,1.1,52.3471
0.86,1.14,52.1889
0.86,1.18,51.5212
0.86,1.22,50.3498
0.86,1.26,50.4221
0.86,1.3,53.797
0.86,1.34,60.5663
0.86,1.38,67.4532
0.86,1.42,71.7166
0.86,1.46,72.8434
0.86,1.5,73.3667
0.86,1.54,83.3914
0.86,1.58,23.2006
0.86,1.62,1.20059e-24
0.86,1.66,2.67787e-31
0.86,1.7,5.76106e-38
0.86,1.74,5.19707e-45
0.86,1.78,0
0.86,1.82,0
0.86,1.86,0
0.86,1.9,0
0.86,1.94,0
0.86,1.98,0
0.9,0.02,255
0.9,0.06,251.773
0.9,0.1,243.474
0.9,0.14,232.087
0.9,0.18,222.448
0.9,0.22,214.618
0.9,0.26,207.783
0.9,0.3,200.639
0.9,0.34,191.756
0.9,0.38,181.958
0.9,0.42,173.705
0.9,0.46,168.685
0.9,0.5,166.971
0.9,0.54,167.272
0.9,0.58,168.016
0.9,0.62,167.658
0.9,0.66,165.033
0.9,0.7,159.91
0.9,0.74,152.584
0.9,0.78,143.688
0.9,0.82,134.352
0.9,0.86,125.581
0.9,0.9,118.177
0.9,0.94,112.595
0.9,0.98,108.866
0.9,1.02,106.884
0.9,1.06,106.757
0.9,1.1,108.462
0.9,1.14,111.894
0.9,1.18,109.686
0.9,1.22,107.59
0.9,1.26,101.977
0.9,1.3,95.1391
0.9,1.34,88.8162
0.9,1.38,85.0658
0.9,1.42,83.9388
0.9,1.46,84.7154
0.9,1.5,88.0057
0.9,1.54,95.12
0.9,1.58,65.803
0.9,1.62,2.13111e-24
0.9,1.66,4.92306e-31
0.9,1.7,1.19898e-37
0.9,1.74,1.29868e-44
0.9,1.78,0
0.9,1.82,0
0.9,1.86,0
0.9,1.9,0
0.9,1.94,0
0.9,1.98,0
0.94,0.02,255
0.94,0.06,178.723
0.94,0.1,97.9532
0.94,0.14,60.5303
0.94,0.18,44.416
0.94,0.22,34.9595
0.94,0.26,27.4021
0.94,0.3,21.0643
0.94,0.34,16.6427
0.94,0.38,14.0756
0.94,0.42,12.7
0.94,0.46,11.9455
0.94,0.5,11.491
0.94,0.54,11.2127
0.94,0.58,11.1314
0.94,0.62,11.3765
0.94,0.66,12.1453
0.94,0.7,13.6438
0.94,0.74,16.1401
0.94,0.78,19.5602
0.94,0.82,23.5826
0.94,0.86,27.8089
0.94,0.9,31.8391
0.94,0.94,35.3825
0.94,0.98,38.2745
0.94,1.02,40.4531
0.94,1.06,41.947
0.94,1.1,42.7865
0.94,1.14,43.0118
0.94,1.18,48.6833
0.94,1.22,56.5294
0.94,1.26,66.0232
0.94,1.3,75.6101
0.94,1.34,83.1391
0.94,1.38,87.6363
0.94,1.42,89.8905
0.94,1.46,91.3101
0.94,1.5,93.7425
0.94,1.54,98.3736
0.94,1.58,34.5232
0.94,1.62,1.46804e-24
0.94,1.66,3.51591e-31
0.94,1.7,8.34628e-38
0.94,1.74,8.83049e-45
0.94,1.78,0
0.94,1.82,0
0.94,1.86,0
0.94,1.9,0
0.94,1.94,0
0.94,1.98,0
0.98,0.02,255
0.98,0.06,53.8322
0.98,0.1,0.689453
0.98,0.14,0.815974
0.98,0.18,1.15165
0.98,0.22,1.49199
0.98,0.26,1.78854
0.98,0.3,2.04485
0.98,0.34,2.2791
0.98,0.38,2.51557
0.98,0.42,2.78528
0.98,0.46,3.13463
0.98,0.5,3.63843
0.98,0.54,4.41659
0.98,0.58,5.6505
0.98,0.62,7.58604
0.98,0.66,10.4998
0.98,0.7,14.6068
0.98,0.74,19.9257
0.98,0.78,26.184
0.98,0.82,32.8551
0.98,0.86,39.2014
0.98,0.9,44.7127
0.98,0.94,49.1594
0.98,0.98,52.467
0.98,1.02,54.689
0.98,1.06,55.9472
0.98,1.1,56.4019
0.98,1.14,56.1537
0.98,1.18,55.3787
0.98,1.22,54.8371
0.98,1.26,55.503
0.98,1.3,58.2679
0.98,1.34,63.4523
0.98,1.38,70.3624
0.98,1.42,77.1713
0.98,1.46,82.6694
0.98,1.5,87.4355
0.98,1.54,91.7269
0.98,1.58,4.07059
0.98,1.62,7.93116e-25
0.98,1.66,1.8862e-31
0.98,1.7,4.27065e-38
0.98,1.74,4.27619e-45
0.98,1.78,0
0.98,1.82,0
0.98,1.86,0
0.98,1.9,0
0.98,1.94,0
0.98,1.98,0
1.02,0.02,255
1.02,0.06,0.0435986
1.02,0.1,0.126838
1.02,0.14,0.208088
1.02,0.18,0.307749
1.02,0.22,0.409992
1.02,0.26,0.502883
1.02,0.3,0.593702
1.02,0.34,0.698624
1.02,0.38,0.8375
1.02,0.42,1.0393
1.02,0.46,1.35143
1.02,0.5,1.8564
1.02,0.54,2.70243
1.02,0.58,4.13793
1.02,0.62,6.53176
1.02,0.66,10.3268
1.02,0.7,15.8578
1.02,0.74,23.0825
1.02,0.78,31.4356
1.02,0.82,40.0134
1.02,0.86,47.9845
1.02,0.9,54.8039
1.02,0.94,60.062
1.02,0.98,63.8842
1.02,1.02,66.4319
1.02,1.06,67.874
1.02,1.1,68.3804
1.02,1.14,67.9028
1.02,1.18,66.743
1.02,1.22,65.1784
1.02,1.26,63.5713
1.02,1.3,62.4335
1.02,1.34,62.4438
1.02,1.38,64.3431
1.02,1.42,68.6038
1.02,1.46,74.9829
1.02,1.5,83.7096
1.02,1.54,67.0658
1.02,1.58,3.02103e-18
1.02,1.62,3.29715e-25
1.02,1.66,7.66424e-32
1.02,1.7,1.64356e-38
1.02,1.74,1.5452e-45
1.02,1.78,0
1.02,1.82,0
1.02,1.86,0
1.02,1.9,0
1.02,1.94,0
1.02,1.98,0
1.06,0.02,0.00114398
1.06,0.06,0.00829356
1.06,0.1,0.0203126
1.06,0.14,0.0375769
1.06,0.18,0.0584758
1.06,0.22,0.0810666
1.06,0.26,0.105735
1.06,0.3,0.136928
1.06,0.34,0.182352
1.06,0.38,0.252394
1.06,0.42,0.366129
1.06,0.46,0.5601
1.06,0.5,0.906751
1.06,0.54,1.55181
1.06,0.58,2.76175
1.06,0.62,4.98158
1.06,0.66,8.8284
1.06,0.7,14.8866
1.06,0.74,23.2469
1.06,0.78,33.1484
1.06,0.82,43.347
1.06,0.86,52.7817
1.06,0.9,60.8085
1.06,0.94,67.1667
1.06,0.98,71.8976
1.06,1.02,75.1194
1.06,1.06,77.0661
1.06,1.1,78.0571
1.06,1.14,77.4658
1.06,1.18,75.8031
1.06,1.22,74.0401
1.06,1.26,72.2259
1.06,1.3,70.2675
1.06,1.34,68.6481
1.06,1.38,68.2368
1.06,1.42,70.243
1.06,1.46,76.334
1.06,1.5,83.7543
1.06,1.54,20.9633
1.06,1.58,7.88678e-19
1.06,1.62,9.95702e-26
1.06,1.66,2.28032e-32
1.06,1.7,4.66714e-39
1.06,1.74,4.14188e-46
1.06,1.78,0
1.06,1.82,0
1.06,1.86,0
1.06,1.9,0
1.06,1.94,0
1.06,1.98,0
1.1,0.02,8.42997e-05
1.1,0.06,0.000723077
1.1,0.1,0.00219175
1.1,0.14,0.00451283
1.1,0.18,0.0075153
1.1,0.22,0.0113083
1.1,0.26,0.01668
1.1,0.3,0.025108
1.1,0.34,0.0392931
1.1,0.38,0.0646343
1.1,0.42,0.111611
1.1,0.46,0.202895
1.1,0.5,0.388991
1.1,0.54,0.780639
1.1,0.58,1.60125
1.1,0.62,3.26963
1.1,0.66,6.45775
1.1,0.7,11.9751
1.1,0.74,20.2667
1.1,0.78,30.8125
1.1,0.82,42.2743
1.1,0.86,53.311
1.1,0.9,62.8833
1.1,0.94,70.5368
1.1,0.98,76.2903
1.1,1.02,80.3433
1.1,1.06,82.8629
1.1,1.1,83.655
1.1,1.14,82.9837
1.1,1.18,81.7554
1.1,1.22,80.3137
1.1,1.26,78.474
1.1,1.3,76.2618
1.1,1.34,74.2663
1.1,1.38,73.4607
1.1,1.42,75.1502
1.1,1.46,77.0503
1.1,1.5,46.9721
1.1,1.54,1.55577
1.1,1.58,1.38768e-19
1.1,1.62,2.04263e-26
1.1,1.66,4.724e-33
1.1,1.7,9.40716e-40
1.1,1.74,7.99724e-47
1.1,1.78,0
1.1,1.82,0
1.1,1.86,0
1.1,1.9,0
1.1,1.94,0
1.1,1.98,0
1.14,0.02,3.93726e-06
1.14,0.06,3.9554e-05
1.14,0.1,0.000137711
1.14,0.14,0.000311193
1.14,0.18,0.000568832
1.14,0.22,0.000980442
1.14,0.26,0.00174582
1.14,0.3,0.00326986
1.14,0.34,0.00637714
1.14,0.38,0.0129018
1.14,0.42,0.0272771
1.14,0.46,0.0603007
1.14,0.5,0.139047
1.14,0.54,0.328122
1.14,0.58,0.777397
1.14,0.62,1.80348
1.14,0.66,3.98021
1.14,0.7,8.13377
1.14,0.74,15.0079
1.14,0.78,24.6801
1.14,0.82,36.2715
1.14,0.86,48.405
1.14,0.9,59.7392
1.14,0.94,69.1515
1.14,0.98,76.4067
1.14,1.02,81.4786
1.14,1.06,84.4482
1.14,1.1,85.2912
1.14,1.14,85.2191
1.14,1.18,84.5274
1.14,1.22,83.2844
1.14,1.26,81.5367
1.14,1.3,79.4693
1.14,1.34,77.346
1.14,1.38,75.2518
1.14,1.42,70.2702
1.14,1.46,42.4113
1.14,1.5,7.02541
1.14,1.54,0.00268985
1.14,1.58,1.52556e-20
1.14,1.62,2.63277e-27
1.14,1.66,6.3815e-34
1.14,1.7,1.27346e-40
1.14,1.74,1.06132e-47
1.14,1.78,0
1.14,1.82,0
1.14,1.86,0
1.14,1.9,0
1.14,1.94,0
1.14,1.98,0
1.18,0.02,5.34895e-08
1.18,0.06,7.03728e-07
1.18,0.1,3.05738e-06
1.18,0.14,8.38023e-06
1.18,0.18,1.88372e-05
1.18,0.22,4.1847e-05
1.18,0.26,0.000100045
1.18,0.3,0.000254556
1.18,0.34,0.000670478
1.18,0.38,0.00180692
1.18,0.42,0.00497163
1.18,0.46,0.0139624
1.18,0.5,0.0396089
1.18,0.54,0.1111
1.18,0.58,0.302148
1.18,0.62,0.785418
1.18,0.66,1.92419
1.18,0.7,4.35019
1.18,0.74,8.89038
1.18,0.78,16.1983
1.18,0.82,26.1733
1.18,0.86,37.8095
1.18,0.9,49.7026
1.18,0.94,60.7046
1.18,0.98,69.974
1.18,1.02,76.6563
1.18,1.06,80.3016
1.18,1.1,82.0477
1.18,1.14,82.8088
1.18,1.18,82.6974
1.18,1.22,81.791
1.18,1.26,79.8625
1.18,1.3,76.1861
1.18,1.34,69.5011
1.18,1.38,59.1628
1.18,1.42,25.707
1.18,1.46,3.62044
1.18,1.5,0.185315
1.18,1.54,1.45851e-14
1.18,1.58,8.97436e-22
1.18,1.62,1.91024e-28
1.18,1.66,5.126e-35
1.18,1.7,1.06974e-41
1.18,1.74,9.03611e-49
1.18,1.78,0
1.18,1.82,0
1.18,1.86,0
1.18,1.9,0
1.18,1.94,0
1.18,1.98,0
1.22,0.02,1.21875e-10
1.22,0.06,2.38654e-09
1.22,0.1,1.54277e-08
1.22,0.14,6.40811e-08
1.22,0.18,2.2329e-07
1.22,0.22,7.64315e-07
1.22,0.26,2.72692e-06
1.22,0.3,1.00566e-05
1.22,0.34,3.75471e-05
1.22,0.38,0.000140843
1.22,0.42,0.0005301
1.22,0.46,0.00197537
1.22,0.5,0.00709735
1.22,0.54,0.0240791
1.22,0.58,0.0765892
1.22,0.62,0.228625
1.22,0.66,0.636983
1.22,0.7,1.62774
1.22,0.74,3.76602
1.22,0.78,7.77983
1.22,0.82,14.2843
1.22,0.86,23.1636
1.22,0.9,33.5681
1.22,0.94,44.2265
1.22,0.98,53.8304
1.22,1.02,61.6515
1.22,1.06,66.5154
1.22,1.1,69.6344
1.22,1.14,71.2763
1.22,1.18,71.381
1.22,1.22,69.4667
1.22,1.26,64.0739
1.22,1.3,53.1602
1.22,1.34,33.2732
1.22,1.38,7.18196
1.22,1.42,0.513364
1.22,1.46,0.0144689
1.22,1.5,9.53599e-05
1.22,1.54,1.47243e-16
1.22,1.58,2.07983e-23
1.22,1.62,6.36067e-30
1.22,1.66,2.08975e-36
1.22,1.7,4.89631e-43
1.22,1.74,4.41744e-50
1.22,1.78,0
1.22,1.82,0
1.22,1.86,0
1.22,1.9,0
1.22,1.94,0
1.22,1.98,0
1.26,0.02,8.07399e-14
1.26,0.06,2.45845e-12
1.26,0.1,2.56462e-11
1.26,0.14,1.78011e-10
1.26,0.18,1.04359e-09
1.26,0.22,5.82908e-09
1.26,0.26,3.23441e-08
1.26,0.3,1.76844e-07
1.26,0.34,9.43315e-07
1.26,0.38,4.95113e-06
1.26,0.42,2.56458e-05
1.26,0.46,0.000128103
1.26,0.5,0.00059783
1.26,0.54,0.00255805
1.26,0.58,0.0100333
1.26,0.62,0.0362929
1.26,0.66,0.120335
1.26,0.7,0.359203
1.26,0.74,0.966109
1.26,0.78,2.30057
1.26,0.82,4.92903
1.26,0.86,9.19665
1.26,0.9,15.3237
1.26,0.94,22.5428
1.26,0.98,29.9695
1.26,1.02,36.5427
1.26,1.06,41.576
1.26,1.1,44.6782
1.26,1.14,45.7298
1.26,1.18,43.8791
1.26,1.22,38.3085
1.26,1.26,26.8312
1.26,1.3,11.1753
1.26,1.34,1.53658
1.26,1.38,0.0678657
1.26,1.42,0.000340958
1.26,1.46,1.69628e-07
1.26,1.5,3.22683e-17
1.26,1.54,6.90856e-24
1.26,1.58,1.2694e-26
1.26,1.62,4.80794e-32
1.26,1.66,2.86745e-38
1.26,1.7,9.13193e-45
1.26,1.74,9.88329e-52
1.26,1.78,0
1.26,1.82,0
1.26,1.86,0
1.26,1.9,0
1.26,1.94,0
1.26,1.98,0
1.3,0.02,2.19778e-17
1.3,0.06,1.0706e-15
1.3,0.1,1.80932e-14
1.3,0.14,2.03488e-13
1.3,0.18,1.93445e-12
1.3,0.22,1.74866e-11
1.3,0.26,1.51716e-10
1.3,0.3,1.22162e-09
1.3,0.34,9.14185e-09
1.3,0.38,6.57633e-08
1.3,0.42,4.59939e-07
1.3,0.46,3.03363e-06
1.3,0.5,1.81945e-05
1.3,0.54,9.80809e-05
1.3,0.58,0.000482315
1.3,0.62,0.0021813
1.3,0.66,0.00900152
1.3,0.7,0.0327417
1.3,0.74,0.106897
1.3,0.78,0.298716
1.3,0.82,0.773008
1.3,0.86,1.68326
1.3,0.9,3.38296
1.3,0.94,5.78915
1.3,0.98,8.85741
1.3,1.02,12.1999
1.3,1.06,15.1857
1.3,1.1,16.4631
1.3,1.14,15.8134
1.3,1.18,12.6685
1.3,1.22,7.14638
1.3,1.26,2.30773
1.3,1.3,0.281998
1.3,1.34,0.0121048
1.3,1.38,5.73739e-08
1.3,1.42,2.62312e-16
1.3,1.46,6.85811e-18
1.3,1.5,2.11732e-24
1.3,1.54,1.08557e-30
1.3,1.58,1.48402e-32
1.3,1.62,1.16499e-38
1.3,1.66,4.5281e-45
1.3,1.7,5.49025e-48
1.3,1.74,3.93619e-54
1.3,1.78,0
1.3,1.82,0
1.3,1.86,0
1.3,1.9,0
1.3,1.94,0
1.3,1.98,0
1.34,0.02,3.75875e-21
1.34,0.06,2.59398e-19
1.34,0.1,6.45478e-18
1.34,0.14,1.11015e-16
1.34,0.18,1.63536e-15
1.34,0.22,2.22775e-14
1.34,0.26,2.74255e-13
1.34,0.3,2.95276e-12
1.34,0.34,2.89131e-11
1.34,0.38,2.80548e-10
1.34,0.42,2.69612e-09
1.34,0.46,2.37489e-08
1.34,0.5,1.81323e-07
1.34,0.54,1.21463e-06
1.34,0.58,7.35954e-06
1.34,0.62,4.09009e-05
1.34,0.66,0.000213588
1.34,0.7,0.000957557
1.34,0.74,0.00391527
1.34,0.78,0.0127898
1.34,0.82,0.0414523
1.34,0.86,0.102886
1.34,0.9,0.265522
1.34,0.94,0.553712
1.34,0.98,1.024
1.34,1.02,1.73683
1.34,1.06,2.42141
1.34,1.1,2.49857
1.34,1.14,1.84156
1.34,1.18,0.888577
1.34,1.22,0.247708
1.34,1.26,0.0293062
1.34,1.3,0.00131736
1.34,1.34,6.00471e-09
1.34,1.38,5.18144e-17
1.34,1.42,1.22326e-18
1.34,1.46,5.53332e-25
1.34,1.5,3.78221e-31
1.34,1.54,4.17495e-33
1.34,1.58,4.37713e-39
1.34,1.62,2.0955e-45
1.34,1.66,4.27423e-49
1.34,1.7,1.84285e-54
1.34,1.74,0
1.34,1.78,0
1.34,1.82,0
1.34,1.86,0
1.34,1.9,0
1.34,1.94,0
1.34,1.98,0
1.38,0.02,2.76787e-25
1.38,0.06,2.49014e-23
1.38,0.1,8.22866e-22
1.38,0.14,2.02017e-20
1.38,0.18,4.59266e-19
1.38,0.22,9.48781e-18
1.38,0.26,1.62624e-16
1.38,0.3,2.31448e-15
1.38,0.34,3.04715e-14
1.38,0.38,4.11666e-13
1.38,0.42,5.32832e-12
1.38,0.46,6.07165e-11
1.38,0.5,5.74694e-10
1.38,0.54,4.74798e-09
1.38,0.58,3.40239e-08
1.38,0.62,2.24504e-07
1.38,0.66,1.5702e-06
1.38,0.7,8.88797e-06
1.38,0.74,4.74323e-05
1.38,0.78,0.000178077
1.38,0.82,0.000742046
1.38,0.86,0.00193077
1.38,0.9,0.00687142
1.38,0.94,0.0179542
1.38,0.98,0.0413184
1.38,1.02,0.0922048
1.38,1.06,0.142116
1.38,1.1,0.114828
1.38,1.14,0.0543901
1.38,1.18,0.0144209
1.38,1.22,0.00170698
1.38,1.26,7.53263e-05
1.38,1.3,4.52537e-10
1.38,1.34,7.7482e-18
1.38,1.38,1.66793e-19
1.38,1.42,1.16322e-25
1.38,1.46,1.09493e-31
1.38,1.5,9.918e-34
1.38,1.54,1.43971e-39
1.38,1.58,8.67253e-46
1.38,1.62,1.66285e-52
1.38,1.66,7.7347e-55
1.38,1.7,0
1.38,1.74,0
1.38,1.78,0
1.38,1.82,0
1.38,1.86,0
1.38,1.9,0
1.38,1.94,0
1.38,1.98,0
1.42,0.02,1.25246e-29
1.42,0.06,1.55222e-27
1.42,0.1,6.56925e-26
1.42,0.14,1.8102e-24
1.42,0.18,4.11403e-23
1.42,0.22,8.80584e-22
1.42,0.26,1.77029e-20
1.42,0.3,3.43484e-19
1.42,0.34,6.79327e-18
1.42,0.38,1.50443e-16
1.42,0.42,2.95535e-15
1.42,0.46,4.6833e-14
1.42,0.5,5.53945e-13
1.42,0.54,5.66894e-12
1.42,0.58,4.67505e-11
1.42,0.62,3.67085e-10
1.42,0.66,3.81425e-09
1.42,0.7,2.70654e-08
1.42,0.74,1.99211e-07
1.42,0.78,8.56992e-07
1.42,0.82,4.67631e-06
1.42,0.86,1.31725e-05
1.42,0.9,6.33871e-05
1.42,0.94,0.000210321
1.42,0.98,0.000581319
1.42,1.02,0.00188276
1.42,1.06,0.00286752
1.42,1.1,0.00166817
1.42,1.14,0.000474864
1.42,1.18,5.81224e-05
1.42,1.22,2.34587e-06
1.42,1.26,2.37415e-11
1.42,1.3,8.45071e-19
1.42,1.34,1.64441e-20
1.42,1.38,1.89069e-26
1.42,1.42,2.5406e-32
1.42,1.46,1.8507e-34
1.42,1.5,3.96079e-40
1.42,1.54,3.09275e-46
1.42,1.58,7.37508e-53
1.42,1.62,2.77781e-55
1.42,1.66,0
1.42,1.7,0
1.42,1.74,0
1.42,1.78,0
1.42,1.82,0
1.42,1.86,0
1.42,1.9,0
1.42,1.94,0
1.42,1.98,0
1.46,0.02,1.26811e-34
1.46,0.06,2.41094e-32
1.46,0.1,1.47635e-30
1.46,0.14,6.2951e-29
1.46,0.18,2.65794e-27
1.46,0.22,9.78121e-26
1.46,0.26,2.58925e-24
1.46,0.3,4.75637e-23
1.46,0.34,6.23954e-22
1.46,0.38,1.62051e-20
1.46,0.42,4.80585e-19
1.46,0.46,1.14032e-17
1.46,0.5,1.75157e-16
1.46,0.54,2.23612e-15
1.46,0.58,2.10337e-14
1.46,0.62,1.89923e-13
1.46,0.66,3.11737e-12
1.46,0.7,2.60486e-11
1.46,0.74,2.88292e-10
1.46,0.78,1.41478e-09
1.46,0.82,1.04631e-08
1.46,0.86,3.16821e-08
1.46,0.9,2.11232e-07
1.46,0.94,9.30992e-07
1.46,0.98,3.0042e-06
1.46,1.02,1.54294e-05
1.46,1.06,2.11532e-05
1.46,1.1,8.03626e-06
1.46,1.14,1.10618e-06
1.46,1.18,3.48285e-08
1.46,1.22,8.40188e-13
1.46,1.26,6.54056e-20
1.46,1.3,1.09276e-21
1.46,1.34,2.28989e-27
1.46,1.38,4.5761e-33
1.46,1.42,2.53974e-35
1.46,1.46,8.81077e-41
1.46,1.5,9.23475e-47
1.46,1.54,2.80175e-53
1.46,1.58,8.08605e-56
1.46,1.62,0
1.46,1.66,0
1.46,1.7,0
1.46,1.74,0
1.46,1.78,0
1.46,1.82,0
1.46,1.86,0
1.46,1.9,0
1.46,1.94,0
1.46,1.98,0
1.5,0.02,5.09453e-39
1.5,0.06,9.36993e-37
1.5,0.1,5.2261e-35
1.5,0.14,1.65659e-33
1.5,0.18,3.67105e-32
1.5,0.22,6.4946e-31
1.5,0.26,1.04288e-29
1.5,0.3,1.55419e-28
1.5,0.34,1.91995e-27
1.5,0.38,1.92427e-25
1.5,0.42,7.73512e-24
1.5,0.46,1.67963e-22
1.5,0.5,2.26205e-21
1.5,0.54,2.18968e-20
1.5,0.58,1.58559e-19
1.5,0.62,9.5618e-19
1.5,0.66,5.53476e-16
1.5,0.7,5.48517e-15
1.5,0.74,1.26054e-13
1.5,0.78,7.17385e-13
1.5,0.82,7.91468e-12
1.5,0.86,2.66682e-11
1.5,0.9,2.39073e-10
1.5,0.94,1.54475e-09
1.5,0.98,5.55735e-09
1.5,1.02,5.13815e-08
1.5,1.06,5.56861e-08
1.5,1.1,1.06428e-08
1.5,1.14,1.16491e-10
1.5,1.18,1.91151e-14
1.5,1.22,3.4842e-21
1.5,1.26,4.37638e-23
1.5,1.3,2.00028e-28
1.5,1.34,6.2304e-34
1.5,1.38,2.21139e-36
1.5,1.42,1.52549e-41
1.5,1.46,2.24337e-47
1.5,1.5,8.89058e-54
1.5,1.54,1.80002e-56
1.5,1.58,0
1.5,1.62,0
1.5,1.66,0
1.5,1.7,0
1.5,1.74,0
1.5,1.78,0
1.5,1.82,0
1.5,1.86,0
1.5,1.9,0
1.5,1.94,0
1.5,1.98,0
1.54,0.02,3.57737e-44
1.54,0.06,1.11334e-41
1.54,0.1,1.03104e-39
1.54,0.14,5.02793e-38
1.54,0.18,1.55612e-36
1.54,0.22,3.71422e-35
1.54,0.26,8.22007e-34
1.54,0.3,1.64087e-32
1.54,0.34,2.574e-31
1.54,0.38,3.04816e-30
1.54,0.42,2.85749e-29
1.54,0.46,2.36005e-27
1.54,0.5,6.52517e-26
1.54,0.54,1.29597e-24
1.54,0.58,1.56316e-23
1.54,0.62,1.53988e-22
1.54,0.66,1.7886e-21
1.54,0.7,1.4268e-20
1.54,0.74,3.99475e-18
1.54,0.78,2.58034e-17
1.54,0.82,1.28644e-15
1.54,0.86,4.94623e-15
1.54,0.9,8.50221e-14
1.54,0.94,9.06997e-13
1.54,0.98,3.2261e-12
1.54,1.02,6.54674e-11
1.54,1.06,4.31826e-11
1.54,1.1,3.2168e-15
1.54,1.14,2.52353e-16
1.54,1.18,1.21585e-22
1.54,1.22,7.6892e-25
1.54,1.26,1.21901e-29
1.54,1.3,6.29612e-35
1.54,1.34,6.35847e-38
1.54,1.38,1.98114e-42
1.54,1.42,4.3262e-48
1.54,1.46,2.30587e-54
1.54,1.5,2.572e-57
1.54,1.54,0
1.54,1.58,0
1.54,1.62,0
1.54,1.66,0
1.54,1.7,0
1.54,1.74,0
1.54,1.78,0
1.54,1.82,0
1.54,1.86,0
1.54,1.9,0
1.54,1.94,0
1.54,1.98,0
1.58,0.02,9.68888e-50
1.58,0.06,3.10484e-47
1.58,0.1,3.11122e-45
1.58,0.14,1.91993e-43
1.58,0.18,8.52635e-42
1.58,0.22,2.82854e-40
1.58,0.26,7.29989e-39
1.58,0.3,1.50178e-37
1.58,0.34,2.4062e-36
1.58,0.38,2.87619e-35
1.58,0.42,2.50017e-34
1.58,0.46,7.76048e-33
1.58,0.5,1.96357e-31
1.58,0.54,2.71739e-30
1.58,0.58,2.31596e-29
1.58,0.62,1.4025e-28
1.58,0.66,3.71598e-26
1.58,0.7,3.93683e-25
1.58,0.74,3.6925e-23
1.58,0.78,2.50701e-22
1.58,0.82,2.53506e-21
1.58,0.86,9.06134e-21
1.58,0.9,6.69981e-20
1.58,0.94,1.48832e-16
1.58,0.98,1.68851e-16
1.58,1.02,2.57772e-14
1.58,1.06,1.58045e-17
1.58,1.1,1.5918e-18
1.58,1.14,2.58601e-24
1.58,1.18,1.9923e-29
1.58,1.22,4.89512e-31
1.58,1.26,4.58749e-36
1.58,1.3,2.33442e-41
1.58,1.34,1.86033e-43
1.58,1.38,6.48564e-49
1.58,1.42,4.83456e-55
1.58,1.46,5.4053e-59
1.58,1.5,0
1.58,1.54,0
1.58,1.58,0
1.58,1.62,0
1.58,1.66,0
1.58,1.7,0
1.58,1.74,0
1.58,1.78,0
1.58,1.82,0
1.58,1.86,0
1.58,1.9,0
1.58,1.94,0
1.58,1.98,0
1.62,0.02,6.3052e-55
1.62,0.06,3.53118e-52
1.62,0.1,5.77004e-50
1.62,0.14,4.96944e-48
1.62,0.18,2.55712e-46
1.62,0.22,8.26532e-45
1.62,0.26,1.78229e-43
1.62,0.3,2.81351e-42
1.62,0.34,3.62658e-41
1.62,0.38,4.04106e-40
1.62,0.42,3.83233e-39
1.62,0.46,4.65798e-38
1.62,0.5,7.11088e-37
1.62,0.54,8.28099e-36
1.62,0.58,6.45597e-35
1.62,0.62,3.53207e-34
1.62,0.66,1.43715e-33
1.62,0.7,4.66137e-33
1.62,0.74,4.16924e-30
1.62,0.78,3.17884e-29
1.62,0.82,2.15991e-28
1.62,0.86,7.38698e-28
1.62,0.9,3.25229e-27
1.62,0.94,6.68246e-23
1.62,0.98,9.5394e-23
1.62,1.02,1.13751e-20
1.62,1.06,3.09413e-21
1.62,1.1,2.93077e-26
1.62,1.14,5.19141e-31
1.62,1.18,1.17814e-32
1.62,1.22,2.29685e-37
1.62,1.26,1.91378e-42
1.62,1.3,1.181e-44
1.62,1.34,7.34912e-50
1.62,1.38,7.98138e-56
1.62,1.42,0
1.62,1.46,0
1.62,1.5,0
1.62,1.54,0
1.62,1.58,0
1.62,1.62,0
1.62,1.66,0
1.62,1.7,0
1.62,1.74,0
1.62,1.78,0
1.62,1.82,0
1.62,1.86,0
1.62,1.9,0
1.62,1.94,0
1.62,1.98,0
1.66,0.02,1.32135e-60
1.66,0.06,7.54322e-58
1.66,0.1,1.02937e-55
1.66,0.14,7.72888e-54
1.66,0.18,5.06097e-52
1.66,0.22,2.62139e-50
1.66,0.26,1.22852e-48
1.66,0.3,4.99474e-47
1.66,0.34,1.39518e-45
1.66,0.38,2.50372e-44
1.66,0.42,2.9607e-43
1.66,0.46,3.09684e-42
1.66,0.5,3.61642e-41
1.66,0.54,4.43532e-40
1.66,0.58,4.36178e-39
1.66,0.62,3.21919e-38
1.66,0.66,1.76632e-37
1.66,0.7,7.69999e-37
1.66,0.74,5.9211e-36
1.66,0.78,3.38955e-35
1.66,0.82,1.08497e-32
1.66,0.86,5.4988e-32
1.66,0.9,5.59741e-31
1.66,0.94,3.16393e-30
1.66,0.98,1.30615e-29
1.66,1.02,1.03038e-25
1.66,1.06,1.30055e-28
1.66,1.1,7.16821e-33
1.66,1.14,1.41398e-34
1.66,1.18,7.4001e-39
1.66,1.22,1.0896e-43
1.66,1.26,4.35245e-46
1.66,1.3,6.067e-51
1.66,1.34,1.00781e-56
1.66,1.38,0
1.66,1.42,0
1.66,1.46,0
1.66,1.5,0
1.66,1.54,0
1.66,1.58,0
1.66,1.62,0
1.66,1.66,0
1.66,1.7,0
1.66,1.74,0
1.66,1.78,0
1.66,1.82,0
1.66,1.86,0
1.66,1.9,0
1.66,1.94,0
1.66,1.98,0
1.7,0.02,2.80744e-68
1.7,0.06,5.05701e-65
1.7,0.1,1.43415e-62
1.7,0.14,6.01031e-60
1.7,0.18,1.03952e-57
1.7,0.22,7.58923e-56
1.7,0.26,4.39559e-54
1.7,0.3,2.02434e-52
1.7,0.34,6.22366e-51
1.7,0.38,1.2473e-49
1.7,0.42,1.67381e-48
1.7,0.46,2.16085e-47
1.7,0.5,3.02413e-46
1.7,0.54,4.01792e-45
1.7,0.58,4.08973e-44
1.7,0.62,2.913e-43
1.7,0.66,1.44381e-42
1.7,0.7,5.21413e-42
1.7,0.74,6.54752e-40
1.7,0.78,5.37991e-39
1.7,0.82,3.93406e-38
1.7,0.86,1.47357e-37
1.7,0.9,6.30605e-37
1.7,0.94,1.6573e-34
1.7,0.98,2.48953e-34
1.7,1.02,7.68756e-32
1.7,1.06,4.00614e-35
1.7,1.1,4.54846e-37
1.7,1.14,1.39569e-40
1.7,1.18,4.11048e-45
1.7,1.22,4.28653e-48
1.7,1.26,3.47469e-52
1.7,1.3,9.41243e-58
1.7,1.34,0
1.7,1.38,0
1.7,1.42,0
1.7,1.46,0
1.7,1.5,0
1.7,1.54,0
1.7,1.58,0
1.7,1.62,0
1.7,1.66,0
1.7,1.7,0
1.7,1.74,0
1.7,1.78,0
1.7,1.82,0
1.7,1.86,0
1.7,1.9,0
1.7,1.94,0
1.7,1.98,0
1.74,0.02,1.07373e-73
1.74,0.06,2.00289e-70
1.74,0.1,6.01878e-68
1.74,0.14,1.27033e-65
1.74,0.18,1.6569e-63
1.74,0.22,1.38331e-61
1.74,0.26,7.43182e-60
1.74,0.3,2.50376e-58
1.74,0.34,6.59755e-57
1.74,0.38,1.51686e-55
1.74,0.42,2.74454e-54
1.74,0.46,3.57444e-53
1.74,0.5,3.3741e-52
1.74,0.54,6.3342e-51
1.74,0.58,1.06956e-49
1.74,0.62,1.00979e-48
1.74,0.66,5.69458e-48
1.74,0.7,2.11314e-47
1.74,0.74,1.50252e-45
1.74,0.78,1.27366e-44
1.74,0.82,7.68799e-44
1.74,0.86,2.67565e-43
1.74,0.9,8.71645e-43
1.74,0.94,4.40134e-41
1.74,0.98,7.18423e-41
1.74,1.02,3.19828e-38
1.74,1.06,2.54564e-41
1.74,1.1,1.31658e-42
1.74,1.14,9.42471e-47
1.74,1.18,1.68219e-51
1.74,1.22,1.28675e-53
1.74,1.26,6.22935e-59
1.74,1.3,0
1.74,1.34,0
1.74,1.38,0
1.74,1.42,0
1.74,1.46,0
1.74,1.5,0
1.74,1.54,0
1.74,1.58,0
1.74,1.62,0
1.74,1.66,0
1.74,1.7,0
1.74,1.74,0
1.74,1.78,0
1.74,1.82,0
1.74,1.86,0
1.74,1.9,0
1.74,1.94,0
1.74,1.98,0
1.78,0.02,0
1.78,0.06,0
1.78,0.1,0
1.78,0.14,2.35434e-71
1.78,0.18,5.17708e-69
1.78,0.22,4.51627e-67
1.78,0.26,2.15259e-65
1.78,0.3,6.3101e-64
1.78,0.34,6.7652e-62
1.78,0.38,3.62727e-60
1.78,0.42,9.12729e-59
1.78,0.46,1.3048e-57
1.78,0.5,1.18265e-56
1.78,0.54,1.91923e-55
1.78,0.58,3.22224e-54
1.78,0.62,3.38741e-53
1.78,0.66,2.27146e-52
1.78,0.7,1.06065e-51
1.78,0.74,6.46531e-51
1.78,0.78,3.53687e-50
1.78,0.82,1.65736e-49
1.78,0.86,5.24517e-49
1.78,0.9,1.2884e-47
1.78,0.94,4.36735e-47
1.78,0.98,3.8772e-46
1.78,1.02,2.41311e-44
1.78,1.06,4.51565e-45
1.78,1.1,1.12734e-48
1.78,1.14,4.20143e-53
1.78,1.18,2.74384e-55
1.78,1.22,2.7565e-60
1.78,1.26,0
1.78,1.3,0
1.78,1.34,0
1.78,1.38,0
1.78,1.42,0
1.78,1.46,0
1.78,1.5,0
1.78,1.54,0
1.78,1.58,0
1.78,1.62,0
1.78,1.66,0
1.78,1.7,0
1.78,1.74,0
1.78,1.78,0
1.78,1.82,0
1.78,1.86,0
1.78,1.9,0
1.78,1.94,0
1.78,1.98,0
1.82,0.02,0
1.82,0.06,0
1.82,0.1,0
1.82,0.14,0
1.82,0.18,0
1.82,0.22,0
1.82,0.26,0
1.82,0.3,0
1.82,0.34,4.60426e-68
1.82,0.38,2.91048e-66
1.82,0.42,7.63136e-65
1.82,0.46,1.11482e-63
1.82,0.5,1.02636e-62
1.82,0.54,6.77323e-61
1.82,0.58,1.55057e-59
1.82,0.62,1.66863e-58
1.82,0.66,1.05619e-57
1.82,0.7,4.42772e-57
1.82,0.74,2.11663e-55
1.82,0.78,1.88157e-54
1.82,0.82,1.34981e-53
1.82,0.86,5.38944e-53
1.82,0.9,1.86309e-52
1.82,0.94,4.01287e-52
1.82,0.98,1.09301e-51
1.82,1.02,1.75235e-48
1.82,1.06,5.21212e-51
1.82,1.1,5.35195e-55
1.82,1.14,2.65416e-57
1.82,1.18,7.50887e-62
1.82,1.22,0
1.82,1.26,0
1.82,1.3,0
1.82,1.34,0
1.82,1.38,0
1.82,1.42,0
1.82,1.46,0
1.82,1.5,0
1.82,1.54,0
1.82,1.58,0
1.82,1.62,0
1.82,1.66,0
1.82,1.7,0
1.82,1.74,0
1.82,1.78,0
1.82,1.82,0
1.82,1.86,0
1.82,1.9,0
1.82,1.94,0
1.82,1.98,0
1.86,0.02,0
1.86,0.06,0
1.86,0.1,0
1.86,0.14,0
1.86,0.18,0
1.86,0.22,0
1.86,0.26,0
1.86,0.3,0
1.86,0.34,0
1.86,0.38,0
1.86,0.42,0
1.86,0.46,0
1.86,0.5,0
1.86,0.54,2.94906e-67
1.86,0.58,7.42401e-66
1.86,0.62,8.159e-65
1.86,0.66,5.1984e-64
1.86,0.7,2.16698e-63
1.86,0.74,3.14434e-61
1.86,0.78,2.9565e-60
1.86,0.82,1.91923e-59
1.86,0.86,7.27297e-59
1.86,0.9,2.10665e-58
1.86,0.94,4.02352e-58
1.86,0.98,8.24963e-58
1.86,1.02,3.08206e-54
1.86,1.06,2.57881e-57
1.86,1.1,3.24907e-60
1.86,1.14,1.10843e-63
1.86,1.18,0
1.86,1.22,0
1.86,1.26,0
1.86,1.3,0
1.86,1.34,0
1.86,1.38,0
1.86,1.42,0
1.86,1.46,0
1.86,1.5,0
1.86,1.54,0
1.86,1.58,0
1.86,1.62,0
1.86,1.66,0
1.86,1.7,0
1.86,1.74,0
1.86,1.78,0
1.86,1.82,0
1.86,1.86,0
1.86,1.9,0
1.86,1.94,0
1.86,1.98,0
1.9,0.02,0
1.9,0.06,0
1.9,0.1,0
1.9,0.14,0
1.9,0.18,0
1.9,0.22,0
1.9,0.26,0
1.9,0.3,0
1.9,0.34,0
1.9,0.38,0
1.9,0.42,0
1.9,0.46,0
1.9,0.5,0
1.9,0.54,0
1.9,0.58,0
1.9,0.62,0
1.9,0.66,0
1.9,0.7,1.59939e-71
1.9,0.74,7.58605e-68
1.9,0.78,7.40729e-67
1.9,0.82,4.76985e-66
1.9,0.86,1.80707e-65
1.9,0.9,4.90399e-65
1.9,0.94,8.81426e-65
1.9,0.98,1.54903e-64
1.9,1.02,1.48819e-60
1.9,1.06,3.69298e-64
1.9,1.1,7.12635e-66
1.9,1.14,0
1.9,1.18,0
1.9,1.22,0
1.9,1.26,0
1.9,1.3,0
1.9,1.34,0
1.9,1.38,0
1.9,1.42,0
1.9,1.46,0
1.9,1.5,0
1.9,1.54,0
1.9,1.58,0
1.9,1.62,0
1.9,1.66,0
1.9,1.7,0
1.9,1.74,0
1.9,1.78,0
1.9,1.82,0
1.9,1.86,0
1.9,1.9,0
1.9,1.94,0
1.9,1.98,0
1.94,0.02,0
1.94,0.06,0
1.94,0.1,0
1.94,0.14,0
1.94,0.18,0
1.94,0.22,0
1.94,0.26,0
1.94,0.3,0
1.94,0.34,0
1.94,0.38,0
1.94,0.42,0
1.94,0.46,0
1.94,0.5,0
1.94,0.54,0
1.94,0.58,0
1.94,0.62,0
1.94,0.66,0
1.94,0.7,0
1.94,0.74,8.36838e-75
1.94,0.78,8.20699e-74
1.94,0.82,1.3234e-71
1.94,0.86,8.53982e-71
1.94,0.9,4.06563e-70
1.94,0.94,1.02804e-69
1.94,0.98,2.88453e-69
1.94,1.02,1.59938e-67
1.94,1.06,1.26629e-68
1.94,1.1,0
1.94,1.14,0
1.94,1.18,0
1.94,1.22,0
1.94,1.26,0
1.94,1.3,0
1.94,1.34,0
1.94,1.38,0
1.94,1.42,0
1.94,1.46,0
1.94,1.5,0
1.94,1.54,0
1.94,1.58,0
1.94,1.62,0
1.94,1.66,0
1.94,1.7,0
1.94,1.74,0
1.94,1.78,0
1.94,1.82,0
1.94,1.86,0
1.94,1.9,0
1.94,1.94,0
1.94,1.98,0
1.98,0.02,0
1.98,0.06,0
1.98,0.1,0
1.98,0.14,0
1.98,0.18,0
1.98,0.22,0
1.98,0.26,0
1.98,0.3,0
1.98,0.34,0
1.98,0.38,0
1.98,0.42,0
1.98,0.46,0
1.98,0.5,0
1.98,0.54,0
1.98,0.58,0
1.98,0.62,0
1.98,0.66,0
1.98,0.7,0
1.98,0.74,0
1.98,0.78,0
1.98,0.82,0
1.98,0.86,0
1.98,0.9,0
1.98,0.94,0
1.98,0.98,0
1.98,1.02,1.16568e-72
1.98,1.06,0
1.98,1.1,0
1.98,1.14,0
1.98,1.18,0
1.98,1.22,0
1.98,1.26,0
1.98,1.3,0
1.98,1.34,0
1.98,1.38,0
1.98,1.42,0
1.98,1.46,0
1.98,1.5,0
1.98,1.54,0
1.98,1.58,0
1.98,1.62,0
1.98,1.66,0
1.98,1.7,0
1.98,1.74,0
1.98,1.78,0
1.98,1.82,0
1.98,1.86,0
1.98,1.9,0
1.98,1.94,0
1.98,1.98,0
