0.02,0.02,6.94386e-68
0.02,0.06,5.32064e-65
0.02,0.1,9.8232e-63
0.02,0.14,7.75113e-61
0.02,0.18,2.09665e-58
0.02,0.22,1.86963e-56
0.02,0.26,7.56204e-55
0.02,0.3,1.73228e-53
0.02,0.34,4.98458e-52
0.02,0.38,2.3701e-50
0.02,0.42,5.33926e-49
0.02,0.46,6.96273e-47
0.02,0.5,1.33359e-45
0.02,0.54,1.77609e-44
0.02,0.58,1.97016e-43
0.02,0.62,1.45059e-42
0.02,0.66,9.79464e-40
0.02,0.7,7.11384e-39
0.02,0.74,8.47637e-38
0.02,0.78,1.49659e-36
0.02,0.82,6.10264e-36
0.02,0.86,1.96031e-32
0.02,0.9,4.45936e-32
0.02,0.94,3.51643e-30
0.02,0.98,2.30206e-28
0.02,1.02,2.31156e-28
0.02,1.06,5.90138e-27
0.02,1.1,1.19575e-27
0.02,1.14,3.42046e-33
0.02,1.18,3.74498e-38
0.02,1.22,7.02581e-40
0.02,1.26,8.52823e-45
0.02,1.3,3.80445e-50
0.02,1.34,6.75036e-56
0.02,1.38,3.01288e-58
0.02,1.42,1.80845e-64
0.02,1.46,0
0.02,1.5,0
0.02,1.54,0
0.02,1.58,0
0.02,1.62,0
0.02,1.66,0
0.02,1.7,0
0.02,1.74,0
0.02,1.78,0
0.02,1.82,0
0.02,1.86,0
0.02,1.9,0
0.02,1.94,0
0.02,1.98,0
0.06,0.02,2.29019e-61
0.06,0.06,1.67972e-58
0.06,0.1,3.00176e-56
0.06,0.14,2.33179e-54
0.06,0.18,4.66799e-52
0.06,0.22,3.95179e-50
0.06,0.26,1.60574e-48
0.06,0.3,3.7778e-47
0.06,0.34,5.69427e-46
0.06,0.38,4.09292e-44
0.06,0.42,1.12366e-42
0.06,0.46,2.15074e-41
0.06,0.5,2.53094e-40
0.06,0.54,2.00008e-39
0.06,0.58,4.82818e-37
0.06,0.62,5.80926e-36
0.06,0.66,1.37388e-34
0.06,0.7,9.00169e-34
0.06,0.74,5.37072e-33
0.06,0.78,1.43813e-28
0.06,0.82,5.28108e-28
0.06,0.86,1.27948e-26
0.06,0.9,2.97852e-26
0.06,0.94,3.10864e-25
0.06,0.98,7.03365e-21
0.06,1.02,4.36887e-21
0.06,1.06,2.16248e-19
0.06,1.1,3.50299e-23
0.06,1.14,3.29189e-24
0.06,1.18,2.67524e-30
0.06,1.22,1.37051e-35
0.06,1.26,2.13463e-37
0.06,1.3,1.51807e-42
0.06,1.34,4.47601e-48
0.06,1.38,5.60012e-54
0.06,1.42,2.05758e-56
0.06,1.46,1.02346e-62
0.06,1.5,0
0.06,1.54,0
0.06,1.58,0
0.06,1.62,0
0.06,1.66,0
0.06,1.7,0
0.06,1.74,0
0.06,1.78,0
0.06,1.82,0
0.06,1.86,0
0.06,1.9,0
0.06,1.94,0
0.06,1.98,0
0.1,0.02,1.19338e-55
0.1,0.06,8.93159e-53
0.1,0.1,1.62573e-50
0.1,0.14,1.29059e-48
0.1,0.18,2.74593e-46
0.1,0.22,2.35033e-44
0.1,0.26,9.94576e-43
0.1,0.3,2.47433e-41
0.1,0.34,3.98322e-40
0.1,0.38,5.93467e-38
0.1,0.42,1.69115e-36
0.1,0.46,3.57997e-35
0.1,0.5,4.48653e-34
0.1,0.54,3.95084e-33
0.1,0.58,9.74929e-30
0.1,0.62,1.04008e-28
0.1,0.66,3.46131e-27
0.1,0.7,2.28786e-26
0.1,0.74,1.97241e-25
0.1,0.78,1.09122e-21
0.1,0.82,3.80885e-21
0.1,0.86,1.21632e-19
0.1,0.9,2.60747e-19
0.1,0.94,3.70569e-18
0.1,0.98,9.9409e-17
0.1,1.02,1.14282e-16
0.1,1.06,2.03046e-15
0.1,1.1,5.59631e-16
0.1,1.14,2.14219e-20
0.1,1.18,1.33612e-21
0.1,1.22,4.11149e-28
0.1,1.26,1.12337e-33
0.1,1.3,1.39633e-35
0.1,1.34,6.68816e-41
0.1,1.38,1.39579e-46
0.1,1.42,1.28399e-52
0.1,1.46,3.21502e-55
0.1,1.5,1.5822e-61
0.1,1.54,0
0.1,1.58,0
0.1,1.62,0
0.1,1.66,0
0.1,1.7,0
0.1,1.74,0
0.1,1.78,0
0.1,1.82,0
0.1,1.86,0
0.1,1.9,0
0.1,1.94,0
0.1,1.98,0
0.14,0.02,9.04852e-51
0.14,0.06,8.68102e-48
0.14,0.1,2.04841e-45
0.14,0.14,1.95933e-43
0.14,0.18,5.86739e-41
0.14,0.22,5.23992e-39
0.14,0.26,2.62767e-37
0.14,0.3,7.93297e-36
0.14,0.34,1.55424e-34
0.14,0.38,1.12929e-31
0.14,0.42,3.36687e-30
0.14,0.46,1.12627e-28
0.14,0.5,1.72913e-27
0.14,0.54,2.11458e-26
0.14,0.58,1.12014e-23
0.14,0.62,1.17918e-22
0.14,0.66,7.35631e-21
0.14,0.7,4.99837e-20
0.14,0.74,6.99199e-19
0.14,0.78,1.56294e-17
0.14,0.82,6.82224e-17
0.14,0.86,1.02226e-15
0.14,0.9,2.92388e-15
0.14,0.94,2.2955e-14
0.14,0.98,2.80205e-13
0.14,1.02,3.94086e-13
0.14,1.06,3.80922e-12
0.14,1.1,1.79829e-12
0.14,1.14,2.37263e-13
0.14,1.18,3.81616e-18
0.14,1.22,1.745e-19
0.14,1.26,2.46454e-26
0.14,1.3,3.95107e-32
0.14,1.34,3.52111e-34
0.14,1.38,1.3403e-39
0.14,1.42,2.11863e-45
0.14,1.46,1.48963e-51
0.14,1.5,1.15444e-54
0.14,1.54,1.15013e-60
0.14,1.58,0
0.14,1.62,0
0.14,1.66,0
0.14,1.7,0
0.14,1.74,0
0.14,1.78,0
0.14,1.82,0
0.14,1.86,0
0.14,1.9,0
0.14,1.94,0
0.14,1.98,0
0.18,0.02,1.90403e-45
0.18,0.06,1.09407e-42
0.18,0.1,1.43302e-40
0.18,0.14,9.98821e-39
0.18,0.18,1.57298e-36
0.18,0.22,1.27587e-34
0.18,0.26,6.8696e-33
0.18,0.3,2.25876e-31
0.18,0.34,2.26283e-29
0.18,0.38,2.69745e-27
0.18,0.42,7.35994e-26
0.18,0.46,1.36431e-24
0.18,0.5,1.5852e-23
0.18,0.54,4.99431e-21
0.18,0.58,3.46652e-19
0.18,0.62,3.94319e-18
0.18,0.66,7.75595e-17
0.18,0.7,4.92079e-16
0.18,0.74,4.41896e-15
0.18,0.78,5.69039e-14
0.18,0.82,2.44743e-13
0.18,0.86,2.24838e-12
0.18,0.9,7.93682e-12
0.18,0.94,3.72796e-11
0.18,0.98,2.57656e-10
0.18,1.02,3.86738e-10
0.18,1.06,2.30991e-09
0.18,1.1,1.42136e-09
0.18,1.14,3.47642e-10
0.18,1.18,3.149e-11
0.18,1.22,2.80985e-16
0.18,1.26,9.39283e-18
0.18,1.3,7.22609e-25
0.18,1.34,7.38193e-31
0.18,1.38,3.35076e-33
0.18,1.42,1.44752e-38
0.18,1.46,1.87828e-44
0.18,1.5,1.05463e-50
0.18,1.54,1.62685e-57
0.18,1.58,4.02237e-60
0.18,1.62,0
0.18,1.66,0
0.18,1.7,0
0.18,1.74,0
0.18,1.78,0
0.18,1.82,0
0.18,1.86,0
0.18,1.9,0
0.18,1.94,0
0.18,1.98,0
0.22,0.02,3.03959e-40
0.22,0.06,1.82653e-37
0.22,0.1,2.47643e-35
0.22,0.14,1.4863e-33
0.22,0.18,9.72912e-31
0.22,0.22,9.65671e-29
0.22,0.26,4.33013e-27
0.22,0.3,1.11912e-25
0.22,0.34,1.92112e-24
0.22,0.38,1.16803e-21
0.22,0.42,3.50399e-20
0.22,0.46,8.66279e-19
0.22,0.5,1.18425e-17
0.22,0.54,1.39962e-16
0.22,0.58,2.1741e-15
0.22,0.62,1.93287e-14
0.22,0.66,2.18171e-13
0.22,0.7,1.22312e-12
0.22,0.74,8.57636e-12
0.22,0.78,7.24975e-11
0.22,0.82,2.86911e-10
0.22,0.86,1.7615e-09
0.22,0.9,6.11277e-09
0.22,0.94,2.08755e-08
0.22,0.98,9.34389e-08
0.22,1.02,1.50609e-07
0.22,1.06,5.56437e-07
0.22,1.1,3.97641e-07
0.22,1.14,1.36791e-07
0.22,1.18,2.38443e-08
0.22,1.22,1.6757e-09
0.22,1.26,1.01618e-14
0.22,1.3,2.20747e-16
0.22,1.34,1.15202e-23
0.22,1.38,8.20241e-30
0.22,1.42,9.02639e-36
0.22,1.46,8.83223e-38
0.22,1.5,1.05804e-43
0.22,1.54,5.0717e-50
0.22,1.58,6.55247e-57
0.22,1.62,1.14601e-60
0.22,1.66,0
0.22,1.7,0
0.22,1.74,0
0.22,1.78,0
0.22,1.82,0
0.22,1.86,0
0.22,1.9,0
0.22,1.94,0
0.22,1.98,0
0.26,0.02,4.24517e-35
0.26,0.06,2.84714e-32
0.26,0.1,4.41561e-30
0.26,0.14,3.1122e-28
0.26,0.18,1.19673e-25
0.26,0.22,1.16201e-23
0.26,0.26,5.95719e-22
0.26,0.3,1.81179e-20
0.26,0.34,3.84594e-19
0.26,0.38,1.07863e-17
0.26,0.42,2.21989e-16
0.26,0.46,3.68343e-15
0.26,0.5,4.11007e-14
0.26,0.54,3.75948e-13
0.26,0.58,3.79595e-12
0.26,0.62,2.8266e-11
0.26,0.66,2.22686e-10
0.26,0.7,1.10237e-09
0.26,0.74,5.90836e-09
0.26,0.78,3.55873e-08
0.26,0.82,1.25152e-07
0.26,0.86,5.55492e-07
0.26,0.9,1.73934e-06
0.26,0.94,4.64181e-06
0.26,0.98,1.47946e-05
0.26,1.02,2.63239e-05
0.26,1.06,5.99956e-05
0.26,1.1,4.65848e-05
0.26,1.14,2.01201e-05
0.26,1.18,5.11527e-06
0.26,1.22,7.0248e-07
0.26,1.26,3.95297e-08
0.26,1.3,1.99419e-13
0.26,1.34,1.80797e-15
0.26,1.38,1.05095e-22
0.26,1.42,5.91486e-29
0.26,1.46,5.10146e-35
0.26,1.5,2.72914e-37
0.26,1.54,3.91243e-43
0.26,1.58,1.72899e-49
0.26,1.62,1.91545e-56
0.26,1.66,0
0.26,1.7,0
0.26,1.74,0
0.26,1.78,0
0.26,1.82,0
0.26,1.86,0
0.26,1.9,0
0.26,1.94,0
0.26,1.98,0
0.3,0.02,4.08347e-31
0.3,0.06,2.9395e-28
0.3,0.1,9.85899e-26
0.3,0.14,1.46723e-23
0.3,0.18,1.40888e-21
0.3,0.22,8.111e-20
0.3,0.26,2.99413e-18
0.3,0.3,7.3648e-17
0.3,0.34,1.30924e-15
0.3,0.38,2.28391e-14
0.3,0.42,3.52e-13
0.3,0.46,4.44415e-12
0.3,0.5,4.11991e-11
0.3,0.54,3.08292e-10
0.3,0.58,2.30199e-09
0.3,0.62,1.43091e-08
0.3,0.66,8.47419e-08
0.3,0.7,3.61887e-07
0.3,0.74,1.55493e-06
0.3,0.78,7.14837e-06
0.3,0.82,2.20098e-05
0.3,0.86,7.48867e-05
0.3,0.9,0.000204118
0.3,0.94,0.000445219
0.3,0.98,0.00108672
0.3,1.02,0.00186247
0.3,1.06,0.00311978
0.3,1.1,0.00253677
0.3,1.14,0.00129311
0.3,1.18,0.00042973
0.3,1.22,8.84222e-05
0.3,1.26,9.65693e-06
0.3,1.3,4.21737e-07
0.3,1.34,2.31912e-12
0.3,1.38,2.94314e-20
0.3,1.42,5.4545e-22
0.3,1.46,2.927e-28
0.3,1.5,2.06647e-34
0.3,1.54,1.20765e-40
0.3,1.58,9.0815e-43
0.3,1.62,4.18578e-49
0.3,1.66,4.29147e-56
0.3,1.7,0
0.3,1.74,0
0.3,1.78,0
0.3,1.82,0
0.3,1.86,0
0.3,1.9,0
0.3,1.94,0
0.3,1.98,0
0.34,0.02,2.8914e-26
0.34,0.06,1.26929e-23
0.34,0.1,1.63849e-21
0.34,0.14,1.19962e-19
0.34,0.18,6.06204e-18
0.34,0.22,2.19953e-16
0.34,0.26,5.74444e-15
0.34,0.3,1.09179e-13
0.34,0.34,1.56163e-12
0.34,0.38,1.89254e-11
0.34,0.42,2.04777e-10
0.34,0.46,1.91931e-09
0.34,0.5,1.44037e-08
0.34,0.54,8.86708e-08
0.34,0.58,5.15408e-07
0.34,0.62,2.65052e-06
0.34,0.66,1.25089e-05
0.34,0.7,4.88878e-05
0.34,0.74,0.000175314
0.34,0.78,0.000617556
0.34,0.82,0.00162838
0.34,0.86,0.0044562
0.34,0.9,0.0104724
0.34,0.94,0.0193581
0.34,0.98,0.038174
0.34,1.02,0.0597137
0.34,1.06,0.0813169
0.34,1.1,0.0685391
0.34,1.14,0.0401927
0.34,1.18,0.0166731
0.34,1.22,0.00470802
0.34,1.26,0.00081272
0.34,1.3,6.73214e-05
0.34,1.34,1.8276e-06
0.34,1.38,1.72513e-11
0.34,1.42,1.53047e-19
0.34,1.46,1.28841e-21
0.34,1.5,9.92073e-28
0.34,1.54,6.29945e-34
0.34,1.58,3.19843e-40
0.34,1.62,9.07695e-43
0.34,1.66,6.88045e-49
0.34,1.7,7.06531e-56
0.34,1.74,0
0.34,1.78,0
0.34,1.82,0
0.34,1.86,0
0.34,1.9,0
0.34,1.94,0
0.34,1.98,0
0.38,0.02,1.03633e-22
0.38,0.06,3.60127e-20
0.38,0.1,3.55342e-18
0.38,0.14,1.88537e-16
0.38,0.18,6.69101e-15
0.38,0.22,1.73404e-13
0.38,0.26,3.3605e-12
0.38,0.3,4.9506e-11
0.38,0.34,5.71559e-10
0.38,0.38,5.43683e-09
0.38,0.42,4.43312e-08
0.38,0.46,3.12686e-07
0.38,0.5,1.87809e-06
0.38,0.54,9.65187e-06
0.38,0.58,4.5205e-05
0.38,0.62,0.000190527
0.38,0.66,0.000732959
0.38,0.7,0.0025076
0.38,0.74,0.00769082
0.38,0.78,0.0221741
0.38,0.82,0.0515805
0.38,0.86,0.118233
0.38,0.9,0.239503
0.38,0.94,0.38783
0.38,0.98,0.641547
0.38,1.02,0.895984
0.38,1.06,1.06681
0.38,1.1,0.936004
0.38,1.14,0.625684
0.38,1.18,0.316094
0.38,1.22,0.116689
0.38,1.26,0.0293208
0.38,1.3,0.00435365
0.38,1.34,0.000281163
0.38,1.38,1.06124e-06
0.38,1.42,2.63693e-08
0.38,1.46,5.94143e-19
0.38,1.5,1.53447e-25
0.38,1.54,2.21859e-27
0.38,1.58,1.50891e-33
0.38,1.62,6.71435e-40
0.38,1.66,1.61755e-46
0.38,1.7,6.03434e-49
0.38,1.74,7.97986e-56
0.38,1.78,0
0.38,1.82,0
0.38,1.86,0
0.38,1.9,0
0.38,1.94,0
0.38,1.98,0
0.42,0.02,1.02875e-19
0.42,0.06,2.75084e-17
0.42,0.1,2.17286e-15
0.42,0.14,9.04158e-14
0.42,0.18,2.40688e-12
0.42,0.22,4.58776e-11
0.42,0.26,6.66645e-10
0.42,0.3,7.59769e-09
0.42,0.34,6.9355e-08
0.42,0.38,5.22748e-07
0.42,0.42,3.35642e-06
0.42,0.46,1.86668e-05
0.42,0.5,9.05359e-05
0.42,0.54,0.000387121
0.42,0.58,0.00149951
0.42,0.62,0.00526368
0.42,0.66,0.0169189
0.42,0.7,0.0499636
0.42,0.74,0.133176
0.42,0.78,0.328343
0.42,0.82,0.698871
0.42,0.86,1.37328
0.42,0.9,2.40875
0.42,0.94,3.5706
0.42,0.98,5.05663
0.42,1.02,6.32154
0.42,1.06,6.98806
0.42,1.1,6.44263
0.42,1.14,4.92151
0.42,1.18,3.01872
0.42,1.22,1.42832
0.42,1.26,0.49641
0.42,1.3,0.117422
0.42,1.34,0.0165294
0.42,1.38,0.00112009
0.42,1.42,3.10286e-05
0.42,1.46,6.31946e-07
0.42,1.5,1.90334e-18
0.42,1.54,4.21212e-25
0.42,1.58,2.45667e-27
0.42,1.62,2.7236e-33
0.42,1.66,1.14803e-39
0.42,1.7,2.42591e-46
0.42,1.74,1.4941e-53
0.42,1.78,4.53896e-56
0.42,1.82,0
0.42,1.86,0
0.42,1.9,0
0.42,1.94,0
0.42,1.98,0
0.46,0.02,5.35549e-17
0.46,0.06,9.77315e-15
0.46,0.1,5.42194e-13
0.46,0.14,1.6511e-11
0.46,0.18,3.29186e-10
0.46,0.22,4.70917e-09
0.46,0.26,5.13772e-08
0.46,0.3,4.45621e-07
0.46,0.34,3.15754e-06
0.46,0.38,1.87133e-05
0.46,0.42,9.51892e-05
0.46,0.46,0.00042407
0.46,0.5,0.00167376
0.46,0.54,0.00592973
0.46,0.58,0.0192141
0.46,0.62,0.0572807
0.46,0.66,0.157921
0.46,0.7,0.405368
0.46,0.74,0.953452
0.46,0.78,2.06309
0.46,0.82,3.96998
0.46,0.86,6.93033
0.46,0.9,10.8337
0.46,0.94,14.9502
0.46,0.98,19.1272
0.46,1.02,22.2473
0.46,1.06,23.8868
0.46,1.1,23.1701
0.46,1.14,19.9938
0.46,1.18,14.7977
0.46,1.22,8.9316
0.46,1.26,4.2122
0.46,1.3,1.52004
0.46,1.34,0.411922
0.46,1.38,0.0781737
0.46,1.42,0.0087452
0.46,1.46,0.000487479
0.46,1.5,1.4168e-07
0.46,1.54,5.48819e-18
0.46,1.58,1.00486e-24
0.46,1.62,3.2099e-31
0.46,1.66,3.44296e-33
0.46,1.7,1.57291e-39
0.46,1.74,2.97077e-46
0.46,1.78,1.58521e-53
0.46,1.82,0
0.46,1.86,0
0.46,1.9,0
0.46,1.94,0
0.46,1.98,0
0.5,0.02,1.10101e-14
0.5,0.06,1.40769e-12
0.5,0.1,5.53529e-11
0.5,0.14,1.21758e-09
0.5,0.18,1.79271e-08
0.5,0.22,1.929e-07
0.5,0.26,1.60185e-06
0.5,0.3,1.06819e-05
0.5,0.34,5.89757e-05
0.5,0.38,0.00027622
0.5,0.42,0.00112355
0.5,0.46,0.00406373
0.5,0.5,0.0132994
0.5,0.54,0.0398944
0.5,0.58,0.111269
0.5,0.62,0.290537
0.5,0.66,0.709547
0.5,0.7,1.62135
0.5,0.74,3.42073
0.5,0.78,6.60721
0.5,0.82,11.4864
0.5,0.86,18.0502
0.5,0.9,25.7221
0.5,0.94,33.5175
0.5,0.98,40.5965
0.5,1.02,46.0488
0.5,1.06,49.1504
0.5,1.1,49.6052
0.5,1.14,46.8176
0.5,1.18,40.2068
0.5,1.22,29.995
0.5,1.26,18.4206
0.5,1.3,9.23223
0.5,1.34,4.02864
0.5,1.38,1.52898
0.5,1.42,0.416984
0.5,1.46,0.0566335
0.5,1.5,0.00316426
0.5,1.54,7.16263e-16
0.5,1.58,1.44866e-17
0.5,1.62,2.17148e-24
0.5,1.66,5.66921e-31
0.5,1.7,1.93468e-33
0.5,1.74,1.60856e-39
0.5,1.78,2.91364e-46
0.5,1.82,1.33506e-53
0.5,1.86,0
0.5,1.9,0
0.5,1.94,0
0.5,1.98,0
0.54,0.02,1.09551e-12
0.54,0.06,9.89082e-11
0.54,0.1,2.74517e-09
0.54,0.14,4.29682e-08
0.54,0.18,4.58039e-07
0.54,0.22,3.6535e-06
0.54,0.26,2.30294e-05
0.54,0.3,0.00011896
0.54,0.34,0.000518876
0.54,0.38,0.00196394
0.54,0.42,0.00660828
0.54,0.46,0.0202183
0.54,0.5,0.0572947
0.54,0.54,0.151831
0.54,0.58,0.378754
0.54,0.62,0.892822
0.54,0.66,1.97935
0.54,0.7,4.10045
0.54,0.74,7.84392
0.54,0.78,13.6767
0.54,0.82,21.5796
0.54,0.86,30.9661
0.54,0.9,40.9917
0.54,0.94,50.8591
0.54,0.98,59.9071
0.54,1.02,67.4348
0.54,1.06,72.1047
0.54,1.1,74.2783
0.54,1.14,73.8776
0.54,1.18,70.0602
0.54,1.22,61.3096
0.54,1.26,46.6903
0.54,1.3,29.6916
0.54,1.34,16.9327
0.54,1.38,9.72462
0.54,1.42,4.98747
0.54,1.46,1.74732
0.54,1.5,0.277675
0.54,1.54,0.0196191
0.54,1.58,0.000521806
0.54,1.62,4.61509e-06
0.54,1.66,4.33463e-24
0.54,1.7,8.88899e-31
0.54,1.74,1.67788e-37
0.54,1.78,9.92268e-40
0.54,1.82,2.05539e-46
0.54,1.86,8.26004e-54
0.54,1.9,0
0.54,1.94,0
0.54,1.98,0
0.58,0.02,7.08813e-11
0.58,0.06,4.32988e-09
0.58,0.1,8.21279e-08
0.58,0.14,8.95308e-07
0.58,0.18,6.79882e-06
0.58,0.22,3.96391e-05
0.58,0.26,0.000188296
0.58,0.3,0.000758581
0.58,0.34,0.00266923
0.58,0.38,0.00841033
0.58,0.42,0.0242406
0.58,0.46,0.0649269
0.58,0.5,0.16383
0.58,0.54,0.392718
0.58,0.58,0.895068
0.58,0.62,1.93801
0.58,0.66,3.95839
0.58,0.7,7.53578
0.58,0.74,13.216
0.58,0.78,21.13
0.58,0.82,30.7806
0.58,0.86,41.2919
0.58,0.9,51.8715
0.58,0.94,62.0106
0.58,0.98,70.8297
0.58,1.02,78.0457
0.58,1.06,83.2624
0.58,1.1,85.9184
0.58,1.14,87.2457
0.58,1.18,87.0152
0.58,1.22,84.2393
0.58,1.26,76.5963
0.58,1.3,61.1873
0.58,1.34,41.6119
0.58,1.38,28.2576
0.58,1.42,20.1871
0.58,1.46,13.0664
0.58,1.5,6.39508
0.58,1.54,1.55484
0.58,1.58,0.16658
0.58,1.62,0.00758357
0.58,1.66,3.546e-22
0.58,1.7,8.16464e-24
0.58,1.74,1.24794e-30
0.58,1.78,1.86461e-37
0.58,1.82,1.7295e-44
0.58,1.86,7.56775e-47
0.58,1.9,2.95631e-54
0.58,1.94,0
0.58,1.98,0
0.62,0.02,3.44489e-09
0.62,0.06,1.3421e-07
0.62,0.1,1.67435e-06
0.62,0.14,1.24711e-05
0.62,0.18,6.71858e-05
0.62,0.22,0.000288152
0.62,0.26,0.00104359
0.62,0.3,0.00332508
0.62,0.34,0.00959976
0.62,0.38,0.0256002
0.62,0.42,0.0640854
0.62,0.46,0.153033
0.62,0.5,0.348394
0.62,0.54,0.762668
0.62,0.58,1.60607
0.62,0.62,3.23334
0.62,0.66,6.15656
0.62,0.7,10.9279
0.62,0.74,17.8593
0.62,0.78,26.735
0.62,0.82,36.8101
0.62,0.86,47.0525
0.62,0.9,56.7518
0.62,0.94,65.4845
0.62,0.98,72.9584
0.62,1.02,79.2069
0.62,1.06,84.3061
0.62,1.1,87.6395
0.62,1.14,89.3131
0.62,1.18,90.1923
0.62,1.22,90.4711
0.62,1.26,89.7752
0.62,1.3,85.7443
0.62,1.34,73.4847
0.62,1.38,55.7929
0.62,1.42,43.1629
0.62,1.46,35.0322
0.62,1.5,27.4955
0.62,1.54,18.4899
0.62,1.58,6.55536
0.62,1.62,0.830092
0.62,1.66,0.0385278
0.62,1.7,8.91126e-22
0.62,1.74,1.447e-23
0.62,1.78,1.55044e-30
0.62,1.82,1.80427e-37
0.62,1.86,1.29755e-44
0.62,1.9,2.77621e-52
0.62,1.94,0
0.62,1.98,0
0.66,0.02,1.24009e-07
0.66,0.06,3.03245e-06
0.66,0.1,2.4837e-05
0.66,0.14,0.000127765
0.66,0.18,0.000497105
0.66,0.22,0.00160605
0.66,0.26,0.00460284
0.66,0.3,0.0123058
0.66,0.34,0.0305538
0.66,0.38,0.0706361
0.66,0.42,0.154705
0.66,0.46,0.325713
0.66,0.5,0.663957
0.66,0.54,1.31576
0.66,0.58,2.53328
0.66,0.62,4.69472
0.66,0.66,8.27756
0.66,0.7,13.6912
0.66,0.74,20.9778
0.66,0.78,29.6663
0.66,0.82,38.9569
0.66,0.86,48.0142
0.66,0.9,56.2931
0.66,0.94,63.5231
0.66,0.98,69.6197
0.66,1.02,74.6305
0.66,1.06,78.6778
0.66,1.1,81.8519
0.66,1.14,83.8011
0.66,1.18,84.7479
0.66,1.22,85.3311
0.66,1.26,86.1288
0.66,1.3,87.534
0.66,1.34,89.1531
0.66,1.38,83.9983
0.66,1.42,69.7187
0.66,1.46,58.5343
0.66,1.5,51.5371
0.66,1.54,45.503
0.66,1.58,35.8662
0.66,1.62,15.6837
0.66,1.66,2.21183
0.66,1.7,0.106644
0.66,1.74,0.0004105
0.66,1.78,7.38599e-29
0.66,1.82,5.58745e-36
0.66,1.86,3.26131e-43
0.66,1.9,6.33461e-51
0.66,1.94,0
0.66,1.98,0
0.7,0.02,3.20498e-06
0.7,0.06,4.98737e-05
0.7,0.1,0.000276353
0.7,0.14,0.00102946
0.7,0.18,0.00306181
0.7,0.22,0.00799841
0.7,0.26,0.0192195
0.7,0.3,0.0430809
0.7,0.34,0.0895499
0.7,0.38,0.176475
0.7,0.42,0.3351
0.7,0.46,0.619735
0.7,0.5,1.12479
0.7,0.54,2.0056
0.7,0.58,3.50722
0.7,0.62,5.96281
0.7,0.66,9.72652
0.7,0.7,15.0172
0.7,0.74,21.7279
0.7,0.78,29.392
0.7,0.82,37.3599
0.7,0.86,45.02
0.7,0.9,51.947
0.7,0.94,57.9261
0.7,0.98,62.7589
0.7,1.02,66.5822
0.7,1.06,69.528
0.7,1.1,71.7041
0.7,1.14,73.1451
0.7,1.18,74.1848
0.7,1.22,75.0983
0.7,1.26,76.1893
0.7,1.3,77.8797
0.7,1.34,80.8851
0.7,1.38,85.7761
0.7,1.42,90.3222
0.7,1.46,81.3089
0.7,1.5,71.2522
0.7,1.54,65.6927
0.7,1.58,60.3273
0.7,1.62,49.4584
0.7,1.66,23.06
0.7,1.7,3.19308
0.7,1.74,0.0615094
0.7,1.78,1.26846e-27
0.7,1.82,7.54517e-35
0.7,1.86,3.99099e-42
0.7,1.9,7.53798e-50
0.7,1.94,0
0.7,1.98,0
0.74,0.02,6.05833e-05
0.74,0.06,0.000638669
0.74,0.1,0.00248104
0.74,0.14,0.00707438
0.74,0.18,0.0169465
0.74,0.22,0.0365914
0.74,0.26,0.0739265
0.74,0.3,0.13759
0.74,0.34,0.240914
0.74,0.38,0.405329
0.74,0.42,0.665367
0.74,0.46,1.07559
0.74,0.5,1.72317
0.74,0.54,2.73895
0.74,0.58,4.30852
0.74,0.62,6.66186
0.74,0.66,10.0169
0.74,0.7,14.4805
0.74,0.74,19.9565
0.74,0.78,26.1277
0.74,0.82,32.5405
0.74,0.86,38.7297
0.74,0.9,44.248
0.74,0.94,48.918
0.74,0.98,52.718
0.74,1.02,55.7001
0.74,1.06,57.9836
0.74,1.1,59.6789
0.74,1.14,60.8739
0.74,1.18,61.8175
0.74,1.22,62.7577
0.74,1.26,63.9269
0.74,1.3,65.6496
0.74,1.34,68.4119
0.74,1.38,73.0678
0.74,1.42,80.0957
0.74,1.46,85.1275
0.74,1.5,86.0591
0.74,1.54,79.7461
0.74,1.58,75.2922
0.74,1.62,69.6257
0.74,1.66,57.329
0.74,1.7,23.1442
0.74,1.74,1.57504
0.74,1.78,1.1727e-26
0.74,1.82,5.82783e-34
0.74,1.86,2.95294e-41
0.74,1.9,5.64331e-49
0.74,1.94,0
0.74,1.98,0
0.78,0.02,0.000968712
0.78,0.06,0.00737204
0.78,0.1,0.0195682
0.78,0.14,0.0440058
0.78,0.18,0.0866574
0.78,0.22,0.155513
0.78,0.26,0.26182
0.78,0.3,0.409991
0.78,0.34,0.611654
0.78,0.38,0.884074
0.78,0.42,1.25365
0.78,0.46,1.75957
0.78,0.5,2.45953
0.78,0.54,3.43387
0.78,0.58,4.78707
0.78,0.62,6.64082
0.78,0.66,9.11164
0.78,0.7,12.2707
0.78,0.74,16.0937
0.78,0.78,20.4243
0.78,0.82,25.0123
0.78,0.86,29.4389
0.78,0.9,33.4267
0.78,0.94,36.8181
0.78,0.98,39.5769
0.78,1.02,41.7548
0.78,1.06,43.4655
0.78,1.1,44.7777
0.78,1.14,45.9346
0.78,1.18,47.0887
0.78,1.22,48.3959
0.78,1.26,50.0243
0.78,1.3,52.1562
0.78,1.34,55.0469
0.78,1.38,59.2316
0.78,1.42,65.6267
0.78,1.46,73.8877
0.78,1.5,80.9001
0.78,1.54,83.1262
0.78,1.58,83.3792
0.78,1.62,78.3084
0.78,1.66,73.8805
0.78,1.7,59.3928
0.78,1.74,12.9562
0.78,1.78,6.64876e-26
0.78,1.82,2.87907e-33
0.78,1.86,1.46019e-40
0.78,1.9,2.91776e-48
0.78,1.94,0
0.78,1.98,0
0.82,0.02,255
0.82,0.06,0.135133
0.82,0.1,0.118133
0.82,0.14,0.242042
0.82,0.18,0.411773
0.82,0.22,0.631299
0.82,0.26,0.898734
0.82,0.3,1.20961
0.82,0.34,1.56497
0.82,0.38,1.96765
0.82,0.42,2.42383
0.82,0.46,2.94414
0.82,0.5,3.54541
0.82,0.54,4.25328
0.82,0.58,5.10484
0.82,0.62,6.15086
0.82,0.66,7.45645
0.82,0.7,9.09088
0.82,0.74,11.106
0.82,0.78,13.4664
0.82,0.82,15.9597
0.82,0.86,18.3769
0.82,0.9,20.5335
0.82,0.94,22.3166
0.82,0.98,23.6823
0.82,1.02,25.2273
0.82,1.06,26.9435
0.82,1.1,28.8969
0.82,1.14,30.6684
0.82,1.18,32.316
0.82,1.22,33.8039
0.82,1.26,35.5732
0.82,1.3,38.1468
0.82,1.34,41.5963
0.82,1.38,45.8816
0.82,1.42,51.6948
0.82,1.46,59.7176
0.82,1.5,68.9283
0.82,1.54,76.1133
0.82,1.58,79.6202
0.82,1.62,79.4892
0.82,1.66,76.0203
0.82,1.7,77.3691
0.82,1.74,44.3632
0.82,1.78,2.43875e-25
0.82,1.82,9.70679e-33
0.82,1.86,5.12426e-40
0.82,1.9,1.10402e-47
0.82,1.94,0
0.82,1.98,0
0.86,0.02,255
0.86,0.06,174.103
0.86,0.1,109.866
0.86,0.14,85.6527
0.86,0.18,71.994
0.86,0.22,62.264
0.86,0.26,56.4108
0.86,0.3,54.01
0.86,0.34,53.5772
0.86,0.38,54.2199
0.86,0.42,55.6995
0.86,0.46,58.0437
0.86,0.5,60.7909
0.86,0.54,63.6317
0.86,0.58,65.6483
0.86,0.62,64.4475
0.86,0.66,57.9807
0.86,0.7,46.3577
0.86,0.74,33.405
0.86,0.78,23.5948
0.86,0.82,18.1898
0.86,0.86,18.1277
0.86,0.9,21.3929
0.86,0.94,27.6348
0.86,0.98,34.6328
0.86,1.02,40.5983
0.86,1.06,45.1423
0.86,1.1,48.1311
0.86,1.14,49.6108
0.86,1.18,49.9201
0.86,1.22,49.2948
0.86,1.26,48.9783
0.86,1.3,48.5418
0.86,1.34,48.2441
0.86,1.38,48.3716
0.86,1.42,49.5671
0.86,1.46,52.4339
0.86,1.5,58.1149
0.86,1.54,65.547
0.86,1.58,71.5394
0.86,1.62,73.9158
0.86,1.66,73.8401
0.86,1.7,76.8668
0.86,1.74,75.339
0.86,1.78,5.94543e-25
0.86,1.82,2.322e-32
0.86,1.86,1.31908e-39
0.86,1.9,3.15861e-47
0.86,1.94,0
0.86,1.98,0
0.9,0.02,255
0.9,0.06,252.34
0.9,0.1,244.22
0.9,0.14,231.631
0.9,0.18,221.059
0.9,0.22,214.015
0.9,0.26,207.788
0.9,0.3,201.077
0.9,0.34,193.722
0.9,0.38,186.242
0.9,0.42,179.041
0.9,0.46,172.42
0.9,0.5,166.387
0.9,0.54,160.868
0.9,0.58,155.733
0.9,0.62,151.227
0.9,0.66,147.668
0.9,0.7,145.236
0.9,0.74,143.554
0.9,0.78,141.717
0.9,0.82,138.68
0.9,0.86,133.68
0.9,0.9,126.818
0.9,0.94,118.947
0.9,0.98,111.065
0.9,1.02,104.076
0.9,1.06,98.5484
0.9,1.1,94.6263
0.9,1.14,92.2719
0.9,1.18,91.5237
0.9,1.22,92.2056
0.9,1.26,92.5892
0.9,1.3,90.2519
0.9,1.34,88.3885
0.9,1.38,83.45
0.9,1.42,78.7318
0.9,1.46,73.9199
0.9,1.5,70.122
0.9,1.54,68.9577
0.9,1.58,70.5941
0.9,1.62,73.1069
0.9,1.66,75.322
0.9,1.7,78.894
0.9,1.74,81.0534
0.9,1.78,9.54896e-25
0.9,1.82,3.90599e-32
0.9,1.86,2.44037e-39
0.9,1.9,6.68124e-47
0.9,1.94,0
0.9,1.98,0
0.94,0.02,255
0.94,0.06,182.959
0.94,0.1,104.361
0.94,0.14,62.7768
0.94,0.18,42.2427
0.94,0.22,30.6391
0.94,0.26,23.8739
0.94,0.3,19.4362
0.94,0.34,15.8061
0.94,0.38,12.7492
0.94,0.42,10.5206
0.94,0.46,9.13734
0.94,0.5,8.36698
0.94,0.54,7.96641
0.94,0.58,7.7877
0.94,0.62,7.77569
0.94,0.66,7.94556
0.94,0.7,8.3696
0.94,0.74,9.17011
0.94,0.78,10.5031
0.94,0.82,12.6288
0.94,0.86,15.6134
0.94,0.9,19.2618
0.94,0.94,23.2722
0.94,0.98,27.2977
0.94,1.02,31.0374
0.94,1.06,34.2856
0.94,1.1,36.9221
0.94,1.14,38.9059
0.94,1.18,40.2129
0.94,1.22,40.8137
0.94,1.26,43.1347
0.94,1.3,47.4961
0.94,1.34,53.4534
0.94,1.38,60.5061
0.94,1.42,67.4687
0.94,1.46,72.8169
0.94,1.5,75.6906
0.94,1.54,76.1005
0.94,1.58,75.8001
0.94,1.62,76.4845
0.94,1.66,78.3967
0.94,1.7,81.9848
0.94,1.74,79.9702
0.94,1.78,7.44159e-25
0.94,1.82,3.2704e-32
0.94,1.86,1.99524e-39
0.94,1.9,5.30201e-47
0.94,1.94,0
0.94,1.98,0
0.98,0.02,255
0.98,0.06,60.9033
0.98,0.1,0.319361
0.98,0.14,0.478817
0.98,0.18,0.689363
0.98,0.22,0.900983
0.98,0.26,1.08755
0.98,0.3,1.24452
0.98,0.34,1.37491
0.98,0.38,1.4905
0.98,0.42,1.60968
0.98,0.46,1.75475
0.98,0.5,1.95389
0.98,0.54,2.24787
0.98,0.58,2.69937
0.98,0.62,3.40439
0.98,0.66,4.50416
0.98,0.7,6.19024
0.98,0.74,8.68673
0.98,0.78,12.1925
0.98,0.82,16.7837
0.98,0.86,22.3166
0.98,0.9,28.4538
0.98,0.94,34.5391
0.98,0.98,40.1071
0.98,1.02,44.8563
0.98,1.06,48.6672
0.98,1.1,51.5302
0.98,1.14,53.4868
0.98,1.18,54.6129
0.98,1.22,55.0027
0.98,1.26,54.6147
0.98,1.3,53.7008
0.98,1.34,52.9413
0.98,1.38,53.0677
0.98,1.42,54.8663
0.98,1.46,58.7149
0.98,1.5,64.2589
0.98,1.54,69.9689
0.98,1.58,74.0897
0.98,1.62,76.5531
0.98,1.66,78.7809
0.98,1.7,82.3608
0.98,1.74,61.599
0.98,1.78,4.28266e-25
0.98,1.82,2.01669e-32
0.98,1.86,1.20258e-39
0.98,1.9,3.08761e-47
0.98,1.94,0
0.98,1.98,0
1.02,0.02,255
1.02,0.06,0.023409
1.02,0.1,0.0674394
1.02,0.14,0.108494
1.02,0.18,0.159437
1.02,0.22,0.212843
1.02,0.26,0.262529
1.02,0.3,0.30909
1.02,0.34,0.358662
1.02,0.38,0.418265
1.02,0.42,0.498014
1.02,0.46,0.613223
1.02,0.5,0.789243
1.02,0.54,1.07112
1.02,0.58,1.53705
1.02,0.62,2.31965
1.02,0.66,3.63378
1.02,0.7,5.7917
1.02,0.74,9.15892
1.02,0.78,14.0125
1.02,0.82,20.3479
1.02,0.86,27.7774
1.02,0.9,35.6385
1.02,0.94,43.2386
1.02,0.98,49.9395
1.02,1.02,55.4435
1.02,1.06,59.7617
1.02,1.1,62.9366
1.02,1.14,65.0656
1.02,1.18,66.2738
1.02,1.22,66.6466
1.02,1.26,66.1446
1.02,1.3,64.9396
1.02,1.34,63.1547
1.02,1.38,61.0208
1.02,1.42,59.007
1.02,1.46,57.807
1.02,1.5,58.4357
1.02,1.54,61.5023
1.02,1.58,66.4038
1.02,1.62,71.3895
1.02,1.66,75.729
1.02,1.7,81.3549
1.02,1.74,29.3264
1.02,1.78,1.99016e-25
1.02,1.82,9.87869e-33
1.02,1.86,5.6935e-40
1.02,1.9,1.39946e-47
1.02,1.94,0
1.02,1.98,0
1.06,0.02,0.000576648
1.06,0.06,0.00400921
1.06,0.1,0.00931848
1.06,0.14,0.0169222
1.06,0.18,0.0263224
1.06,0.22,0.0367579
1.06,0.26,0.0481715
1.06,0.3,0.0618051
1.06,0.34,0.080372
1.06,0.38,0.106963
1.06,0.42,0.147127
1.06,0.46,0.21117
1.06,0.5,0.319252
1.06,0.54,0.51106
1.06,0.58,0.861356
1.06,0.62,1.5092
1.06,0.66,2.70487
1.06,0.7,4.85032
1.06,0.74,8.45232
1.06,0.78,13.9374
1.06,0.82,21.3435
1.06,0.86,30.132
1.06,0.9,39.3863
1.06,0.94,48.198
1.06,0.98,55.9554
1.06,1.02,62.4091
1.06,1.06,67.4526
1.06,1.1,71.1127
1.06,1.14,73.6087
1.06,1.18,75.0953
1.06,1.22,75.6133
1.06,1.26,75.143
1.06,1.3,73.8513
1.06,1.34,71.8194
1.06,1.38,69.2171
1.06,1.42,66.3468
1.06,1.46,63.6114
1.06,1.5,61.5667
1.06,1.54,60.9817
1.06,1.58,62.8039
1.06,1.62,67.2079
1.06,1.66,73.6858
1.06,1.7,79.4558
1.06,1.74,8.19388
1.06,1.78,7.22928e-26
1.06,1.82,3.7382e-33
1.06,1.86,2.08114e-40
1.06,1.9,4.89299e-48
1.06,1.94,0
1.06,1.98,0
1.1,0.02,3.64663e-05
1.1,0.06,0.000299342
1.1,0.1,0.000880052
1.1,0.14,0.00180048
1.1,0.18,0.0030255
1.1,0.22,0.00460329
1.1,0.26,0.00678132
1.1,0.3,0.00999576
1.1,0.34,0.0151289
1.1,0.38,0.0237318
1.1,0.42,0.0386713
1.1,0.46,0.0659383
1.1,0.5,0.118562
1.1,0.54,0.223986
1.1,0.58,0.438755
1.1,0.62,0.878024
1.1,0.66,1.76952
1.1,0.7,3.51654
1.1,0.74,6.70568
1.1,0.78,11.9676
1.1,0.82,19.5942
1.1,0.86,29.1483
1.1,0.9,39.5547
1.1,0.94,49.5872
1.1,0.98,58.4677
1.1,1.02,65.8785
1.1,1.06,71.7616
1.1,1.1,76.201
1.1,1.14,79.3843
1.1,1.18,81.4567
1.1,1.22,82.2249
1.1,1.26,81.4244
1.1,1.3,79.7622
1.1,1.34,77.5241
1.1,1.38,74.8793
1.1,1.42,71.8681
1.1,1.46,68.6801
1.1,1.5,65.8362
1.1,1.54,64.0094
1.1,1.58,64.1675
1.1,1.62,67.705
1.1,1.66,75.3205
1.1,1.7,54.4615
1.1,1.74,1.12096
1.1,1.78,1.9279e-26
1.1,1.82,1.03667e-33
1.1,1.86,5.63777e-41
1.1,1.9,1.27747e-48
1.1,1.94,0
1.1,1.98,0
1.14,0.02,1.54846e-06
1.14,0.06,1.48939e-05
1.14,0.1,5.07605e-05
1.14,0.14,0.000115039
1.14,0.18,0.000214217
1.14,0.22,0.000374889
1.14,0.26,0.000663137
1.14,0.3,0.00120265
1.14,0.34,0.0022242
1.14,0.38,0.0042533
1.14,0.42,0.00850304
1.14,0.46,0.0177269
1.14,0.5,0.0385817
1.14,0.54,0.0864195
1.14,0.58,0.196318
1.14,0.62,0.447083
1.14,0.66,1.00741
1.14,0.7,2.1997
1.14,0.74,4.56155
1.14,0.78,8.83484
1.14,0.82,15.6643
1.14,0.86,24.9924
1.14,0.9,35.9149
1.14,0.94,47.0287
1.14,0.98,57.2399
1.14,1.02,66.0074
1.14,1.06,72.932
1.14,1.1,78.1274
1.14,1.14,81.7967
1.14,1.18,84.0074
1.14,1.22,84.4622
1.14,1.26,83.7489
1.14,1.3,82.3311
1.14,1.34,80.3254
1.14,1.38,77.8274
1.14,1.42,74.8614
1.14,1.46,71.6604
1.14,1.5,68.7679
1.14,1.54,66.8733
1.14,1.58,67.1397
1.14,1.62,70.3986
1.14,1.66,61.5435
1.14,1.7,17.1717
1.14,1.74,0.0434053
1.14,1.78,3.43588e-27
1.14,1.82,1.95855e-34
1.14,1.86,1.0655e-41
1.14,1.9,2.36476e-49
1.14,1.94,0
1.14,1.98,0
1.18,0.02,2.18226e-08
1.18,0.06,2.71038e-07
1.18,0.1,1.14325e-06
1.18,0.14,3.14022e-06
1.18,0.18,7.24364e-06
1.18,0.22,1.64446e-05
1.18,0.26,3.89562e-05
1.18,0.3,9.51842e-05
1.18,0.34,0.000235768
1.18,0.38,0.000590584
1.18,0.42,0.00150587
1.18,0.46,0.00393531
1.18,0.5,0.0105056
1.18,0.54,0.0280403
1.18,0.58,0.0743431
1.18,0.62,0.194381
1.18,0.66,0.49241
1.18,0.7,1.18472
1.18,0.74,2.67644
1.18,0.78,5.61828
1.18,0.82,10.7901
1.18,0.86,18.6402
1.18,0.9,28.7804
1.18,0.94,40.0756
1.18,0.98,51.2941
1.18,1.02,61.5796
1.18,1.06,69.9421
1.18,1.1,76.1981
1.18,1.14,80.4702
1.18,1.18,82.8142
1.18,1.22,83.4148
1.18,1.26,83.1031
1.18,1.3,82.008
1.18,1.34,80.2167
1.18,1.38,77.8914
1.18,1.42,75.2794
1.18,1.46,72.6867
1.18,1.5,70.5459
1.18,1.54,69.3432
1.18,1.58,68.2655
1.18,1.62,56.755
1.18,1.66,20.5453
1.18,1.7,1.68523
1.18,1.74,1.30743e-20
1.18,1.78,3.60955e-28
1.18,1.82,2.28574e-35
1.18,1.86,1.29104e-42
1.18,1.9,2.87913e-50
1.18,1.94,0
1.18,1.98,0
1.22,0.02,5.69762e-11
1.22,0.06,1.05674e-09
1.22,0.1,6.66828e-09
1.22,0.14,2.79665e-08
1.22,0.18,1.00569e-07
1.22,0.22,3.52673e-07
1.22,0.26,1.25057e-06
1.22,0.3,4.44836e-06
1.22,0.34,1.57348e-05
1.22,0.38,5.543e-05
1.22,0.42,0.000194626
1.22,0.46,0.000673289
1.22,0.5,0.00225423
1.22,0.54,0.00724288
1.22,0.58,0.0223734
1.22,0.62,0.0662389
1.22,0.66,0.185556
1.22,0.7,0.487879
1.22,0.74,1.20268
1.22,0.78,2.76838
1.22,0.82,5.8675
1.22,0.86,11.2407
1.22,0.9,19.218
1.22,0.94,29.3206
1.22,0.98,40.3983
1.22,1.02,51.2023
1.22,1.06,60.8361
1.22,1.1,68.6965
1.22,1.14,74.3548
1.22,1.18,77.4322
1.22,1.22,78.559
1.22,1.26,78.499
1.22,1.3,77.4693
1.22,1.34,75.8421
1.22,1.38,74.21
1.22,1.42,72.4463
1.22,1.46,70.5556
1.22,1.5,68.7143
1.22,1.54,64.2233
1.22,1.58,47.0397
1.22,1.62,12.829
1.22,1.66,1.11407
1.22,1.7,0.0326125
1.22,1.74,4.16685e-22
1.22,1.78,1.86674e-29
1.22,1.82,1.42121e-36
1.22,1.86,8.8129e-44
1.22,1.9,2.05301e-51
1.22,1.94,0
1.22,1.98,0
1.26,0.02,4.70638e-14
1.26,0.06,1.3923e-12
1.26,0.1,1.46069e-11
1.26,0.14,1.05188e-10
1.26,0.18,6.48921e-10
1.26,0.22,3.7595e-09
1.26,0.26,2.09362e-08
1.26,0.3,1.12259e-07
1.26,0.34,5.83774e-07
1.26,0.38,2.96299e-06
1.26,0.42,1.4521e-05
1.26,0.46,6.71578e-05
1.26,0.5,0.000288493
1.26,0.54,0.00115009
1.26,0.58,0.00427005
1.26,0.62,0.0147039
1.26,0.66,0.0467192
1.26,0.7,0.137512
1.26,0.74,0.377873
1.26,0.78,0.971553
1.26,0.82,2.30759
1.26,0.86,4.98808
1.26,0.9,9.64836
1.26,0.94,16.6826
1.26,0.98,25.6344
1.26,1.02,35.5384
1.26,1.06,45.1233
1.26,1.1,53.2772
1.26,1.14,59.5025
1.26,1.18,62.9218
1.26,1.22,64.605
1.26,1.26,64.9644
1.26,1.3,64.5117
1.26,1.34,63.7885
1.26,1.38,62.9877
1.26,1.42,61.3374
1.26,1.46,57.8378
1.26,1.5,50.8561
1.26,1.54,24.1312
1.26,1.58,3.18476
1.26,1.62,0.152686
1.26,1.66,0.00210172
1.26,1.7,1.75293e-05
1.26,1.74,3.17449e-24
1.26,1.78,3.11982e-31
1.26,1.82,3.4297e-38
1.26,1.86,2.61455e-45
1.26,1.9,6.84824e-53
1.26,1.94,0
1.26,1.98,0
1.3,0.02,1.82096e-17
1.3,0.06,8.8538e-16
1.3,0.1,1.56627e-14
1.3,0.14,1.9372e-13
1.3,0.18,2.04797e-12
1.3,0.22,1.95697e-11
1.3,0.26,1.69915e-10
1.3,0.3,1.36095e-09
1.3,0.34,1.03073e-08
1.3,0.38,7.4157e-08
1.3,0.42,4.96643e-07
1.3,0.46,3.03553e-06
1.3,0.5,1.69018e-05
1.3,0.54,8.63399e-05
1.3,0.58,0.000403572
1.3,0.62,0.00170408
1.3,0.66,0.00646963
1.3,0.7,0.0222834
1.3,0.74,0.0707436
1.3,0.78,0.209117
1.3,0.82,0.568249
1.3,0.86,1.41
1.3,0.9,3.1181
1.3,0.94,6.26612
1.3,0.98,10.9881
1.3,1.02,17.381
1.3,1.06,24.2341
1.3,1.1,30.654
1.3,1.14,35.5491
1.3,1.18,38.8024
1.3,1.22,40.3778
1.3,1.26,40.7833
1.3,1.3,40.6295
1.3,1.34,39.3828
1.3,1.38,36.9754
1.3,1.42,31.8661
1.3,1.46,18.8504
1.3,1.5,4.53971
1.3,1.54,0.324124
1.3,1.58,0.0107829
1.3,1.62,5.76996e-06
1.3,1.66,3.02596e-23
1.3,1.7,5.57734e-25
1.3,1.74,1.05471e-31
1.3,1.78,1.746e-38
1.3,1.82,1.90178e-45
1.3,1.86,9.3274e-48
1.3,1.9,4.49539e-55
1.3,1.94,0
1.3,1.98,0
1.34,0.02,4.69931e-21
1.34,0.06,3.4937e-19
1.34,0.1,9.99937e-18
1.34,0.14,2.03302e-16
1.34,0.18,3.37993e-15
1.34,0.22,4.75116e-14
1.34,0.26,5.85561e-13
1.34,0.3,6.69852e-12
1.34,0.34,7.29648e-11
1.34,0.38,7.33652e-10
1.34,0.42,6.55511e-09
1.34,0.46,5.17571e-08
1.34,0.5,3.68688e-07
1.34,0.54,2.41171e-06
1.34,0.58,1.44001e-05
1.34,0.62,7.64531e-05
1.34,0.66,0.000358884
1.34,0.7,0.00149634
1.34,0.74,0.00570404
1.34,0.78,0.0202952
1.34,0.82,0.0655083
1.34,0.86,0.192813
1.34,0.9,0.48994
1.34,0.94,1.17293
1.34,0.98,2.34388
1.34,1.02,4.43522
1.34,1.06,7.02871
1.34,1.1,9.96278
1.34,1.14,12.6019
1.34,1.18,14.5725
1.34,1.22,15.2562
1.34,1.26,14.6914
1.34,1.3,13.5943
1.34,1.34,10.9176
1.34,1.38,6.23395
1.34,1.42,2.14152
1.34,1.46,0.347239
1.34,1.5,0.0216462
1.34,1.54,0.000441757
1.34,1.58,9.55553e-17
1.34,1.62,6.92753e-24
1.34,1.66,8.14064e-26
1.34,1.7,3.1168e-32
1.34,1.74,7.71382e-39
1.34,1.78,1.16356e-45
1.34,1.82,4.79198e-48
1.34,1.86,4.16144e-55
1.34,1.9,0
1.34,1.94,0
1.34,1.98,0
1.38,0.02,5.48766e-25
1.38,0.06,6.02233e-23
1.38,0.1,2.762e-21
1.38,0.14,8.99648e-20
1.38,0.18,2.23838e-18
1.38,0.22,4.49633e-17
1.38,0.26,7.9955e-16
1.38,0.3,1.33426e-14
1.38,0.34,2.03485e-13
1.38,0.38,2.69418e-12
1.38,0.42,3.04148e-11
1.38,0.46,2.96841e-10
1.38,0.5,2.63931e-09
1.38,0.54,2.22459e-08
1.38,0.58,1.74025e-07
1.38,0.62,1.17408e-06
1.38,0.66,6.85665e-06
1.38,0.7,3.39684e-05
1.38,0.74,0.000154888
1.38,0.78,0.000680566
1.38,0.82,0.0026761
1.38,0.86,0.00967227
1.38,0.9,0.0282627
1.38,0.94,0.08258
1.38,0.98,0.183739
1.38,1.02,0.437196
1.38,1.06,0.827179
1.38,1.1,1.37664
1.38,1.14,2.07223
1.38,1.18,2.58522
1.38,1.22,2.5808
1.38,1.26,2.02161
1.38,1.3,1.12707
1.38,1.34,0.417782
1.38,1.38,0.0945679
1.38,1.42,0.0106345
1.38,1.46,0.00048181
1.38,1.5,4.60863e-06
1.38,1.54,8.79967e-18
1.38,1.58,1.3281e-24
1.38,1.62,8.5529e-27
1.38,1.66,7.82181e-33
1.38,1.7,2.89747e-39
1.38,1.74,5.98097e-46
1.38,1.78,1.88452e-48
1.38,1.82,2.86267e-55
1.38,1.86,0
1.38,1.9,0
1.38,1.94,0
1.38,1.98,0
1.42,0.02,4.33271e-29
1.42,0.06,5.80375e-27
1.42,0.1,2.97984e-25
1.42,0.14,1.09817e-23
1.42,0.18,3.45654e-22
1.42,0.22,1.03104e-20
1.42,0.26,3.05156e-19
1.42,0.3,8.25393e-18
1.42,0.34,1.82369e-16
1.42,0.38,3.18538e-15
1.42,0.42,4.47543e-14
1.42,0.46,5.26622e-13
1.42,0.5,6.02457e-12
1.42,0.54,6.87249e-11
1.42,0.58,7.26976e-10
1.42,0.62,6.20359e-09
1.42,0.66,4.51716e-08
1.42,0.7,2.6459e-07
1.42,0.74,1.46093e-06
1.42,0.78,7.97765e-06
1.42,0.82,3.75718e-05
1.42,0.86,0.000172907
1.42,0.9,0.000570924
1.42,0.94,0.00210605
1.42,0.98,0.00479539
1.42,1.02,0.0154046
1.42,1.06,0.0351522
1.42,1.1,0.0717939
1.42,1.14,0.136882
1.42,1.18,0.186011
1.42,1.22,0.145746
1.42,1.26,0.071671
1.42,1.3,0.0221393
1.42,1.34,0.00396695
1.42,1.38,0.000310917
1.42,1.42,3.17484e-06
1.42,1.46,2.75897e-09
1.42,1.5,7.74314e-19
1.42,1.54,2.10673e-25
1.42,1.58,4.30386e-28
1.42,1.62,1.63928e-33
1.42,1.66,9.09019e-40
1.42,1.7,2.55664e-46
1.42,1.74,5.43629e-49
1.42,1.78,1.53768e-55
1.42,1.82,0
1.42,1.86,0
1.42,1.9,0
1.42,1.94,0
1.42,1.98,0
1.46,0.02,1.18989e-33
1.46,0.06,2.85132e-31
1.46,0.1,2.69574e-29
1.46,0.14,1.52903e-27
1.46,0.18,5.50666e-26
1.46,0.22,1.53221e-24
1.46,0.26,4.94234e-23
1.46,0.3,1.85198e-21
1.46,0.34,5.64736e-20
1.46,0.38,1.28245e-18
1.46,0.42,2.20464e-17
1.46,0.46,3.04964e-16
1.46,0.5,4.71862e-15
1.46,0.54,7.18564e-14
1.46,0.58,1.03637e-12
1.46,0.62,1.10553e-11
1.46,0.66,1.01799e-10
1.46,0.7,6.9947e-10
1.46,0.74,4.75397e-09
1.46,0.78,3.32689e-08
1.46,0.82,1.87725e-07
1.46,0.86,1.16625e-06
1.46,0.9,4.32785e-06
1.46,0.94,2.0666e-05
1.46,0.98,4.95203e-05
1.46,1.02,0.00020638
1.46,1.06,0.000586655
1.46,1.1,0.00138523
1.46,1.14,0.00372372
1.46,1.18,0.00505357
1.46,1.22,0.00304031
1.46,1.26,0.00101703
1.46,1.3,0.000186007
1.46,1.34,1.44136e-05
1.46,1.38,1.56071e-10
1.46,1.42,1.56332e-18
1.46,1.46,6.07264e-20
1.46,1.5,2.72779e-26
1.46,1.54,1.85845e-32
1.46,1.58,2.8305e-34
1.46,1.62,2.34362e-40
1.46,1.66,8.97059e-47
1.46,1.7,1.01542e-49
1.46,1.74,6.58369e-56
1.46,1.78,0
1.46,1.82,0
1.46,1.86,0
1.46,1.9,0
1.46,1.94,0
1.46,1.98,0
1.5,0.02,4.31072e-38
1.5,0.06,6.74092e-36
1.5,0.1,3.46873e-34
1.5,0.14,1.11445e-32
1.5,0.18,2.74835e-31
1.5,0.22,1.05076e-29
1.5,0.26,7.285e-28
1.5,0.3,3.55207e-26
1.5,0.34,1.05924e-24
1.5,0.38,2.08367e-23
1.5,0.42,2.89901e-22
1.5,0.46,3.02908e-21
1.5,0.5,5.18794e-19
1.5,0.54,1.51389e-17
1.5,0.58,4.02698e-16
1.5,0.62,5.76171e-15
1.5,0.66,7.29555e-14
1.5,0.7,6.04831e-13
1.5,0.74,5.15963e-12
1.5,0.78,4.88803e-11
1.5,0.82,3.30077e-10
1.5,0.86,3.06483e-09
1.5,0.9,1.26177e-08
1.5,0.94,8.09874e-08
1.5,0.98,2.03578e-07
1.5,1.02,1.12518e-06
1.5,1.06,4.22728e-06
1.5,1.1,1.07762e-05
1.5,1.14,4.36388e-05
1.5,1.18,5.42183e-05
1.5,1.22,2.40655e-05
1.5,1.26,5.0864e-06
1.5,1.3,4.35929e-07
1.5,1.34,4.86889e-12
1.5,1.38,1.00643e-19
1.5,1.42,3.83269e-21
1.5,1.46,2.80189e-27
1.5,1.5,2.8525e-33
1.5,1.54,3.93507e-35
1.5,1.58,4.8717e-41
1.5,1.62,2.54977e-47
1.5,1.66,5.34187e-51
1.5,1.7,2.2583e-56
1.5,1.74,0
1.5,1.78,0
1.5,1.82,0
1.5,1.86,0
1.5,1.9,0
1.5,1.94,0
1.5,1.98,0
1.54,0.02,1.1114e-42
1.54,0.06,2.54965e-40
1.54,0.1,1.86808e-38
1.54,0.14,8.51608e-37
1.54,0.18,2.91573e-35
1.54,0.22,7.5839e-34
1.54,0.26,1.47079e-32
1.54,0.3,4.70193e-31
1.54,0.34,2.29635e-29
1.54,0.38,8.366e-28
1.54,0.42,2.00119e-26
1.54,0.46,3.4005e-25
1.54,0.5,5.09228e-24
1.54,0.54,6.67433e-23
1.54,0.58,1.08103e-20
1.54,0.62,2.12179e-19
1.54,0.66,8.73466e-18
1.54,0.7,1.05021e-16
1.54,0.74,1.52475e-15
1.54,0.78,2.40783e-14
1.54,0.82,1.88544e-13
1.54,0.86,3.05541e-12
1.54,0.9,1.34851e-11
1.54,0.94,1.20868e-10
1.54,0.98,3.12161e-10
1.54,1.02,2.38106e-09
1.54,1.06,1.36327e-08
1.54,1.1,3.47526e-08
1.54,1.14,2.28022e-07
1.54,1.18,2.33469e-07
1.54,1.22,6.75051e-08
1.54,1.26,6.66021e-09
1.54,1.3,1.07586e-13
1.54,1.34,4.78699e-21
1.54,1.38,1.79507e-22
1.54,1.42,2.20267e-28
1.54,1.46,3.38151e-34
1.54,1.5,4.21652e-36
1.54,1.54,7.96615e-42
1.54,1.58,5.76768e-48
1.54,1.62,1.2603e-54
1.54,1.66,6.14143e-57
1.54,1.7,0
1.54,1.74,0
1.54,1.78,0
1.54,1.82,0
1.54,1.86,0
1.54,1.9,0
1.54,1.94,0
1.54,1.98,0
1.58,0.02,4.83884e-48
1.58,0.06,1.461e-45
1.58,0.1,1.43772e-43
1.58,0.14,8.14323e-42
1.58,0.18,3.10006e-40
1.58,0.22,8.37272e-39
1.58,0.26,1.6251e-37
1.58,0.3,3.21372e-36
1.58,0.34,9.83225e-35
1.58,0.38,2.69715e-33
1.58,0.42,4.87897e-32
1.58,0.46,5.89676e-31
1.58,0.5,5.55595e-29
1.58,0.54,1.5425e-27
1.58,0.58,1.24237e-25
1.58,0.62,2.32319e-24
1.58,0.66,3.04041e-23
1.58,0.7,2.49298e-22
1.58,0.74,1.84137e-21
1.58,0.78,2.71742e-18
1.58,0.82,1.95374e-17
1.58,0.86,9.36378e-16
1.58,0.9,4.14483e-15
1.58,0.94,5.50109e-14
1.58,0.98,1.40512e-13
1.58,1.02,1.50559e-12
1.58,1.06,1.82446e-11
1.58,1.1,3.9763e-11
1.58,1.14,5.11742e-10
1.58,1.18,3.64052e-10
1.58,1.22,4.74358e-11
1.58,1.26,1.52771e-15
1.58,1.3,1.56773e-22
1.58,1.34,5.83057e-24
1.58,1.38,1.27802e-29
1.58,1.42,3.02497e-35
1.58,1.46,3.30311e-37
1.58,1.5,1.00046e-42
1.58,1.54,1.02095e-48
1.58,1.58,3.0037e-55
1.58,1.62,1.28197e-57
1.58,1.66,0
1.58,1.7,0
1.58,1.74,0
1.58,1.78,0
1.58,1.82,0
1.58,1.86,0
1.58,1.9,0
1.58,1.94,0
1.58,1.98,0
1.62,0.02,1.34633e-52
1.62,0.06,4.77844e-50
1.62,0.1,4.75215e-48
1.62,0.14,2.39847e-46
1.62,0.18,7.53475e-45
1.62,0.22,1.67921e-43
1.62,0.26,2.90154e-42
1.62,0.3,4.3602e-41
1.62,0.34,7.06894e-40
1.62,0.38,1.23971e-38
1.62,0.42,1.82113e-37
1.62,0.46,1.95583e-36
1.62,0.5,1.51761e-35
1.62,0.54,8.7619e-35
1.62,0.58,1.44797e-32
1.62,0.62,3.03816e-31
1.62,0.66,3.42118e-30
1.62,0.7,2.42401e-29
1.62,0.74,1.3266e-28
1.62,0.78,1.18546e-24
1.62,0.82,9.30512e-24
1.62,0.86,3.80683e-22
1.62,0.9,1.92373e-21
1.62,0.94,1.91203e-20
1.62,0.98,5.57464e-20
1.62,1.02,4.28594e-19
1.62,1.06,7.34999e-15
1.62,1.1,7.57987e-15
1.62,1.14,3.85346e-13
1.62,1.18,1.10984e-13
1.62,1.22,1.21342e-17
1.62,1.26,3.23344e-24
1.62,1.3,1.18399e-25
1.62,1.34,5.19208e-31
1.62,1.38,1.9707e-36
1.62,1.42,1.78093e-38
1.62,1.46,9.42999e-44
1.62,1.5,1.39223e-49
1.62,1.54,5.59594e-56
1.62,1.58,1.96919e-58
1.62,1.62,0
1.62,1.66,0
1.62,1.7,0
1.62,1.74,0
1.62,1.78,0
1.62,1.82,0
1.62,1.86,0
1.62,1.9,0
1.62,1.94,0
1.62,1.98,0
1.66,0.02,2.77559e-58
1.66,0.06,1.21729e-55
1.66,0.1,1.93903e-53
1.66,0.14,1.98276e-51
1.66,0.18,1.35505e-49
1.66,0.22,5.92558e-48
1.66,0.26,1.66175e-46
1.66,0.3,3.23915e-45
1.66,0.34,5.17164e-44
1.66,0.38,8.04388e-43
1.66,0.42,1.20045e-41
1.66,0.46,1.499e-40
1.66,0.5,1.44581e-39
1.66,0.54,1.06737e-38
1.66,0.58,7.35553e-38
1.66,0.62,5.46753e-37
1.66,0.66,8.02208e-35
1.66,0.7,1.19381e-33
1.66,0.74,1.31672e-32
1.66,0.78,1.16463e-31
1.66,0.82,7.55944e-31
1.66,0.86,2.92428e-27
1.66,0.9,1.55843e-26
1.66,0.94,2.2406e-24
1.66,0.98,7.49833e-24
1.66,1.02,1.16266e-22
1.66,1.06,2.51205e-21
1.66,1.1,4.7886e-21
1.66,1.14,2.09482e-17
1.66,1.18,4.19338e-20
1.66,1.22,3.67624e-26
1.66,1.26,1.2687e-27
1.66,1.3,1.38187e-32
1.66,1.34,8.92783e-38
1.66,1.38,5.65619e-40
1.66,1.42,6.41679e-45
1.66,1.46,1.42679e-50
1.66,1.5,7.99683e-57
1.66,1.54,2.11527e-59
1.66,1.58,0
1.66,1.62,0
1.66,1.66,0
1.66,1.7,0
1.66,1.74,0
1.66,1.78,0
1.66,1.82,0
1.66,1.86,0
1.66,1.9,0
1.66,1.94,0
1.66,1.98,0
1.7,0.02,3.47025e-64
1.7,0.06,2.95128e-61
1.7,0.1,6.7303e-59
1.7,0.14,8.42379e-57
1.7,0.18,6.47355e-55
1.7,0.22,3.09403e-53
1.7,0.26,9.47328e-52
1.7,0.3,2.09123e-50
1.7,0.34,4.00101e-49
1.7,0.38,7.38392e-48
1.7,0.42,1.20923e-46
1.7,0.46,1.54325e-45
1.7,0.5,1.44207e-44
1.7,0.54,9.79223e-44
1.7,0.58,3.07816e-42
1.7,0.62,5.89833e-41
1.7,0.66,6.77582e-40
1.7,0.7,5.01418e-39
1.7,0.74,2.79219e-38
1.7,0.78,2.84938e-36
1.7,0.82,2.33075e-35
1.7,0.86,2.07077e-33
1.7,0.9,1.13939e-32
1.7,0.94,9.63789e-32
1.7,0.98,2.87363e-31
1.7,1.02,1.74667e-30
1.7,1.06,5.28354e-25
1.7,1.1,5.145e-25
1.7,1.14,3.04021e-23
1.7,1.18,1.80271e-28
1.7,1.22,4.74507e-30
1.7,1.26,2.20345e-34
1.7,1.3,2.67248e-39
1.7,1.34,5.39134e-42
1.7,1.38,3.00082e-46
1.7,1.42,1.06588e-51
1.7,1.46,8.55952e-58
1.7,1.5,1.3345e-60
1.7,1.54,0
1.7,1.58,0
1.7,1.62,0
1.7,1.66,0
1.7,1.7,0
1.7,1.74,0
1.7,1.78,0
1.7,1.82,0
1.7,1.86,0
1.7,1.9,0
1.7,1.94,0
1.7,1.98,0
1.74,0.02,7.26571e-70
1.74,0.06,5.96707e-67
1.74,0.1,1.34054e-64
1.74,0.14,1.42624e-62
1.74,0.18,9.05193e-61
1.74,0.22,4.08335e-59
1.74,0.26,1.39857e-57
1.74,0.3,3.54988e-56
1.74,0.34,6.52006e-55
1.74,0.38,1.16472e-53
1.74,0.42,2.48749e-52
1.74,0.46,4.36355e-51
1.74,0.5,5.08919e-50
1.74,0.54,3.92899e-49
1.74,0.58,8.34063e-48
1.74,0.62,1.4838e-46
1.74,0.66,1.5613e-45
1.74,0.7,1.05216e-44
1.74,0.74,5.09304e-44
1.74,0.78,8.67914e-43
1.74,0.82,6.49015e-42
1.74,0.86,7.90765e-40
1.74,0.9,4.60012e-39
1.74,0.94,2.77901e-38
1.74,0.98,7.93723e-38
1.74,1.02,3.48224e-37
1.74,1.06,6.68264e-33
1.74,1.1,7.04073e-33
1.74,1.14,1.9655e-31
1.74,1.18,2.04097e-35
1.74,1.22,1.81025e-36
1.74,1.26,4.89771e-41
1.74,1.3,5.9945e-46
1.74,1.34,9.07041e-48
1.74,1.38,5.59015e-53
1.74,1.42,6.72765e-59
1.74,1.46,1.12464e-62
1.74,1.5,0
1.74,1.54,0
1.74,1.58,0
1.74,1.62,0
1.74,1.66,0
1.74,1.7,0
1.74,1.74,0
1.74,1.78,0
1.74,1.82,0
1.74,1.86,0
1.74,1.9,0
1.74,1.94,0
1.74,1.98,0
1.78,0.02,2.08392e-75
1.78,0.06,2.09894e-72
1.78,0.1,4.63664e-70
1.78,0.14,4.48677e-68
1.78,0.18,5.70151e-66
1.78,0.22,6.392e-64
1.78,0.26,3.78658e-62
1.78,0.3,1.24725e-60
1.78,0.34,2.51156e-59
1.78,0.38,4.30323e-58
1.78,0.42,8.51692e-57
1.78,0.46,1.51188e-55
1.78,0.5,1.90535e-54
1.78,0.54,1.66197e-53
1.78,0.58,1.16641e-52
1.78,0.62,7.76506e-52
1.78,0.66,4.89232e-51
1.78,0.7,2.57413e-50
1.78,0.74,2.52448e-49
1.78,0.78,2.08245e-48
1.78,0.82,1.54855e-47
1.78,0.86,6.0798e-46
1.78,0.9,3.60663e-45
1.78,0.94,1.7501e-44
1.78,0.98,4.75779e-44
1.78,1.02,1.07471e-41
1.78,1.06,1.19983e-39
1.78,1.1,1.72804e-39
1.78,1.14,2.79075e-38
1.78,1.18,5.78505e-39
1.78,1.22,4.75094e-43
1.78,1.26,1.16767e-47
1.78,1.3,1.59134e-49
1.78,1.34,1.94329e-54
1.78,1.38,3.70278e-60
1.78,1.42,0
1.78,1.46,0
1.78,1.5,0
1.78,1.54,0
1.78,1.58,0
1.78,1.62,0
1.78,1.66,0
1.78,1.7,0
1.78,1.74,0
1.78,1.78,0
1.78,1.82,0
1.78,1.86,0
1.78,1.9,0
1.78,1.94,0
1.78,1.98,0
1.82,0.02,0
1.82,0.06,0
1.82,0.1,0
1.82,0.14,0
1.82,0.18,3.09807e-72
1.82,0.22,5.2564e-70
1.82,0.26,3.40158e-68
1.82,0.3,1.15407e-66
1.82,0.34,2.35786e-65
1.82,0.38,8.75631e-64
1.82,0.42,3.43066e-62
1.82,0.46,7.57509e-61
1.82,0.5,9.87294e-60
1.82,0.54,8.30313e-59
1.82,0.58,1.44306e-57
1.82,0.62,2.42169e-56
1.82,0.66,2.70138e-55
1.82,0.7,1.99952e-54
1.82,0.74,1.05625e-53
1.82,0.78,4.14465e-53
1.82,0.82,1.29376e-52
1.82,0.86,3.78959e-50
1.82,0.9,2.40507e-49
1.82,0.94,1.78028e-48
1.82,0.98,5.74345e-48
1.82,1.02,2.7424e-47
1.82,1.06,4.09831e-44
1.82,1.1,4.86838e-44
1.82,1.14,3.36374e-42
1.82,1.18,1.88197e-45
1.82,1.22,1.1766e-49
1.82,1.26,1.30414e-51
1.82,1.3,4.11604e-56
1.82,1.34,1.3328e-61
1.82,1.38,0
1.82,1.42,0
1.82,1.46,0
1.82,1.5,0
1.82,1.54,0
1.82,1.58,0
1.82,1.62,0
1.82,1.66,0
1.82,1.7,0
1.82,1.74,0
1.82,1.78,0
1.82,1.82,0
1.82,1.86,0
1.82,1.9,0
1.82,1.94,0
1.82,1.98,0
1.86,0.02,0
1.86,0.06,0
1.86,0.1,0
1.86,0.14,0
1.86,0.18,0
1.86,0.22,0
1.86,0.26,0
1.86,0.3,0
1.86,0.34,0
1.86,0.38,2.953e-70
1.86,0.42,1.6599e-68
1.86,0.46,3.91105e-67
1.86,0.5,5.18309e-66
1.86,0.54,4.37223e-65
1.86,0.58,1.82877e-63
1.86,0.62,3.77718e-62
1.86,0.66,4.22209e-61
1.86,0.7,2.99015e-60
1.86,0.74,1.46389e-59
1.86,0.78,5.19794e-59
1.86,0.82,1.41335e-58
1.86,0.86,6.40542e-56
1.86,0.9,4.17774e-55
1.86,0.94,2.0342e-54
1.86,0.98,5.58708e-54
1.86,1.02,1.73097e-53
1.86,1.06,6.42144e-50
1.86,1.1,7.9155e-50
1.86,1.14,1.55591e-48
1.86,1.18,4.80026e-52
1.86,1.22,2.05484e-54
1.86,1.26,4.67816e-58
1.86,1.3,2.85285e-63
1.86,1.34,0
1.86,1.38,0
1.86,1.42,0
1.86,1.46,0
1.86,1.5,0
1.86,1.54,0
1.86,1.58,0
1.86,1.62,0
1.86,1.66,0
1.86,1.7,0
1.86,1.74,0
1.86,1.78,0
1.86,1.82,0
1.86,1.86,0
1.86,1.9,0
1.86,1.94,0
1.86,1.98,0
1.9,0.02,0
1.9,0.06,0
1.9,0.1,0
1.9,0.14,0
1.9,0.18,0
1.9,0.22,0
1.9,0.26,0
1.9,0.3,0
1.9,0.34,0
1.9,0.38,0
1.9,0.42,0
1.9,0.46,0
1.9,0.5,0
1.9,0.54,6.58819e-74
1.9,0.58,4.10871e-70
1.9,0.62,9.64471e-69
1.9,0.66,1.09864e-67
1.9,0.7,7.77837e-67
1.9,0.74,3.75002e-66
1.9,0.78,1.28976e-65
1.9,0.82,3.31647e-65
1.9,0.86,3.02395e-62
1.9,0.9,2.01092e-61
1.9,0.94,8.42425e-61
1.9,0.98,2.10861e-60
1.9,1.02,5.20938e-60
1.9,1.06,2.514e-56
1.9,1.1,3.18905e-56
1.9,1.14,4.04525e-55
1.9,1.18,7.77351e-59
1.9,1.22,2.30787e-60
1.9,1.26,3.12289e-65
1.9,1.3,0
1.9,1.34,0
1.9,1.38,0
1.9,1.42,0
1.9,1.46,0
1.9,1.5,0
1.9,1.54,0
1.9,1.58,0
1.9,1.62,0
1.9,1.66,0
1.9,1.7,0
1.9,1.74,0
1.9,1.78,0
1.9,1.82,0
1.9,1.86,0
1.9,1.9,0
1.9,1.94,0
1.9,1.98,0
1.94,0.02,0
1.94,0.06,0
1.94,0.1,0
1.94,0.14,0
1.94,0.18,0
1.94,0.22,0
1.94,0.26,0
1.94,0.3,0
1.94,0.34,0
1.94,0.38,0
1.94,0.42,0
1.94,0.46,0
1.94,0.5,0
1.94,0.54,0
1.94,0.58,4.78944e-77
1.94,0.62,1.12633e-75
1.94,0.66,1.2881e-73
1.94,0.7,2.09044e-72
1.94,0.74,1.71258e-71
1.94,0.78,8.7891e-71
1.94,0.82,3.22948e-70
1.94,0.86,4.06434e-69
1.94,0.9,2.33553e-68
1.94,0.94,8.64812e-68
1.94,0.98,2.00901e-67
1.94,1.02,7.06571e-66
1.94,1.06,4.0995e-63
1.94,1.1,5.5984e-63
1.94,1.14,5.18745e-62
1.94,1.18,3.22476e-63
1.94,1.22,1.31807e-67
1.94,1.26,0
1.94,1.3,0
1.94,1.34,0
1.94,1.38,0
1.94,1.42,0
1.94,1.46,0
1.94,1.5,0
1.94,1.54,0
1.94,1.58,0
1.94,1.62,0
1.94,1.66,0
1.94,1.7,0
1.94,1.74,0
1.94,1.78,0
1.94,1.82,0
1.94,1.86,0
1.94,1.9,0
1.94,1.94,0
1.94,1.98,0
1.98,0.02,0
1.98,0.06,0
1.98,0.1,0
1.98,0.14,0
1.98,0.18,0
1.98,0.22,0
1.98,0.26,0
1.98,0.3,0
1.98,0.34,0
1.98,0.38,0
1.98,0.42,0
1.98,0.46,0
1.98,0.5,0
1.98,0.54,0
1.98,0.58,0
1.98,0.62,0
1.98,0.66,0
1.98,0.7,0
1.98,0.74,0
1.98,0.78,0
1.98,0.82,0
1.98,0.86,2.4333e-74
1.98,0.9,1.63814e-73
1.98,0.94,7.51771e-73
1.98,0.98,2.02141e-72
1.98,1.02,5.4891e-72
1.98,1.06,3.49599e-69
1.98,1.1,4.55792e-69
1.98,1.14,3.42892e-67
1.98,1.18,9.66673e-71
1.98,1.22,0
1.98,1.26,0
1.98,1.3,0
1.98,1.34,0
1.98,1.38,0
1.98,1.42,0
1.98,1.46,0
1.98,1.5,0
1.98,1.54,0
1.98,1.58,0
1.98,1.62,0
1.98,1.66,0
1.98,1.7,0
1.98,1.74,0
1.98,1.78,0
1.98,1.82,0
1.98,1.86,0
1.98,1.9,0
1.98,1.94,0
1.98,1.98,0
