0.02,0.02,0.00349249
0.02,0.06,1.54095e-07
0.02,0.1,1.91225e-12
0.02,0.14,1.40624e-17
0.02,0.18,6.46325e-23
0.02,0.22,1.24765e-28
0.02,0.26,3.96436e-44
0.02,0.3,2.31383e-48
0.02,0.34,1.09779e-52
0.02,0.38,2.35478e-57
0.02,0.42,3.26013e-36
0.02,0.46,2.78179e-31
0.02,0.5,1.53869e-35
0.02,0.54,8.00798e-35
0.02,0.58,8.26038e-34
0.02,0.62,3.25306e-32
0.02,0.66,1.36887e-30
0.02,0.7,1.69157e-29
0.02,0.74,2.91912e-21
0.02,0.78,1.05906e-20
0.02,0.82,3.74931e-20
0.02,0.86,8.2715e-25
0.02,0.9,2.00351e-18
0.02,0.94,2.95728e-19
0.02,0.98,1.30466e-23
0.02,1.02,8.32084e-16
0.02,1.06,2.9407e-15
0.02,1.1,5.24461e-15
0.02,1.14,4.84827e-15
0.02,1.18,3.08798e-16
0.02,1.22,1.02156e-20
0.02,1.26,1.31453e-25
0.02,1.3,9.33225e-15
0.02,1.34,1.4143e-16
0.02,1.38,7.7898e-21
0.02,1.42,1.71815e-25
0.02,1.46,1.89516e-30
0.02,1.5,1.30926e-35
0.02,1.54,1.01001e-40
0.02,1.58,7.71063e-46
0.02,1.62,6.91519e-51
0.02,1.66,3.41137e-56
0.02,1.7,3.51605e-60
0.02,1.74,7.28435e-60
0.02,1.78,7.2845e-60
0.02,1.82,2.41056e-64
0.02,1.86,30.5969
0.02,1.9,0.00118128
0.02,1.94,2.88529e-08
0.02,1.98,4.20934e-13
0.06,0.02,1.00814e-17
0.06,0.06,4.7047e-22
0.06,0.1,7.71364e-27
0.06,0.14,8.11837e-32
0.06,0.18,4.75024e-37
0.06,0.22,1.89385e-21
0.06,0.26,3.13359e-26
0.06,0.3,2.6785e-21
0.06,0.34,1.47728e-25
0.06,0.38,3.17762e-30
0.06,0.42,1.25604e-06
0.06,0.46,3.46378e-11
0.06,0.5,3.05665e-16
0.06,0.54,1.4147e-21
0.06,0.58,1.85123e-22
0.06,0.62,9.26492e-21
0.06,0.66,5.85314e-23
0.06,0.7,1.70539e-21
0.06,0.74,2.14734e-21
0.06,0.78,2.65567e-16
0.06,0.82,1.14553e-15
0.06,0.86,4.42257e-20
0.06,0.9,3.05919e-17
0.06,0.94,1.01235e-21
0.06,0.98,2.51255e-26
0.06,1.02,3.85045e-11
0.06,1.06,2.3631e-12
0.06,1.1,4.11674e-12
0.06,1.14,1.13526e-16
0.06,1.18,5.15398e-15
0.06,1.22,1.44944e-16
0.06,1.26,3.2576e-10
0.06,1.3,9.68481e-11
0.06,1.34,4.41757e-12
0.06,1.38,3.25526e-16
0.06,1.42,9.66179e-21
0.06,1.46,1.79548e-25
0.06,1.5,1.93095e-30
0.06,1.54,1.03348e-34
0.06,1.58,3.52651e-39
0.06,1.62,9.03755e-44
0.06,1.66,8.44211e-49
0.06,1.7,5.2329e-54
0.06,1.74,2.61107e-59
0.06,1.78,6.31691e-65
0.06,1.82,2.79511e-71
0.06,1.86,30.5967
0.06,1.9,0.00101252
0.06,1.94,2.32684e-08
0.06,1.98,2.97734e-13
0.1,0.02,5.23164e-50
0.1,0.06,11.162
0.1,0.1,0.000554059
0.1,0.14,1.12047e-08
0.1,0.18,1.34832e-13
0.1,0.22,1.10515e-18
0.1,0.26,5.53004e-24
0.1,0.3,1.397e-29
0.1,0.34,1.81435e-35
0.1,0.38,5.60368e-41
0.1,0.42,5.89215e-05
0.1,0.46,1.94985e-09
0.1,0.5,3.047e-14
0.1,0.54,2.17481e-19
0.1,0.58,1.57389e-17
0.1,0.62,2.20908e-17
0.1,0.66,1.42085e-19
0.1,0.7,2.60445e-17
0.1,0.74,9.66559e-14
0.1,0.78,3.45886e-13
0.1,0.82,2.59926e-13
0.1,0.86,1.14684e-17
0.1,0.9,3.74514e-14
0.1,0.94,1.36597e-13
0.1,0.98,7.9866e-11
0.1,1.02,3.39263e-10
0.1,1.06,5.58459e-10
0.1,1.1,1.84804e-14
0.1,1.14,3.21109e-07
0.1,1.18,8.86126e-12
0.1,1.22,7.63361e-08
0.1,1.26,5.20133e-08
0.1,1.3,1.54144e-08
0.1,1.34,6.72557e-09
0.1,1.38,1.48029e-11
0.1,1.42,1.79976e-11
0.1,1.46,1.11314e-14
0.1,1.5,2.98758e-19
0.1,1.54,1.22732e-20
0.1,1.58,4.73719e-25
0.1,1.62,7.83783e-30
0.1,1.66,3.08773e-35
0.1,1.7,1.24885e-40
0.1,1.74,7.51406e-46
0.1,1.78,3.45358e-52
0.1,1.82,5.99362e-67
0.1,1.86,7.28602e-72
0.1,1.9,5.24638e-77
0.1,1.94,2.6787e-60
0.1,1.98,7.387e-65
0.14,0.02,8.98464e-43
0.14,0.06,7.93108e-14
0.14,0.1,4.15554e-18
0.14,0.14,8.63996e-23
0.14,0.18,1.81553e-24
0.14,0.22,5.45553e-24
0.14,0.26,1.54235e-27
0.14,0.3,5.79281e-27
0.14,0.34,2.87543e-31
0.14,0.38,1.88859e-21
0.14,0.42,3.72302e-07
0.14,0.46,1.23203e-11
0.14,0.5,1.47236e-16
0.14,0.54,5.60868e-15
0.14,0.58,8.30026e-17
0.14,0.62,1.24383e-16
0.14,0.66,1.94621e-15
0.14,0.7,7.07398e-15
0.14,0.74,3.05302e-14
0.14,0.78,1.66531e-13
0.14,0.82,3.723e-07
0.14,0.86,1.73385e-11
0.14,0.9,1.01425e-09
0.14,0.94,2.04138e-08
0.14,0.98,6.08922e-08
0.14,1.02,5.26467e-08
0.14,1.06,2.03251e-12
0.14,1.1,2.88256e-17
0.14,1.14,2.18337e-05
0.14,1.18,3.59322e-06
0.14,1.22,3.55882e-06
0.14,1.26,2.6226e-06
0.14,1.3,2.22499e-07
0.14,1.34,4.192e-07
0.14,1.38,1.58709e-07
0.14,1.42,4.46976e-07
0.14,1.46,1.58644e-08
0.14,1.5,5.65413e-13
0.14,1.54,1.07332e-17
0.14,1.58,1.30941e-22
0.14,1.62,1.08646e-27
0.14,1.66,3.72298e-07
0.14,1.7,1.02669e-11
0.14,1.74,1.47226e-16
0.14,1.78,1.74893e-21
0.14,1.82,8.268e-27
0.14,1.86,1.14003e-32
0.14,1.9,1.04795e-38
0.14,1.94,1.90332e-74
0.14,1.98,3.72292e-07
0.18,0.02,4.17519e-39
0.18,0.06,6.46678e-37
0.18,0.1,5.00433e-27
0.18,0.14,5.21884e-14
0.18,0.18,1.72704e-18
0.18,0.22,3.83097e-23
0.18,0.26,1.51185e-23
0.18,0.3,7.84563e-22
0.18,0.34,1.42375e-17
0.18,0.38,4.31844e-17
0.18,0.42,1.28039e-18
0.18,0.46,1.17651e-15
0.18,0.5,4.60203e-14
0.18,0.54,1.36156e-12
0.18,0.58,4.15096e-14
0.18,0.62,7.14652e-14
0.18,0.66,2.80585e-13
0.18,0.7,7.73767e-18
0.18,0.74,2.12838e-11
0.18,0.78,7.52547e-11
0.18,0.82,3.05457e-10
0.18,0.86,1.68459e-07
0.18,0.9,6.03298e-06
0.18,0.94,1.82557e-05
0.18,0.98,4.96543e-06
0.18,1.02,6.67007e-05
0.18,1.06,0.000249492
0.18,1.1,8.25619e-09
0.18,1.14,0.000270078
0.18,1.18,0.00070577
0.18,1.22,1.3061e-05
0.18,1.26,1.33842e-05
0.18,1.3,7.58678e-07
0.18,1.34,2.12975e-06
0.18,1.38,1.184e-06
0.18,1.42,3.8869e-07
0.18,1.46,3.74839e-08
0.18,1.5,1.09827e-09
0.18,1.54,6.65724e-14
0.18,1.58,1.46819e-18
0.18,1.62,2.53935e-23
0.18,1.66,1.91801e-28
0.18,1.7,8.17128e-34
0.18,1.74,2.62375e-39
0.18,1.78,4.76688e-45
0.18,1.82,3.75587e-51
0.18,1.86,4.87006e-62
0.18,1.9,3.6404e-67
0.18,1.94,2.27047e-72
0.18,1.98,9.0298e-78
0.22,0.02,8.82527e-31
0.22,0.06,5.74344e-28
0.22,0.1,2.15262e-27
0.22,0.14,9.52047e-26
0.22,0.18,1.30762e-24
0.22,0.22,1.15062e-23
0.22,0.26,3.21246e-22
0.22,0.3,8.72112e-21
0.22,0.34,8.44042e-17
0.22,0.38,2.60362e-16
0.22,0.42,7.17994e-21
0.22,0.46,6.336e-26
0.22,0.5,3.43454e-14
0.22,0.54,2.3552e-10
0.22,0.58,3.19726e-11
0.22,0.62,3.08245e-11
0.22,0.66,1.59412e-10
0.22,0.7,4.39608e-15
0.22,0.74,1.72306e-07
0.22,0.78,1.78049e-06
0.22,0.82,7.80839e-06
0.22,0.86,0.000577772
0.22,0.9,0.00175217
0.22,0.94,0.00019319
0.22,0.98,7.45727e-09
0.22,1.02,1.35964e-13
0.22,1.06,0.00568643
0.22,1.1,2.509e-07
0.22,1.14,0.00733089
0.22,1.18,0.000539942
0.22,1.22,0.000339611
0.22,1.26,0.000258462
0.22,1.3,0.000119452
0.22,1.34,0.000653552
0.22,1.38,0.00141052
0.22,1.42,1.88108e-05
0.22,1.46,4.50013e-06
0.22,1.5,1.73725e-10
0.22,1.54,3.69567e-15
0.22,1.58,4.22754e-20
0.22,1.62,2.9157e-25
0.22,1.66,2.61505e-27
0.22,1.7,8.64986e-32
0.22,1.74,1.19265e-36
0.22,1.78,1.14018e-41
0.22,1.82,1.13678e-46
0.22,1.86,4.93595e-52
0.22,1.9,9.38206e-58
0.22,1.94,1.20716e-62
0.22,1.98,3.72001e-60
0.26,0.02,1.22211e-29
0.26,0.06,2.94358e-27
0.26,0.1,4.43865e-24
0.26,0.14,2.57026e-28
0.26,0.18,5.39991e-33
0.26,0.22,5.46109e-20
0.26,0.26,6.80187e-19
0.26,0.3,1.39109e-17
0.26,0.34,3.19771e-15
0.26,0.38,1.02578e-14
0.26,0.42,2.82878e-19
0.26,0.46,8.84021e-13
0.26,0.5,2.92541e-17
0.26,0.54,3.15176e-10
0.26,0.58,2.52818e-09
0.26,0.62,1.00785e-08
0.26,0.66,9.90279e-07
0.26,0.7,7.31229e-07
0.26,0.74,3.49494e-05
0.26,0.78,0.00031856
0.26,0.82,0.000804385
0.26,0.86,4.43641e-08
0.26,0.9,0.00284871
0.26,0.94,9.42703e-08
0.26,0.98,1.29988e-12
0.26,1.02,8.41639e-16
0.26,1.06,2.75749e-20
0.26,1.1,0.00960954
0.26,1.14,3.71116e-07
0.26,1.18,0.00369839
0.26,1.22,1.42786e-07
0.26,1.26,2.58756e-12
0.26,1.3,0.0399582
0.26,1.34,0.130655
0.26,1.38,0.07999
0.26,1.42,0.00113414
0.26,1.46,0.000920176
0.26,1.5,0.000219105
0.26,1.54,0.000230387
0.26,1.58,0.000181455
0.26,1.62,1.77477e-05
0.26,1.66,7.82877e-10
0.26,1.7,1.34921e-14
0.26,1.74,9.5244e-20
0.26,1.78,5.25274e-25
0.26,1.82,3.0781e-30
0.26,1.86,1.04857e-35
0.26,1.9,1.37695e-41
0.26,1.94,3.99441e-60
0.26,1.98,7.37546e-66
0.3,0.02,1.19894e-29
0.3,0.06,3.8112e-24
0.3,0.1,5.93724e-19
0.3,0.14,1.46812e-07
0.3,0.18,5.66808e-12
0.3,0.22,1.2058e-16
0.3,0.26,1.52714e-21
0.3,0.3,2.10005e-25
0.3,0.34,3.02811e-12
0.3,0.38,1.00207e-16
0.3,0.42,8.26565e-21
0.3,0.46,4.27627e-10
0.3,0.5,2.72885e-07
0.3,0.54,7.32901e-08
0.3,0.58,1.59077e-06
0.3,0.62,7.84209e-05
0.3,0.66,4.83016e-05
0.3,0.7,1.59836e-09
0.3,0.74,0.000254029
0.3,0.78,0.00631376
0.3,0.82,0.00103403
0.3,0.86,3.99165e-08
0.3,0.9,5.66742e-13
0.3,0.94,0.117479
0.3,0.98,3.88765e-06
0.3,1.02,0.176051
0.3,1.06,0.187873
0.3,1.1,8.28933e-06
0.3,1.14,0.0756372
0.3,1.18,3.33734e-06
0.3,1.22,0.179696
0.3,1.26,0.317133
0.3,1.3,0.737675
0.3,1.34,2.44111e-05
0.3,1.38,0.277893
0.3,1.42,0.858696
0.3,1.46,0.0731316
0.3,1.5,38.2818
0.3,1.54,0.0192038
0.3,1.58,0.0141121
0.3,1.62,5.4482e-07
0.3,1.66,9.02641e-12
0.3,1.7,2.01223e-16
0.3,1.74,5.66936e-21
0.3,1.78,6.8644e-16
0.3,1.82,2.89889e-20
0.3,1.86,4.35144e-25
0.3,1.9,3.39922e-30
0.3,1.94,1.88125e-35
0.3,1.98,8.1522e-41
0.34,0.02,4.56176e-26
0.34,0.06,1.30553e-18
0.34,0.1,3.23144e-17
0.34,0.14,8.30068e-16
0.34,0.18,2.7469e-20
0.34,0.22,1.94023e-14
0.34,0.26,2.19801e-13
0.34,0.3,1.20515e-11
0.34,0.34,4.63624e-11
0.34,0.38,1.70971e-08
0.34,0.42,4.77933e-07
0.34,0.46,9.57095e-08
0.34,0.5,2.04562e-05
0.34,0.54,9.72971e-05
0.34,0.58,7.6803e-06
0.34,0.62,0.000575729
0.34,0.66,0.0080734
0.34,0.7,0.00349267
0.34,0.74,9.63128e-08
0.34,0.78,1.16862e-12
0.34,0.82,0.0121144
0.34,0.86,4.67705e-07
0.34,0.9,0.0456551
0.34,0.94,1.51082e-06
0.34,0.98,1.66654e-11
0.34,1.02,3.14731
0.34,1.06,5.68972
0.34,1.1,0.945224
0.34,1.14,0.983398
0.34,1.18,2.5876
0.34,1.22,0.806009
0.34,1.26,1.77809e-05
0.34,1.3,1.96132e-10
0.34,1.34,1.21695e-15
0.34,1.38,3.90098
0.34,1.42,0.622402
0.34,1.46,0.0332584
0.34,1.5,0.0244492
0.34,1.54,0.00671092
0.34,1.58,0.637908
0.34,1.62,0.0217323
0.34,1.66,0.459602
0.34,1.7,0.00551271
0.34,1.74,1.82093e-07
0.34,1.78,0.0266504
0.34,1.82,1.02917e-06
0.34,1.86,1.70344e-11
0.34,1.9,1.56658e-16
0.34,1.94,8.39844e-22
0.34,1.98,2.45394e-27
0.38,0.02,3.25001e-18
0.38,0.06,2.17605e-14
0.38,0.1,2.21087e-14
0.38,0.14,1.58596e-14
0.38,0.18,6.99753e-19
0.38,0.22,3.24993e-18
0.38,0.26,1.25471e-22
0.38,0.3,1.19188e-08
0.38,0.34,1.10031e-06
0.38,0.38,2.14311e-05
0.38,0.42,5.91004e-10
0.38,0.46,7.17115e-15
0.38,0.5,0.000803846
0.38,0.54,0.000573777
0.38,0.58,0.000991909
0.38,0.62,0.000739186
0.38,0.66,0.000235727
0.38,0.7,0.0333746
0.38,0.74,0.0426973
0.38,0.78,1.41293e-06
0.38,0.82,1.81832e-11
0.38,0.86,1.5368e-16
0.38,0.9,3.25076e-18
0.38,0.94,1.25474e-22
0.38,0.98,1.23149
0.38,1.02,2.30129
0.38,1.06,0.760966
0.38,1.1,1.31272
0.38,1.14,7.25466
0.38,1.18,16.6577
0.38,1.22,0.000551236
0.38,1.26,1.10446
0.38,1.3,0.677536
0.38,1.34,4.69338
0.38,1.38,4.76973
0.38,1.42,0.824603
0.38,1.46,0.539034
0.38,1.5,1.5454
0.38,1.54,1.17077
0.38,1.58,7.99039
0.38,1.62,3.01793
0.38,1.66,0.678737
0.38,1.7,0.108116
0.38,1.74,0.00127025
0.38,1.78,8.41159e-08
0.38,1.82,5.97436e-07
0.38,1.86,1.17196e-09
0.38,1.9,5.10015e-14
0.38,1.94,8.3977e-19
0.38,1.98,6.15933e-24
0.42,0.02,8.88781e-14
0.42,0.06,7.47614e-13
0.42,0.1,1.39438e-11
0.42,0.14,2.11121e-10
0.42,0.18,7.65934e-09
0.42,0.22,2.1122e-13
0.42,0.26,3.08076e-07
0.42,0.3,1.9181e-06
0.42,0.34,4.2405e-11
0.42,0.38,7.23341e-06
0.42,0.42,1.56467e-05
0.42,0.46,0.000126284
0.42,0.5,0.000535807
0.42,0.54,0.00146957
0.42,0.58,0.00297219
0.42,0.62,0.0106651
0.42,0.66,2.35287e-07
0.42,0.7,0.0552854
0.42,0.74,0.103511
0.42,0.78,3.99625e-06
0.42,0.82,1.82944
0.42,0.86,8.07205e-05
0.42,0.9,1.11301e-09
0.42,0.94,7.36675e-15
0.42,0.98,5.2713
0.42,1.02,8.74409
0.42,1.06,0.000289359
0.42,1.1,1.4835
0.42,1.14,8.18199e-05
0.42,1.18,1.75995e-09
0.42,1.22,3.32291
0.42,1.26,0.000201598
0.42,1.3,3.45617
0.42,1.34,11.6316
0.42,1.38,10.7406
0.42,1.42,8.82264
0.42,1.46,5.14631
0.42,1.5,9.33729
0.42,1.54,9.11491
0.42,1.58,13.1929
0.42,1.62,7.29517
0.42,1.66,3.06172
0.42,1.7,0.941182
0.42,1.74,0.0833368
0.42,1.78,6.14326e-05
0.42,1.82,0.00040498
0.42,1.86,2.68032e-08
0.42,1.9,6.65232e-13
0.42,1.94,7.60978e-18
0.42,1.98,4.49688e-23
0.46,0.02,0.000570679
0.46,0.06,3.14741e-08
0.46,0.1,7.81891e-11
0.46,0.14,1.70767e-09
0.46,0.18,1.65982e-07
0.46,0.22,3.72485e-06
0.46,0.26,8.21759e-11
0.46,0.3,1.02018e-05
0.46,0.34,0.000989008
0.46,0.38,8.22484e-05
0.46,0.42,2.72393e-09
0.46,0.46,0.00129528
0.46,0.5,0.0034869
0.46,0.54,0.00252495
0.46,0.58,0.0169129
0.46,0.62,0.140616
0.46,0.66,3.87773e-06
0.46,0.7,4.27742e-11
0.46,0.74,1.01166
0.46,0.78,3.47756
0.46,0.82,0.00013426
0.46,0.86,1.90412e-09
0.46,0.9,1.28377e-14
0.46,0.94,1.30347e-05
0.46,0.98,10.4163
0.46,1.02,0.000287249
0.46,1.06,10.9629
0.46,1.1,6.54563
0.46,1.14,0.000361
0.46,1.18,8.76326e-09
0.46,1.22,1.07753e-13
0.46,1.26,1.23741e-14
0.46,1.3,7.20459
0.46,1.34,11.043
0.46,1.38,15.6332
0.46,1.42,16.52
0.46,1.46,0.000455562
0.46,1.5,18.6962
0.46,1.54,0.000515583
0.46,1.58,5.68726e-09
0.46,1.62,3.13674e-14
0.46,1.66,13.0785
0.46,1.7,4.9848
0.46,1.74,0.000192441
0.46,1.78,0.783218
0.46,1.82,0.130304
0.46,1.86,0.001892
0.46,1.9,1.14528e-07
0.46,1.94,3.04148e-12
0.46,1.98,4.71467e-17
0.5,0.02,4.26131e-13
0.5,0.06,2.49534e-09
0.5,0.1,2.57529e-10
0.5,0.14,2.41498e-09
0.5,0.18,9.85824e-07
0.5,0.22,1.01651e-05
0.5,0.26,5.50724e-06
0.5,0.3,0.000309811
0.5,0.34,0.000212958
0.5,0.38,0.00137776
0.5,0.42,0.00268754
0.5,0.46,0.00355934
0.5,0.5,0.00671431
0.5,0.54,0.0111329
0.5,0.58,2.45612e-07
0.5,0.62,0.178824
0.5,0.66,1.06383
0.5,0.7,0.580598
0.5,0.74,3.06475
0.5,0.78,6.76129e-05
0.5,0.82,10.0018
0.5,0.86,0.000275819
0.5,0.9,10.1783
0.5,0.94,17.423
0.5,0.98,24.3772
0.5,1.02,26.3031
0.5,1.06,31.6296
0.5,1.1,37.5325
0.5,1.14,46.8271
0.5,1.18,50.6539
0.5,1.22,32.5177
0.5,1.26,20.3848
0.5,1.3,23.5431
0.5,1.34,43.4358
0.5,1.38,50.6278
0.5,1.42,30.9136
0.5,1.46,27.4063
0.5,1.5,26.7291
0.5,1.54,33.9483
0.5,1.58,30.2435
0.5,1.62,30.6811
0.5,1.66,31.4002
0.5,1.7,20.5829
0.5,1.74,10.2365
0.5,1.78,4.12178
0.5,1.82,5.74685
0.5,1.86,0.44334
0.5,1.9,0.0786914
0.5,1.94,0.0022023
0.5,1.98,1.09199e-07
0.54,0.02,0
0.54,0.06,7.84524e-10
0.54,0.1,1.34652e-06
0.54,0.14,6.063e-07
0.54,0.18,5.61374e-06
0.54,0.22,4.79392e-05
0.54,0.26,2.95699e-05
0.54,0.3,0.000110828
0.54,0.34,0.00124962
0.54,0.38,4.8245e-08
0.54,0.42,7.60255e-13
0.54,0.46,0.00783846
0.54,0.5,0.009116
0.54,0.54,0.0293041
0.54,0.58,0.172298
0.54,0.62,0.557858
0.54,0.66,0.917892
0.54,0.7,3.03747e-05
0.54,0.74,2.69082
0.54,0.78,7.42053e-05
0.54,0.82,1.60308e-09
0.54,0.86,12.3302
0.54,0.9,14.439
0.54,0.94,0.00095561
0.54,0.98,42.2395
0.54,1.02,38.7266
0.54,1.06,49.6198
0.54,1.1,62.8883
0.54,1.14,65.4679
0.54,1.18,52.3622
0.54,1.22,59.4354
0.54,1.26,80.0348
0.54,1.3,73.672
0.54,1.34,58.7029
0.54,1.38,53.1601
0.54,1.42,52.3585
0.54,1.46,49.0525
0.54,1.5,44.7265
0.54,1.54,31.308
0.54,1.58,35.631
0.54,1.62,40.1038
0.54,1.66,0.00199064
0.54,1.7,44.944
0.54,1.74,29.6271
0.54,1.78,22.8471
0.54,1.82,25.3792
0.54,1.86,16.4387
0.54,1.9,3.03657
0.54,1.94,0.978585
0.54,1.98,0.0269232
0.58,0.02,2.60304e-08
0.58,0.06,3.19195e-07
0.58,0.1,1.66376e-06
0.58,0.14,1.14225
0.58,0.18,7.71224e-05
0.58,0.22,0.000372772
0.58,0.26,0.000416198
0.58,0.3,0.00523065
0.58,0.34,0.000977018
0.58,0.38,0.00149818
0.58,0.42,0.00753635
0.58,0.46,1.14226
0.58,0.5,0.0343039
0.58,0.54,9.45471e-07
0.58,0.58,0.290258
0.58,0.62,0.369803
0.58,0.66,0.615924
0.58,0.7,3.05729e-05
0.58,0.74,5.27579
0.58,0.78,0.000261908
0.58,0.82,6.95417
0.58,0.86,6.5462
0.58,0.9,14.6664
0.58,0.94,42.9752
0.58,0.98,38.797
0.58,1.02,43.6679
0.58,1.06,54.4644
0.58,1.1,31.1454
0.58,1.14,71.531
0.58,1.18,0.00315613
0.58,1.22,80.3198
0.58,1.26,82.1849
0.58,1.3,82.5732
0.58,1.34,75.7616
0.58,1.38,78.9919
0.58,1.42,79.1927
0.58,1.46,69.4099
0.58,1.5,0.00153126
0.58,1.54,67.8463
0.58,1.58,57.9427
0.58,1.62,53.9893
0.58,1.66,55.9139
0.58,1.7,58.0641
0.58,1.74,50.9402
0.58,1.78,61.1891
0.58,1.82,62.6789
0.58,1.86,53.2807
0.58,1.9,42.4977
0.58,1.94,20.9055
0.58,1.98,1.14284
0.62,0.02,3.03649e-08
0.62,0.06,1.75923e-06
0.62,0.1,0.00644142
0.62,0.14,3.14578e-07
0.62,0.18,6.52349e-05
0.62,0.22,0.000536447
0.62,0.26,0.00201533
0.62,0.3,1.304e-07
0.62,0.34,0.00667007
0.62,0.38,0.00885048
0.62,0.42,0.0129315
0.62,0.46,7.13206e-07
0.62,0.5,82.8216
0.62,0.54,0.068749
0.62,0.58,2.25755e-06
0.62,0.62,3.03934e-08
0.62,0.66,1.37481
0.62,0.7,1.94564
0.62,0.74,3.78436
0.62,0.78,0.00010439
0.62,0.82,13.0304
0.62,0.86,16.2016
0.62,0.9,22.5498
0.62,0.94,34.8199
0.62,0.98,52.2375
0.62,1.02,48.8006
0.62,1.06,54.3349
0.62,1.1,59.606
0.62,1.14,64.2373
0.62,1.18,71.5778
0.62,1.22,77.4044
0.62,1.26,81.0241
0.62,1.3,80.3606
0.62,1.34,83.5469
0.62,1.38,82.6067
0.62,1.42,82.2408
0.62,1.46,80.3329
0.62,1.5,75.9
0.62,1.54,74.7311
0.62,1.58,73.7783
0.62,1.62,69.5779
0.62,1.66,66.4118
0.62,1.7,62.8088
0.62,1.74,60.9594
0.62,1.78,74.1973
0.62,1.82,69.2003
0.62,1.86,59.0748
0.62,1.9,41.3435
0.62,1.94,3.78563
0.62,1.98,3.78498
0.66,0.02,2.80917e-05
0.66,0.06,6.91741e-05
0.66,0.1,3.05215e-09
0.66,0.14,2.80905e-05
0.66,0.18,0.000283478
0.66,0.22,0.0102364
0.66,0.26,2.82287e-07
0.66,0.3,5.03845
0.66,0.34,0.000194824
0.66,0.38,0.0234425
0.66,0.42,0.010321
0.66,0.46,0.134679
0.66,0.5,0.122695
0.66,0.54,0.821035
0.66,0.58,4.62043e-05
0.66,0.62,0.609357
0.66,0.66,1.34433e-05
0.66,0.7,2.67561
0.66,0.74,0.000131389
0.66,0.78,2.80929e-05
0.66,0.82,11.4508
0.66,0.86,18.0445
0.66,0.9,21.5408
0.66,0.94,24.8963
0.66,0.98,5.04018
0.66,1.02,41.179
0.66,1.06,51.1652
0.66,1.1,53.3566
0.66,1.14,57.3293
0.66,1.18,64.5461
0.66,1.22,65.9519
0.66,1.26,68.6586
0.66,1.3,69.5654
0.66,1.34,74.5787
0.66,1.38,78.1197
0.66,1.42,77.062
0.66,1.46,76.618
0.66,1.5,74.8566
0.66,1.54,79.131
0.66,1.58,78.805
0.66,1.62,77.5745
0.66,1.66,77.6909
0.66,1.7,76.2472
0.66,1.74,77.662
0.66,1.78,78.2692
0.66,1.82,75.6227
0.66,1.86,75.7734
0.66,1.9,56.0473
0.66,1.94,46.2981
0.66,1.98,5.04001
0.7,0.02,0
0.7,0.06,0
0.7,0.1,4.27695e-24
0.7,0.14,1.41533e-28
0.7,0.18,5.31714e-09
0.7,0.22,0.00689256
0.7,0.26,0.0378471
0.7,0.3,0.0248171
0.7,0.34,8.21228e-07
0.7,0.38,0.0333116
0.7,0.42,0.109148
0.7,0.46,0.150193
0.7,0.5,6.49606e-06
0.7,0.54,1.45716e-10
0.7,0.58,0.573514
0.7,0.62,2.21418e-05
0.7,0.66,3.6636e-10
0.7,0.7,5.61365
0.7,0.74,0.000156333
0.7,0.78,7.07067
0.7,0.82,10.9315
0.7,0.86,15.3354
0.7,0.9,20.2319
0.7,0.94,0.00111736
0.7,0.98,27.153
0.7,1.02,31.0632
0.7,1.06,39.202
0.7,1.1,10.153
0.7,1.14,0.000541604
0.7,1.18,56.9635
0.7,1.22,54.6518
0.7,1.26,0.0015071
0.7,1.3,60.1066
0.7,1.34,10.1528
0.7,1.38,0.0316045
0.7,1.42,72.7798
0.7,1.46,72.0162
0.7,1.5,0.00238466
0.7,1.54,78.1513
0.7,1.58,63.3259
0.7,1.62,77.2026
0.7,1.66,78.533
0.7,1.7,78.9925
0.7,1.74,78.6983
0.7,1.78,0.00347232
0.7,1.82,78.3062
0.7,1.86,74.5284
0.7,1.9,72.1706
0.7,1.94,37.2891
0.7,1.98,0.00102828
0.74,0.02,0.000184479
0.74,0.06,0.000184479
0.74,0.1,0.00141579
0.74,0.14,0.00811214
0.74,0.18,0.0141244
0.74,0.22,0.0509817
0.74,0.26,1.40591e-06
0.74,0.3,0.138909
0.74,0.34,0.00485834
0.74,0.38,0.455038
0.74,0.42,0.354927
0.74,0.46,0.356232
0.74,0.5,0.607167
0.74,0.54,0.795791
0.74,0.58,3.07231e-05
0.74,0.62,1.42038
0.74,0.66,2.2049
0.74,0.7,4.7218
0.74,0.74,5.32759
0.74,0.78,7.83265
0.74,0.82,10.5541
0.74,0.86,13.069
0.74,0.9,14.8321
0.74,0.94,16.2645
0.74,0.98,19.0587
0.74,1.02,20.3351
0.74,1.06,22.9376
0.74,1.1,0.00132303
0.74,1.14,34.3584
0.74,1.18,39.6403
0.74,1.22,16.199
0.74,1.26,49.874
0.74,1.3,0.00100969
0.74,1.34,55.8768
0.74,1.38,48.2309
0.74,1.42,16.1993
0.74,1.46,50.5252
0.74,1.5,52.3605
0.74,1.54,41.9399
0.74,1.58,14.9617
0.74,1.62,61.3177
0.74,1.66,63.6379
0.74,1.7,71.5763
0.74,1.74,74.9161
0.74,1.78,76.6449
0.74,1.82,77.7438
0.74,1.86,75.666
0.74,1.9,78.6838
0.74,1.94,39.8975
0.74,1.98,16.1994
0.78,0.02,0.000484905
0.78,0.06,18.8827
0.78,0.1,2.2714
0.78,0.14,0.0926578
0.78,0.18,0.100783
0.78,0.22,0.267495
0.78,0.26,2.50087
0.78,0.3,21.7391
0.78,0.34,0.58887
0.78,0.38,0.524737
0.78,0.42,0.692844
0.78,0.46,18.8823
0.78,0.5,1.3711
0.78,0.54,1.7251
0.78,0.58,1.86948
0.78,0.62,1.0772
0.78,0.66,2.99931
0.78,0.7,5.59489
0.78,0.74,5.6488
0.78,0.78,6.17637
0.78,0.82,7.82339
0.78,0.86,0.000743779
0.78,0.9,18.882
0.78,0.94,18.8828
0.78,0.98,13.9149
0.78,1.02,14.7893
0.78,1.06,19.7302
0.78,1.1,20.3112
0.78,1.14,20.2446
0.78,1.18,20.67
0.78,1.22,25.0864
0.78,1.26,35.7271
0.78,1.3,30.2201
0.78,1.34,33.383
0.78,1.38,33.9385
0.78,1.42,36.3373
0.78,1.46,37.0995
0.78,1.5,39.4062
0.78,1.54,42.6705
0.78,1.58,52.6253
0.78,1.62,49.9979
0.78,1.66,41.9971
0.78,1.7,50.8749
0.78,1.74,58.1783
0.78,1.78,67.9071
0.78,1.82,74.2125
0.78,1.86,78.7984
0.78,1.9,72.8753
0.78,1.94,69.3097
0.78,1.98,18.8855
0.82,0.02,255
0.82,0.06,127.142
0.82,0.1,6.94656
0.82,0.14,40.2658
0.82,0.18,57.7595
0.82,0.22,28.8746
0.82,0.26,28.4942
0.82,0.3,254.99
0.82,0.34,93.4123
0.82,0.38,91.7652
0.82,0.42,254.995
0.82,0.46,22.9178
0.82,0.5,3.67933
0.82,0.54,1.95376
0.82,0.58,2.07645
0.82,0.62,74.8402
0.82,0.66,0.00247663
0.82,0.7,168.508
0.82,0.74,75.4742
0.82,0.78,5.96237
0.82,0.82,254.999
0.82,0.86,2.02004
0.82,0.9,11.5937
0.82,0.94,11.5941
0.82,0.98,11.5941
0.82,1.02,11.5941
0.82,1.06,11.5941
0.82,1.1,35.7455
0.82,1.14,34.0528
0.82,1.18,40.1535
0.82,1.22,66.6692
0.82,1.26,22.8858
0.82,1.3,25.5478
0.82,1.34,29.3363
0.82,1.38,30.5431
0.82,1.42,11.5946
0.82,1.46,254.991
0.82,1.5,29.491
0.82,1.54,31.2547
0.82,1.58,33.3268
0.82,1.62,35.0826
0.82,1.66,36.3378
0.82,1.7,41.6515
0.82,1.74,45.6268
0.82,1.78,55.2216
0.82,1.82,66.6915
0.82,1.86,69.6817
0.82,1.9,71.8021
0.82,1.94,54.5751
0.82,1.98,11.5965
0.86,0.02,255
0.86,0.06,255
0.86,0.1,79.2098
0.86,0.14,211.45
0.86,0.18,95.9657
0.86,0.22,94.4129
0.86,0.26,39.9222
0.86,0.3,254.993
0.86,0.34,159.287
0.86,0.38,143.563
0.86,0.42,144.101
0.86,0.46,118.292
0.86,0.5,0.00587162
0.86,0.54,9.84337
0.86,0.58,254.989
0.86,0.62,255
0.86,0.66,116.897
0.86,0.7,118.871
0.86,0.74,105.383
0.86,0.78,30.8083
0.86,0.82,0.00169903
0.86,0.86,87.3401
0.86,0.9,103.736
0.86,0.94,120.726
0.86,0.98,49.8555
0.86,1.02,52.711
0.86,1.06,90.3437
0.86,1.1,77.3035
0.86,1.14,82.3537
0.86,1.18,38.9759
0.86,1.22,72.2525
0.86,1.26,254.994
0.86,1.3,72.6053
0.86,1.34,66.658
0.86,1.38,52.2891
0.86,1.42,65.1155
0.86,1.46,254.993
0.86,1.5,9.85462
0.86,1.54,9.84381
0.86,1.58,28.3613
0.86,1.62,45.7402
0.86,1.66,0.00151363
0.86,1.7,40.0812
0.86,1.74,41.3356
0.86,1.78,50.7628
0.86,1.82,61.5021
0.86,1.86,72.0581
0.86,1.9,71.6342
0.86,1.94,68.1516
0.86,1.98,45.7422
0.9,0.02,255
0.9,0.06,236.65
0.9,0.1,153.078
0.9,0.14,0.00675399
0.9,0.18,254.993
0.9,0.22,218.165
0.9,0.26,80.6548
0.9,0.3,52.9449
0.9,0.34,155.436
0.9,0.38,94.7906
0.9,0.42,254.996
0.9,0.46,6.30754
0.9,0.5,113.151
0.9,0.54,62.0003
0.9,0.58,108.929
0.9,0.62,67.758
0.9,0.66,7.95805
0.9,0.7,150.34
0.9,0.74,50.1912
0.9,0.78,24.5782
0.9,0.82,25.2494
0.9,0.86,42.1398
0.9,0.9,19.2625
0.9,0.94,47.0521
0.9,0.98,0.00150394
0.9,1.02,23.2462
0.9,1.06,17.6055
0.9,1.1,0.000776782
0.9,1.14,21.4883
0.9,1.18,22.5313
0.9,1.22,66.2936
0.9,1.26,55.7967
0.9,1.3,58.4829
0.9,1.34,66.9779
0.9,1.38,69.0322
0.9,1.42,71.9319
0.9,1.46,57.5895
0.9,1.5,64.6356
0.9,1.54,47.1305
0.9,1.58,41.8771
0.9,1.62,57.7766
0.9,1.66,49.3772
0.9,1.7,57.8749
0.9,1.74,56.2572
0.9,1.78,45.4019
0.9,1.82,50.1009
0.9,1.86,70.7614
0.9,1.9,69.1461
0.9,1.94,42.0827
0.9,1.98,47.0525
0.94,0.02,255
0.94,0.06,183.541
0.94,0.1,108.062
0.94,0.14,99.451
0.94,0.18,22.7859
0.94,0.22,15.5556
0.94,0.26,16.4661
0.94,0.3,7.96398
0.94,0.34,19.695
0.94,0.38,0.000651744
0.94,0.42,0.642786
0.94,0.46,0.788539
0.94,0.5,0.37624
0.94,0.54,0.35632
0.94,0.58,254.987
0.94,0.62,2.45171
0.94,0.66,1.67566
0.94,0.7,1.51007
0.94,0.74,3.01746
0.94,0.78,8.32116e-05
0.94,0.82,4.16532
0.94,0.86,4.89418
0.94,0.9,6.2701
0.94,0.94,8.40625
0.94,0.98,12.1008
0.94,1.02,47.1394
0.94,1.06,16.999
0.94,1.1,19.6441
0.94,1.14,254.988
0.94,1.18,47.1474
0.94,1.22,33.085
0.94,1.26,32.4759
0.94,1.3,32.0414
0.94,1.34,31.2396
0.94,1.38,33.44
0.94,1.42,254.991
0.94,1.46,69.8142
0.94,1.5,49.4707
0.94,1.54,69.4265
0.94,1.58,38.8035
0.94,1.62,67.7395
0.94,1.66,52.4816
0.94,1.7,57.8121
0.94,1.74,63.362
0.94,1.78,50.3349
0.94,1.82,56.6328
0.94,1.86,63.9198
0.94,1.9,66.4956
0.94,1.94,54.0797
0.94,1.98,47.1408
0.98,0.02,255
0.98,0.06,15.2552
0.98,0.1,0.0908699
0.98,0.14,0.337528
0.98,0.18,0.140615
0.98,0.22,0.0711291
0.98,0.26,0.082712
0.98,0.3,0.0728559
0.98,0.34,0.212069
0.98,0.38,5.84815e-06
0.98,0.42,0.089536
0.98,0.46,4.93817e-06
0.98,0.5,1.06219e-10
0.98,0.54,1.14163e-15
0.98,0.58,3.45368e-13
0.98,0.62,27.3471
0.98,0.66,0.481527
0.98,0.7,0.618219
0.98,0.74,1.74402
0.98,0.78,2.9925
0.98,0.82,3.89014
0.98,0.86,5.56342
0.98,0.9,8.21903
0.98,0.94,11.5119
0.98,0.98,14.0451
0.98,1.02,254.989
0.98,1.06,25.5124
0.98,1.1,35.4319
0.98,1.14,38.2864
0.98,1.18,47.8747
0.98,1.22,0.0018483
0.98,1.26,3.05819e-08
0.98,1.3,47.4455
0.98,1.34,46.6961
0.98,1.38,18.7192
0.98,1.42,40.4841
0.98,1.46,35.3672
0.98,1.5,42.0203
0.98,1.54,44.6508
0.98,1.58,57.1242
0.98,1.62,56.6393
0.98,1.66,61.7463
0.98,1.7,254.993
0.98,1.74,64.2758
0.98,1.78,62.1404
0.98,1.82,62.5403
0.98,1.86,59.1052
0.98,1.9,66.3391
0.98,1.94,49.1842
0.98,1.98,27.3488
1.02,0.02,255
1.02,0.06,0.0240205
1.02,0.1,0.0399705
1.02,0.14,0.0034935
1.02,0.18,0.0702569
1.02,0.22,0.0144068
1.02,0.26,254.99
1.02,0.3,255
1.02,0.34,0.0590638
1.02,0.38,1.8382e-06
1.02,0.42,2.50677e-11
1.02,0.46,0.127352
1.02,0.5,0.17841
1.02,0.54,0.176244
1.02,0.58,0.115624
1.02,0.62,0.121205
1.02,0.66,254.99
1.02,0.7,0.525921
1.02,0.74,1.33247
1.02,0.78,2.22168
1.02,0.82,4.20176
1.02,0.86,5.23627
1.02,0.9,8.38472
1.02,0.94,13.3844
1.02,0.98,16.8666
1.02,1.02,254.989
1.02,1.06,28.1734
1.02,1.1,254.987
1.02,1.14,45.9536
1.02,1.18,0.00177391
1.02,1.22,59.7096
1.02,1.26,63.0094
1.02,1.3,24.8874
1.02,1.34,67.7496
1.02,1.38,65.1421
1.02,1.42,61.3536
1.02,1.46,59.896
1.02,1.5,56.7045
1.02,1.54,54.9172
1.02,1.58,46.9802
1.02,1.62,52.4304
1.02,1.66,49.8426
1.02,1.7,57.3399
1.02,1.74,54.0837
1.02,1.78,64.0521
1.02,1.82,62.9659
1.02,1.86,61.9301
1.02,1.9,65.3198
1.02,1.94,69.257
1.02,1.98,254.993
1.06,0.02,1.08614e-05
1.06,0.06,0.000179827
1.06,0.1,0.0047397
1.06,0.14,0.00614758
1.06,0.18,0.00809294
1.06,0.22,0.00590099
1.06,0.26,0.00992091
1.06,0.3,0.0206742
1.06,0.34,0.017888
1.06,0.38,4.93285e-07
1.06,0.42,4.01232e-07
1.06,0.46,0.019831
1.06,0.5,0.0617985
1.06,0.54,0.0880995
1.06,0.58,0.072409
1.06,0.62,1.36564e-05
1.06,0.66,1.08614e-05
1.06,0.7,0.330537
1.06,0.74,0.867885
1.06,0.78,0.926896
1.06,0.82,4.24941
1.06,0.86,4.76731
1.06,0.9,8.38339
1.06,0.94,14.5265
1.06,0.98,0.000251217
1.06,1.02,28.0119
1.06,1.06,28.5728
1.06,1.1,36.3336
1.06,1.14,53.4756
1.06,1.18,55.7703
1.06,1.22,57.2867
1.06,1.26,64.4831
1.06,1.3,67.4193
1.06,1.34,65.6285
1.06,1.38,0.00254456
1.06,1.42,64.8623
1.06,1.46,69.4819
1.06,1.5,67.2678
1.06,1.54,66.3043
1.06,1.58,65.1741
1.06,1.62,61.684
1.06,1.66,52.8826
1.06,1.7,54.508
1.06,1.74,54.5151
1.06,1.78,54.3178
1.06,1.82,61.269
1.06,1.86,62.4277
1.06,1.9,63.5598
1.06,1.94,65.6372
1.06,1.98,24.6406
1.1,0.02,3.78034e-07
1.1,0.06,3.78034e-07
1.1,0.1,0.000247978
1.1,0.14,8.20616e-09
1.1,0.18,0.000734878
1.1,0.22,0.000889978
1.1,0.26,2.94509e-08
1.1,0.3,3.95686e-07
1.1,0.34,0.00263298
1.1,0.38,1.5974e-07
1.1,0.42,0.00469067
1.1,0.46,0.00134585
1.1,0.5,4.45345e-08
1.1,0.54,0.016423
1.1,0.58,0.0437791
1.1,0.62,0.0568107
1.1,0.66,34.4948
1.1,0.7,0.00114189
1.1,0.74,0.584166
1.1,0.78,1.22622
1.1,0.82,1.61723
1.1,0.86,5.35169e-05
1.1,0.9,8.75282
1.1,0.94,11.3074
1.1,0.98,0.00037418
1.1,1.02,24.1414
1.1,1.06,29.3727
1.1,1.1,42.7725
1.1,1.14,52.3413
1.1,1.18,61.5385
1.1,1.22,63.8164
1.1,1.26,61.7413
1.1,1.3,70.0723
1.1,1.34,0.00231881
1.1,1.38,69.4767
1.1,1.42,71.55
1.1,1.46,73.543
1.1,1.5,75.6947
1.1,1.54,73.9079
1.1,1.58,70.6135
1.1,1.62,66.4534
1.1,1.66,59.3326
1.1,1.7,57.7245
1.1,1.74,0.00222855
1.1,1.78,55.3194
1.1,1.82,58.8893
1.1,1.86,55.8137
1.1,1.9,63.7911
1.1,1.94,65.4993
1.1,1.98,34.4977
1.14,0.02,5.1006e-24
1.14,0.06,1.20098e-21
1.14,0.1,5.13044e-24
1.14,0.14,1.90985e-05
1.14,0.18,6.32012e-10
1.14,0.22,4.07723e-05
1.14,0.26,1.57411e-09
1.14,0.3,0.000204257
1.14,0.34,0.000235777
1.14,0.38,0.000215914
1.14,0.42,0.00012906
1.14,0.46,5.69429e-09
1.14,0.5,1.45251e-13
1.14,0.54,1.68882e-18
1.14,0.58,0.013156
1.14,0.62,0.0504076
1.14,0.66,1.67022e-06
1.14,0.7,0.0904494
1.14,0.74,3.49203e-06
1.14,0.78,0.903108
1.14,0.82,0.905694
1.14,0.86,1.54287
1.14,0.9,2.41742
1.14,0.94,6.6664e-05
1.14,0.98,12.8666
1.14,1.02,17.7524
1.14,1.06,19.3885
1.14,1.1,34.45
1.14,1.14,43.9066
1.14,1.18,61.7125
1.14,1.22,65.085
1.14,1.26,67.8537
1.14,1.3,74.2139
1.14,1.34,0.00204656
1.14,1.38,2.48368e-08
1.14,1.42,79.7092
1.14,1.46,81.3499
1.14,1.5,81.7222
1.14,1.54,79.8328
1.14,1.58,76.6759
1.14,1.62,72.8055
1.14,1.66,0.00401536
1.14,1.7,64.8865
1.14,1.74,59.2839
1.14,1.78,57.3411
1.14,1.82,56.9168
1.14,1.86,63.2672
1.14,1.9,64.0812
1.14,1.94,18.2185
1.14,1.98,18.2155
1.18,0.02,6.83663e-11
1.18,0.06,1.60974e-08
1.18,0.1,6.88083e-11
1.18,0.14,1.0586e-06
1.18,0.18,4.67087e-11
1.18,0.22,7.42964e-16
1.18,0.26,4.80009e-06
1.18,0.3,8.10892e-06
1.18,0.34,5.03178e-05
1.18,0.38,0.000101707
1.18,0.42,0.000200268
1.18,0.46,8.83628e-09
1.18,0.5,6.8492e-11
1.18,0.54,6.83671e-11
1.18,0.58,0.00317903
1.18,0.62,1.578e-07
1.18,0.66,0.0261076
1.18,0.7,0.0682194
1.18,0.74,1.88127e-06
1.18,0.78,0.426394
1.18,0.82,0.442552
1.18,0.86,0.860358
1.18,0.9,3.88113
1.18,0.94,8.19823
1.18,0.98,8.84705
1.18,1.02,11.5008
1.18,1.06,15.7007
1.18,1.1,31.2722
1.18,1.14,42.8074
1.18,1.18,0.00236093
1.18,1.22,64.6591
1.18,1.26,69.3768
1.18,1.3,76.1171
1.18,1.34,52.8949
1.18,1.38,77.5705
1.18,1.42,81.6496
1.18,1.46,82.3774
1.18,1.5,81.6355
1.18,1.54,81.8003
1.18,1.58,5.08419
1.18,1.62,0.000336295
1.18,1.66,74.0779
1.18,1.7,70.4771
1.18,1.74,67.1314
1.18,1.78,63.9751
1.18,1.82,61.0839
1.18,1.86,59.5944
1.18,1.9,57.7916
1.18,1.94,64.0119
1.18,1.98,52.8946
1.22,0.02,6.7102e-12
1.22,0.06,3.8034e-10
1.22,0.1,1.46841e-14
1.22,0.14,29.14
1.22,0.18,0.000964318
1.22,0.22,1.77288e-08
1.22,0.26,51.0746
1.22,0.3,0.00253526
1.22,0.34,2.33239e-06
1.22,0.38,1.00375e-05
1.22,0.42,3.9423e-10
1.22,0.46,51.0763
1.22,0.5,0.00141861
1.22,0.54,0.000270454
1.22,0.58,0.000931336
1.22,0.62,0.00303748
1.22,0.66,0.0110448
1.22,0.7,51.076
1.22,0.74,0.00169021
1.22,0.78,0.113179
1.22,0.82,0.659831
1.22,0.86,2.54745e-05
1.22,0.9,0.789342
1.22,0.94,5.25507
1.22,0.98,7.49687
1.22,1.02,10.6122
1.22,1.06,11.9687
1.22,1.1,20.4838
1.22,1.14,29.1619
1.22,1.18,0.000965018
1.22,1.22,65.8397
1.22,1.26,69.74
1.22,1.3,74.7717
1.22,1.34,76.7279
1.22,1.38,0.00296222
1.22,1.42,78.0001
1.22,1.46,82.0441
1.22,1.5,82.028
1.22,1.54,80.8548
1.22,1.58,80.0592
1.22,1.62,80.1796
1.22,1.66,76.3805
1.22,1.7,73.6799
1.22,1.74,69.2203
1.22,1.78,68.3314
1.22,1.82,60.9626
1.22,1.86,60.6414
1.22,1.9,59.673
1.22,1.94,59.8275
1.22,1.98,51.0776
1.26,0.02,7.68431
1.26,0.06,0.000211906
1.26,0.1,2.33975e-09
1.26,0.14,1.29675e-14
1.26,0.18,4.40521e-20
1.26,0.22,5.37022e-08
1.26,0.26,2.39107e-08
1.26,0.3,1.18683e-12
1.26,0.34,2.54557e-17
1.26,0.38,2.52717e-22
1.26,0.42,2.17587e-10
1.26,0.46,2.63034e-07
1.26,0.5,1.76765e-05
1.26,0.54,0.000119243
1.26,0.58,7.6841
1.26,0.62,7.68435
1.26,0.66,0.00545611
1.26,0.7,1.18032e-07
1.26,0.74,0.0312593
1.26,0.78,0.0458111
1.26,0.82,0.428546
1.26,0.86,0.454435
1.26,0.9,1.00767
1.26,0.94,1.87281
1.26,0.98,8.26324e-05
1.26,1.02,2.15364
1.26,1.06,9.67952
1.26,1.1,28.4658
1.26,1.14,7.68477
1.26,1.18,52.9682
1.26,1.22,55.7285
1.26,1.26,63.2524
1.26,1.3,71.2246
1.26,1.34,0.00314257
1.26,1.38,5.84966e-08
1.26,1.42,78.1537
1.26,1.46,78.8088
1.26,1.5,79.5333
1.26,1.54,79.3087
1.26,1.58,0.00349925
1.26,1.62,9.89093e-08
1.26,1.66,72.0903
1.26,1.7,71.377
1.26,1.74,65.2313
1.26,1.78,67.9129
1.26,1.82,62.3708
1.26,1.86,61.4162
1.26,1.9,0.00169364
1.26,1.94,1.8682e-08
1.26,1.98,7.68397
1.3,0.02,7.2845e-60
1.3,0.06,7.76564e-58
1.3,0.1,7.31845e-60
1.3,0.14,7.2845e-60
1.3,0.18,6.79866e-50
1.3,0.22,2.24983e-54
1.3,0.26,4.42027e-09
1.3,0.3,1.66761e-09
1.3,0.34,6.43781e-14
1.3,0.38,1.42024e-18
1.3,0.42,0.0637953
1.3,0.46,0.0637985
1.3,0.5,3.16677e-06
1.3,0.54,5.4338e-11
1.3,0.58,1.35331e-05
1.3,0.62,0.000408778
1.3,0.66,0.00202961
1.3,0.7,0.00345455
1.3,0.74,0.00422091
1.3,0.78,0.012998
1.3,0.82,0.156349
1.3,0.86,0.200623
1.3,0.9,0.225154
1.3,0.94,1.09224
1.3,0.98,0.0638495
1.3,1.02,4.71584
1.3,1.06,20.5719
1.3,1.1,17.4745
1.3,1.14,24.8102
1.3,1.18,27.0405
1.3,1.22,0.000894816
1.3,1.26,55.0547
1.3,1.3,68.1402
1.3,1.34,0.00225488
1.3,1.38,3.93819e-08
1.3,1.42,4.34409e-13
1.3,1.46,75.0792
1.3,1.5,74.9312
1.3,1.54,0.00330611
1.3,1.58,6.15406e-08
1.3,1.62,73.7479
1.3,1.66,73.421
1.3,1.7,67.6293
1.3,1.74,65.2362
1.3,1.78,67.4581
1.3,1.82,62.4614
1.3,1.86,0.0658633
1.3,1.9,0.0637985
1.3,1.94,7.40928
1.3,1.98,0.0640821
1.34,0.02,2.6965e-19
1.34,0.06,2.12881e-16
1.34,0.1,2.76686e-19
1.34,0.14,2.6965e-19
1.34,0.18,9.54134e-15
1.34,0.22,3.68369e-19
1.34,0.26,6.38533e-24
1.34,0.3,2.69634e-19
1.34,0.34,5.70653e-11
1.34,0.38,0.0291985
1.34,0.42,1.45543e-06
1.34,0.46,0.029203
1.34,0.5,1.12746e-06
1.34,0.54,1.06601e-11
1.34,0.58,5.63664e-06
1.34,0.62,1.86528e-10
1.34,0.66,2.5722e-15
1.34,0.7,2.88563e-19
1.34,0.74,0.000629101
1.34,0.78,0.00309942
1.34,0.82,0.0299395
1.34,0.86,0.116459
1.34,0.9,0.18368
1.34,0.94,0.132972
1.34,0.98,4.40023e-06
1.34,1.02,4.52545
1.34,1.06,5.25861
1.34,1.1,7.02589
1.34,1.14,16.3555
1.34,1.18,17.8332
1.34,1.22,26.4326
1.34,1.26,47.639
1.34,1.3,56.3864
1.34,1.34,60.7548
1.34,1.38,67.0432
1.34,1.42,24.3697
1.34,1.46,0.00134397
1.34,1.5,2.82755
1.34,1.54,70.969
1.34,1.58,0.00313135
1.34,1.62,72.7218
1.34,1.66,67.2593
1.34,1.7,66.6299
1.34,1.74,66.5334
1.34,1.78,64.1524
1.34,1.82,63.0112
1.34,1.86,62.3147
1.34,1.9,60.2725
1.34,1.94,0.8106
1.34,1.98,0.0292301
1.38,0.02,3.02825e-22
1.38,0.06,2.11265e-21
1.38,0.1,3.02885e-22
1.38,0.14,3.02825e-22
1.38,0.18,3.02825e-22
1.38,0.22,2.78466e-16
1.38,0.26,1.7197e-20
1.38,0.3,3.03249e-22
1.38,0.34,3.3062e-12
1.38,0.38,9.75543e-12
1.38,0.42,0.000136941
1.38,0.46,7.64224e-09
1.38,0.5,2.05378e-13
1.38,0.54,8.74955e-08
1.38,0.58,2.38256e-07
1.38,0.62,1.05125e-11
1.38,0.66,1.37704e-16
1.38,0.7,9.41281e-07
1.38,0.74,0.000111956
1.38,0.78,0.000165213
1.38,0.82,0.00321355
1.38,0.86,0.0156733
1.38,0.9,0.061759
1.38,0.94,0.0139362
1.38,0.98,4.61139e-07
1.38,1.02,3.77159
1.38,1.06,0.303617
1.38,1.1,0.302162
1.38,1.14,0.285548
1.38,1.18,7.4583
1.38,1.22,10.9369
1.38,1.26,47.703
1.38,1.3,39.476
1.38,1.34,54.3085
1.38,1.38,57.3252
1.38,1.42,60.6249
1.38,1.46,0.00334359
1.38,1.5,7.74522e-08
1.38,1.54,1.15948e-12
1.38,1.58,67.673
1.38,1.62,66.7776
1.38,1.66,66.3157
1.38,1.7,0.00256024
1.38,1.74,59.3966
1.38,1.78,60.2701
1.38,1.82,63.2999
1.38,1.86,58.0189
1.38,1.9,23.8497
1.38,1.94,17.9102
1.38,1.98,0.000729617
1.42,0.02,8.65904e-28
1.42,0.06,8.65904e-28
1.42,0.1,3.82053e-32
1.42,0.14,1.00089e-36
1.42,0.18,3.83643e-20
1.42,0.22,1.21067e-19
1.42,0.26,7.34575e-24
1.42,0.3,2.75266e-28
1.42,0.34,1.48935e-14
1.42,0.38,4.89662e-14
1.42,0.42,2.16051e-18
1.42,0.46,1.99886e-10
1.42,0.5,1.22064e-10
1.42,0.54,6.05879e-15
1.42,0.58,9.32053e-09
1.42,0.62,2.57116e-07
1.42,0.66,1.38059e-06
1.42,0.7,1.15021e-05
1.42,0.74,3.17191e-10
1.42,0.78,2.2821e-05
1.42,0.82,0.00370964
1.42,0.86,0.00161948
1.42,0.9,0.00292998
1.42,0.94,0.00654151
1.42,0.98,2.88628e-07
1.42,1.02,1.04123
1.42,1.06,0.460819
1.42,1.1,1.27074e-05
1.42,1.14,2.84218
1.42,1.18,4.08601
1.42,1.22,0.000135214
1.42,1.26,1.74009e-09
1.42,1.3,48.1148
1.42,1.34,0.0018576
1.42,1.38,0.000478394
1.42,1.42,2.1107e-08
1.42,1.46,0.000712491
1.42,1.5,3.92967e-08
1.42,1.54,1.06201e-12
1.42,1.58,57.4476
1.42,1.62,0.00253478
1.42,1.66,60.7401
1.42,1.7,59.6714
1.42,1.74,38.541
1.42,1.78,33.8638
1.42,1.82,10.9003
1.42,1.86,1.68962
1.42,1.9,3.26377
1.42,1.94,0.242216
1.42,1.98,0.000724518
1.46,0.02,9.16376e-13
1.46,0.06,5.55938e-17
1.46,0.1,1.03136e-21
1.46,0.14,1.3632e-26
1.46,0.18,1.64053e-27
1.46,0.22,1.64046e-27
1.46,0.26,2.34343e-19
1.46,0.3,1.16341e-23
1.46,0.34,8.33676e-17
1.46,0.38,2.41128e-08
1.46,0.42,2.47323e-12
1.46,0.46,1.47335e-13
1.46,0.5,8.1234e-18
1.46,0.54,5.17546e-11
1.46,0.58,3.1399e-15
1.46,0.62,2.33651e-08
1.46,0.66,9.31336e-08
1.46,0.7,3.11338e-06
1.46,0.74,1.66603e-06
1.46,0.78,1.22949e-05
1.46,0.82,8.92152e-05
1.46,0.86,0.000231358
1.46,0.9,0.000322696
1.46,0.94,0.000279629
1.46,0.98,1.07955e-08
1.46,1.02,0.158833
1.46,1.06,0.0465708
1.46,1.1,0.0844707
1.46,1.14,0.116439
1.46,1.18,0.380478
1.46,1.22,1.6691
1.46,1.26,3.11215
1.46,1.3,7.68155
1.46,1.34,0.000296564
1.46,1.38,6.07529e-09
1.46,1.42,1.06095e-06
1.46,1.46,6.43672e-11
1.46,1.5,1.51686e-15
1.46,1.54,42.8347
1.46,1.58,47.7027
1.46,1.62,25.357
1.46,1.66,26.1186
1.46,1.7,36.6189
1.46,1.74,34.4825
1.46,1.78,3.33722
1.46,1.82,1.82872
1.46,1.86,0.79937
1.46,1.9,2.64515e-05
1.46,1.94,1.4063e-06
1.46,1.98,1.06104e-06
1.5,0.02,1.50884e-26
1.5,0.06,6.65727e-31
1.5,0.1,1.14741e-35
1.5,0.14,5.58934e-32
1.5,0.18,5.85643e-25
1.5,0.22,2.90703e-29
1.5,0.26,8.37291e-34
1.5,0.3,1.36819e-18
1.5,0.34,8.30069e-23
1.5,0.38,2.33287e-07
1.5,0.42,7.72002e-12
1.5,0.46,1.06447e-16
1.5,0.5,5.11621e-16
1.5,0.54,4.97567e-15
1.5,0.58,8.90571e-12
1.5,0.62,1.06078e-10
1.5,0.66,6.43567e-15
1.5,0.7,8.03058e-11
1.5,0.74,1.2579e-07
1.5,0.78,3.46894e-12
1.5,0.82,5.2838e-06
1.5,0.86,1.64168e-05
1.5,0.9,8.78609e-05
1.5,0.94,8.04966e-05
1.5,0.98,1.77585e-09
1.5,1.02,0.00131838
1.5,1.06,0.0151909
1.5,1.1,0.00159145
1.5,1.14,5.26569e-08
1.5,1.18,9.68032e-13
1.5,1.22,0.270009
1.5,1.26,1.66122
1.5,1.3,1.36681
1.5,1.34,6.03057e-05
1.5,1.38,1.03939e-09
1.5,1.42,1.0548e-14
1.5,1.46,7.08229e-20
1.5,1.5,26.1835
1.5,1.54,18.8085
1.5,1.58,10.0092
1.5,1.62,3.15237
1.5,1.66,9.81563
1.5,1.7,11.1005
1.5,1.74,3.05319
1.5,1.78,0.879805
1.5,1.82,0.02823
1.5,1.86,0.232659
1.5,1.9,6.43216e-06
1.5,1.94,1.08858e-08
1.5,1.98,2.33289e-07
1.54,0.02,7.2845e-60
1.54,0.06,1.08192e-35
1.54,0.1,1.08195e-35
1.54,0.14,1.08195e-35
1.54,0.18,2.87686e-24
1.54,0.22,1.42803e-28
1.54,0.26,4.72565e-33
1.54,0.3,2.52005e-35
1.54,0.34,3.21465e-21
1.54,0.38,1.05892e-23
1.54,0.42,7.58686e-21
1.54,0.46,5.02997e-17
1.54,0.5,2.49678e-21
1.54,0.54,3.08521e-14
1.54,0.58,2.15912e-13
1.54,0.62,1.14697e-14
1.54,0.66,3.12867e-14
1.54,0.7,1.09813e-13
1.54,0.74,6.6622e-18
1.54,0.78,1.33617e-22
1.54,0.82,1.54759e-27
1.54,0.86,7.93733e-07
1.54,0.9,2.76323e-06
1.54,0.94,3.69144e-08
1.54,0.98,1.62608e-12
1.54,1.02,2.57437e-06
1.54,1.06,7.78256e-06
1.54,1.1,9.44792e-06
1.54,1.14,2.32989e-05
1.54,1.18,0.000191142
1.54,1.22,0.000549635
1.54,1.26,0.0319692
1.54,1.3,1.05793e-06
1.54,1.34,1.94495e-11
1.54,1.38,0.861288
1.54,1.42,3.80025e-05
1.54,1.46,1.83398e-10
1.54,1.5,0.933771
1.54,1.54,3.96961
1.54,1.58,6.13454
1.54,1.62,8.28528
1.54,1.66,0.0247286
1.54,1.7,0.00173156
1.54,1.74,6.61975e-06
1.54,1.78,4.70769e-08
1.54,1.82,2.02633e-05
1.54,1.86,8.94077e-10
1.54,1.9,1.90785e-11
1.54,1.94,9.13145e-13
1.54,1.98,4.02709e-17
1.58,0.02,1.01662e-40
1.58,0.06,1.01662e-40
1.58,0.1,1.01662e-40
1.58,0.14,1.01662e-40
1.58,0.18,1.01662e-40
1.58,0.22,5.60697e-45
1.58,0.26,1.01654e-40
1.58,0.3,1.01662e-40
1.58,0.34,5.01012e-45
1.58,0.38,1.44181e-23
1.58,0.42,2.39021e-21
1.58,0.46,2.32176e-18
1.58,0.5,1.97011e-18
1.58,0.54,2.56501e-20
1.58,0.58,1.28321e-16
1.58,0.62,3.53868e-21
1.58,0.66,2.77965e-15
1.58,0.7,2.00323e-14
1.58,0.74,2.75876e-13
1.58,0.78,7.16671e-13
1.58,0.82,1.97634e-17
1.58,0.86,7.00302e-12
1.58,0.9,2.77307e-11
1.58,0.94,2.34837e-09
1.58,0.98,1.42473e-13
1.58,1.02,2.63111e-07
1.58,1.06,7.25875e-12
1.58,1.1,1.09485
1.58,1.14,4.85629e-05
1.58,1.18,1.21302e-09
1.58,1.22,1.15979e-14
1.58,1.26,5.02535e-20
1.58,1.3,1.55889e-25
1.58,1.34,0.00571193
1.58,1.38,2.52027e-07
1.58,1.42,61.3811
1.58,1.46,0.00203124
1.58,1.5,0.00619643
1.58,1.54,0.0354898
1.58,1.58,0.107375
1.58,1.62,3.98169e-05
1.58,1.66,0.000403399
1.58,1.7,5.62309e-08
1.58,1.74,1.39114e-12
1.58,1.78,2.1446e-06
1.58,1.82,8.27973e-11
1.58,1.86,1.63091e-15
1.58,1.9,1.79902e-20
1.58,1.94,1.11129e-25
1.58,1.98,3.72129e-31
1.62,0.02,1.35517e-28
1.62,0.06,5.97924e-33
1.62,0.1,1.11319e-37
1.62,0.14,1.58438e-36
1.62,0.18,8.73848e-41
1.62,0.22,2.40979e-45
1.62,0.26,2.77476e-33
1.62,0.3,1.68343e-37
1.62,0.34,1.45511e-31
1.62,0.38,3.5339e-23
1.62,0.42,1.16944e-27
1.62,0.46,2.94305e-31
1.62,0.5,6.33436e-29
1.62,0.54,1.87579e-28
1.62,0.58,2.08127e-19
1.62,0.62,9.18315e-24
1.62,0.66,5.38344e-19
1.62,0.7,1.88895e-17
1.62,0.74,3.5442e-21
1.62,0.78,1.05908e-20
1.62,0.82,4.08883e-25
1.62,0.86,6.44325e-30
1.62,0.9,1.35511e-28
1.62,0.94,2.39284e-10
1.62,0.98,1.20178e-14
1.62,1.02,6.36691e-10
1.62,1.06,2.76069e-14
1.62,1.1,1.92531e-08
1.62,1.14,4.34922e-07
1.62,1.18,5.97246e-08
1.62,1.22,1.23806e-08
1.62,1.26,4.09657e-13
1.62,1.3,5.64832e-18
1.62,1.34,0.000146932
1.62,1.38,5.67271e-09
1.62,1.42,9.83309e-14
1.62,1.46,0.00266528
1.62,1.5,1.58279e-06
1.62,1.54,0.000162628
1.62,1.58,2.6309e-05
1.62,1.62,1.66037e-09
1.62,1.66,6.63219e-14
1.62,1.7,1.26505e-18
1.62,1.74,1.09337e-23
1.62,1.78,7.77995e-29
1.62,1.82,3.55315e-34
1.62,1.86,6.58197e-40
1.62,1.9,5.84718e-46
1.62,1.94,3.85717e-53
1.62,1.98,2.30793e-58
1.66,0.02,3.9537e-48
1.66,0.06,1.96251e-52
1.66,0.1,3.95353e-48
1.66,0.14,1.96246e-52
1.66,0.18,3.72817e-57
1.66,0.22,1.67403e-40
1.66,0.26,5.15053e-40
1.66,0.3,4.26963e-39
1.66,0.34,1.88914e-43
1.66,0.38,3.39714e-48
1.66,0.42,4.12896e-37
1.66,0.46,2.92462e-31
1.66,0.5,6.34131e-30
1.66,0.54,2.09849e-34
1.66,0.58,5.22222e-31
1.66,0.62,1.25814e-28
1.66,0.66,1.33369e-25
1.66,0.7,3.81174e-25
1.66,0.74,2.29809e-23
1.66,0.78,5.06993e-28
1.66,0.82,8.89641e-17
1.66,0.86,3.92535e-21
1.66,0.9,7.57741e-26
1.66,0.94,1.61197e-30
1.66,0.98,2.40374e-35
1.66,1.02,1.01891e-10
1.66,1.06,9.91349e-11
1.66,1.1,2.59776e-10
1.66,1.14,2.07718e-09
1.66,1.18,3.15359e-07
1.66,1.22,1.21753e-11
1.66,1.26,1.72675e-16
1.66,1.3,1.74601e-21
1.66,1.34,1.4117e-16
1.66,1.38,8.65068e-10
1.66,1.42,5.24824e-14
1.66,1.46,1.21047e-18
1.66,1.5,1.90261e-09
1.66,1.54,9.44417e-14
1.66,1.58,1.56264e-18
1.66,1.62,1.30874e-23
1.66,1.66,8.26985e-29
1.66,1.7,4.68688e-34
1.66,1.74,2.2923e-39
1.66,1.78,1.40829e-44
1.66,1.82,7.69102e-50
1.66,1.86,3.79028e-55
1.66,1.9,1.63391e-60
1.66,1.94,2.62633e-58
1.66,1.98,1.15882e-62
1.7,0.02,1.59919e-52
1.7,0.06,1.02997e-56
1.7,0.1,1.03229e-48
1.7,0.14,3.41639e-53
1.7,0.18,6.28176e-58
1.7,0.22,6.96858e-45
1.7,0.26,5.45931e-49
1.7,0.3,2.20424e-48
1.7,0.34,3.18051e-46
1.7,0.38,1.22792e-50
1.7,0.42,2.99922e-55
1.7,0.46,1.59912e-52
1.7,0.5,7.19121e-36
1.7,0.54,3.27971e-38
1.7,0.58,9.69792e-28
1.7,0.62,7.79924e-14
1.7,0.66,1.72063e-18
1.7,0.7,8.31254e-14
1.7,0.74,1.83387e-18
1.7,0.78,1.51717e-23
1.7,0.82,7.95322e-21
1.7,0.86,1.95823e-21
1.7,0.9,8.6394e-26
1.7,0.94,1.66768e-30
1.7,0.98,3.21918e-35
1.7,1.02,4.02201e-40
1.7,1.06,3.0235e-15
1.7,1.1,7.79917e-14
1.7,1.14,3.44122e-18
1.7,1.18,5.14771e-15
1.7,1.22,1.98742e-19
1.7,1.26,2.66205e-24
1.7,1.3,2.33188e-29
1.7,1.34,2.17707e-15
1.7,1.38,9.47013e-17
1.7,1.42,3.6544e-21
1.7,1.46,7.48496e-26
1.7,1.5,3.61581e-25
1.7,1.54,1.6237e-29
1.7,1.58,2.66489e-33
1.7,1.62,2.9719e-32
1.7,1.66,1.3088e-36
1.7,1.7,2.76802e-41
1.7,1.74,3.43967e-46
1.7,1.78,1.16232e-50
1.7,1.82,1.6022e-52
1.7,1.86,30.5967
1.7,1.9,0.00202502
1.7,1.94,5.30516e-08
1.7,1.98,8.3259e-13
1.74,0.02,7.2845e-60
1.74,0.06,4.63208e-58
1.74,0.1,4.45406e-54
1.74,0.14,3.01982e-57
1.74,0.18,6.79865e-50
1.74,0.22,3.74971e-54
1.74,0.26,1.04485e-58
1.74,0.3,2.20428e-48
1.74,0.34,1.10057e-43
1.74,0.38,4.24905e-48
1.74,0.42,1.28304e-42
1.74,0.46,1.44797e-41
1.74,0.5,6.38887e-46
1.74,0.54,2.91223e-44
1.74,0.58,9.03869e-44
1.74,0.62,3.25305e-32
1.74,0.66,2.58692e-34
1.74,0.7,6.82416e-35
1.74,0.74,1.06324e-36
1.74,0.78,3.57344e-35
1.74,0.82,1.00622e-39
1.74,0.86,1.26446e-44
1.74,0.9,1.70135e-17
1.74,0.94,7.50683e-22
1.74,0.98,1.40133e-16
1.74,1.02,2.91241e-15
1.74,1.06,3.02561e-15
1.74,1.1,1.16809e-19
1.74,1.14,1.51851e-15
1.74,1.18,6.7001e-20
1.74,1.22,1.01623e-24
1.74,1.26,1.24835e-29
1.74,1.3,1.88124e-16
1.74,1.34,8.3006e-21
1.74,1.38,1.60236e-25
1.74,1.42,2.74928e-29
1.74,1.46,1.05727e-33
1.74,1.5,2.85579e-33
1.74,1.54,1.42372e-37
1.74,1.58,5.69057e-39
1.74,1.62,8.25614e-34
1.74,1.66,9.01849e-37
1.74,1.7,2.91412e-41
1.74,1.74,4.5017e-46
1.74,1.78,3.19281e-51
1.74,1.82,1.3558e-56
1.74,1.86,7.36359e-60
1.74,1.9,7.2845e-60
1.74,1.94,5.69731e-17
1.74,1.98,2.82804e-21
1.78,0.02,3.80595e-65
1.78,0.06,4.81105e-58
1.78,0.1,3.7515e-58
1.78,0.14,2.79876e-57
1.78,0.18,1.38925e-61
1.78,0.22,4.0527e-65
1.78,0.26,2.12392e-69
1.78,0.3,3.80583e-65
1.78,0.34,1.25943e-69
1.78,0.38,1.85233e-74
1.78,0.42,9.48255e-78
1.78,0.46,2.04521e-48
1.78,0.5,1.55264e-47
1.78,0.54,8.00799e-35
1.78,0.58,2.20837e-39
1.78,0.62,4.53688e-43
1.78,0.66,1.26753e-46
1.78,0.7,2.55436e-40
1.78,0.74,1.87167e-37
1.78,0.78,1.13265e-36
1.78,0.82,3.12495e-41
1.78,0.86,7.1596e-30
1.78,0.9,1.9744e-34
1.78,0.94,2.17791e-39
1.78,0.98,1.2012e-44
1.78,1.02,2.91242e-15
1.78,1.06,3.02562e-15
1.78,1.1,1.00123e-19
1.78,1.14,1.47256e-24
1.78,1.18,3.63292e-24
1.78,1.22,1.40258e-28
1.78,1.26,1.23734e-14
1.78,1.3,1.88603e-16
1.78,1.34,1.41179e-16
1.78,1.38,6.22902e-21
1.78,1.42,1.24537e-25
1.78,1.46,1.71266e-30
1.78,1.5,7.4248e-35
1.78,1.54,2.54471e-39
1.78,1.58,4.84869e-41
1.78,1.62,2.28364e-39
1.78,1.66,6.29969e-44
1.78,1.7,7.64953e-49
1.78,1.74,5.37612e-54
1.78,1.78,3.81983e-59
1.78,1.82,1.88495e-64
1.78,1.86,0.000163437
1.78,1.9,7.21133e-09
1.78,1.94,7.40822
1.78,1.98,0.000449452
1.82,0.02,0
1.82,0.06,4.70142e-58
1.82,0.1,1.81511e-62
1.82,0.14,3.14633e-67
1.82,0.18,4.06829e-50
1.82,0.22,2.77054e-49
1.82,0.26,6.09619e-51
1.82,0.3,8.46361e-48
1.82,0.34,2.8008e-52
1.82,0.38,4.37678e-57
1.82,0.42,4.96989e-62
1.82,0.46,9.34439e-53
1.82,0.5,3.66296e-52
1.82,0.54,5.42811e-46
1.82,0.58,1.07254e-44
1.82,0.62,3.56174e-49
1.82,0.66,5.26827e-54
1.82,0.7,3.23031e-45
1.82,0.74,1.07462e-48
1.82,0.78,5.13001e-46
1.82,0.82,7.29242e-45
1.82,0.86,2.01102e-49
1.82,0.9,2.24731e-54
1.82,0.94,9.06761e-36
1.82,0.98,2.50056e-40
1.82,1.02,2.91245e-15
1.82,1.06,1.12443e-19
1.82,1.1,2.03768e-24
1.82,1.14,2.63869e-29
1.82,1.18,1.01692e-33
1.82,1.22,4.09641e-38
1.82,1.26,6.33592
1.82,1.3,0.00013978
1.82,1.34,2.12007e-09
1.82,1.38,2.76379e-14
1.82,1.42,40.423
1.82,1.46,0.00156064
1.82,1.5,2.0904e-08
1.82,1.54,1.42422e-13
1.82,1.58,5.61079e-19
1.82,1.62,1.44413e-24
1.82,1.66,3.41352e-30
1.82,1.7,6.27559e-36
1.82,1.74,4.95934e-61
1.82,1.78,8.79597e-06
1.82,1.82,3.88102e-10
1.82,1.86,9.8999e-15
1.82,1.9,1.50523e-19
1.82,1.94,8.79025e-25
1.82,1.98,2.33431e-30
1.86,0.02,0
1.86,0.06,1.10277e-78
1.86,0.1,4.25754e-83
1.86,0.14,7.7155e-88
1.86,0.18,6.79866e-50
1.86,0.22,1.87486e-54
1.86,0.26,2.27493e-59
1.86,0.3,8.46347e-48
1.86,0.34,3.26754e-52
1.86,0.38,4.65213e-57
1.86,0.42,3.32537e-62
1.86,0.46,2.78182e-31
1.86,0.5,1.38527e-35
1.86,0.54,2.04068e-40
1.86,0.58,2.22835e-45
1.86,0.62,3.25305e-32
1.86,0.66,1.25592e-36
1.86,0.7,1.78119e-41
1.86,0.74,1.2007e-46
1.86,0.78,3.91319e-52
1.86,0.82,4.98061e-58
1.86,0.86,7.69691e-50
1.86,0.9,2.97159e-54
1.86,0.94,4.21442e-59
1.86,0.98,2.84094e-64
1.86,1.02,4.54262e-66
1.86,1.06,2.25442e-70
1.86,1.1,1.95665e-38
1.86,1.14,5.22295e-38
1.86,1.18,1.42073e-36
1.86,1.22,9.40292e-41
1.86,1.26,1.23733e-14
1.86,1.3,6.82433e-19
1.86,1.34,1.43027e-23
1.86,1.38,1.45719e-28
1.86,1.42,1.01141e-33
1.86,1.46,7.49798e-39
1.86,1.5,5.03256e-44
1.86,1.54,2.1007e-49
1.86,1.58,6.60726e-55
1.86,1.62,1.26467e-56
1.86,1.66,1.22552e-60
1.86,1.7,2.72577e-65
1.86,1.74,2.9341e-70
1.86,1.78,2.00787e-75
1.86,1.82,2.01754e-80
1.86,1.86,5.20319e-50
1.86,1.9,2.5828e-54
1.86,1.94,4.74838e-59
1.86,1.98,3.57918e-64
1.9,0.02,0
1.9,0.06,0
1.9,0.1,0
1.9,0.14,0
1.9,0.18,0
1.9,0.22,0
1.9,0.26,0
1.9,0.3,8.46361e-48
1.9,0.34,4.66793e-52
1.9,0.38,8.87655e-45
1.9,0.42,3.01742e-36
1.9,0.46,8.32108e-41
1.9,0.5,1.56038e-45
1.9,0.54,7.24167e-35
1.9,0.58,1.99703e-39
1.9,0.62,3.25305e-32
1.9,0.66,7.17672e-37
1.9,0.7,5.93734e-42
1.9,0.74,2.18311e-47
1.9,0.78,3.01017e-53
1.9,0.82,2.28331e-76
1.9,0.86,9.16796e-57
1.9,0.9,4.04516e-61
1.9,0.94,7.00829e-36
1.9,0.98,2.31919e-40
1.9,1.02,8.32084e-16
1.9,1.06,3.02556e-15
1.9,1.1,1.50182e-19
1.9,1.14,3.49728e-24
1.9,1.18,4.72066e-29
1.9,1.22,1.44772e-16
1.9,1.26,1.23734e-14
1.9,1.3,4.77705e-19
1.9,1.34,1.32976e-17
1.9,1.38,5.86728e-22
1.9,1.42,1.21351e-26
1.9,1.46,1.27166e-31
1.9,1.5,7.99808e-37
1.9,1.54,3.05394e-42
1.9,1.58,5.24023e-48
1.9,1.62,5.25088e-57
1.9,1.66,1.44804e-61
1.9,1.7,1.75709e-66
1.9,1.74,1.32164e-71
1.9,1.78,7.77661e-77
1.9,1.82,8.72114e-57
1.9,1.86,5.77196e-61
1.9,1.9,9.28512e-66
1.9,1.94,7.75483e-71
1.9,1.98,9.03548
1.94,0.02,0
1.94,0.06,0
1.94,0.1,0
1.94,0.14,0
1.94,0.18,0
1.94,0.22,0
1.94,0.26,0
1.94,0.3,1.35793e-79
1.94,0.34,3.81988e-79
1.94,0.38,0.0731993
1.94,0.42,2.01861e-06
1.94,0.46,2.22667e-11
1.94,0.5,1.22809e-16
1.94,0.54,3.49115e-18
1.94,0.58,9.62661e-23
1.94,0.62,1.16807e-27
1.94,0.66,1.0542e-32
1.94,0.7,6.13732e-38
1.94,0.74,1.6034e-43
1.94,0.78,9.82597e-50
1.94,0.82,7.11831e-78
1.94,0.86,6.91037e-60
1.94,0.9,4.27658e-12
1.94,0.94,1.41522e-16
1.94,0.98,3.58654e-17
1.94,1.02,9.89016e-22
1.94,1.06,1.09095e-26
1.94,1.1,6.01698e-32
1.94,1.14,1.99115e-37
1.94,1.18,7.32125e-43
1.94,1.22,5.31602e-17
1.94,1.26,4.54355e-15
1.94,1.3,1.75415e-19
1.94,1.34,67.6562
1.94,1.38,0.00298519
1.94,1.42,6.79156e-08
1.94,1.46,1.02158e-12
1.94,1.5,1.07679e-17
1.94,1.54,6.18058e-23
1.94,1.58,1.61871e-28
1.94,1.62,2.2057e-34
1.94,1.66,4.05508e-40
1.94,1.7,7.06287e-72
1.94,1.74,4.14152e-77
1.94,1.78,1.42617e-82
1.94,1.82,2.98699e-88
1.94,1.86,4.78699e-65
1.94,1.9,3.6542e-59
1.94,1.94,1.95511e-60
1.94,1.98,1.15634e-64
1.98,0.02,4.80361e-60
1.98,0.06,2.91421e-64
1.98,0.1,5.26022e-69
1.98,0.14,5.15769e-74
1.98,0.18,3.20024e-79
1.98,0.22,7.28426e-60
1.98,0.26,2.38458e-49
1.98,0.3,6.57595e-54
1.98,0.34,7.97915e-59
1.98,0.38,1.79709e-59
1.98,0.42,4.95572e-64
1.98,0.46,3.99136e-53
1.98,0.5,1.54096e-57
1.98,0.54,2.54969e-62
1.98,0.58,4.80353e-60
1.98,0.62,3.18705e-51
1.98,0.66,1.36887e-30
1.98,0.7,3.77491e-35
1.98,0.74,3.3312e-40
1.98,0.78,1.1483e-45
1.98,0.82,1.26667e-51
1.98,0.86,1.21172e-43
1.98,0.9,2.67324e-48
1.98,0.94,9.65803e-36
1.98,0.98,3.58634e-17
1.98,1.02,9.89e-22
1.98,1.06,1.09094e-26
1.98,1.1,6.01696e-32
1.98,1.14,1.99115e-37
1.98,1.18,7.32125e-43
1.98,1.22,4.75338e-39
1.98,1.26,1.23732e-14
1.98,1.3,4.77706e-19
1.98,1.34,1.01625e-23
1.98,1.38,1.26631e-28
1.98,1.42,9.96106e-34
1.98,1.46,4.54667e-39
1.98,1.5,9.40372e-45
1.98,1.54,3.84186e-51
1.98,1.58,3.15747e-65
1.98,1.62,5.37391e-57
1.98,1.66,3.26029e-61
1.98,1.7,7.35615e-66
1.98,1.74,7.39311e-71
1.98,1.78,4.82348e-76
1.98,1.82,2.16666e-81
1.98,1.86,8.77332e-87
1.98,1.9,2.4194e-92
1.98,1.94,7.2843e-60
1.98,1.98,2.00878e-64
