0.02,0.02,0.00349249
0.02,0.06,1.54095e-07
0.02,0.1,1.91225e-12
0.02,0.14,2.4609e-17
0.02,0.18,1.42191e-22
0.02,0.22,1.24765e-28
0.02,0.26,1.50457e-43
0.02,0.3,2.31383e-48
0.02,0.34,1.09779e-52
0.02,0.38,2.96023e-57
0.02,0.42,3.26011e-36
0.02,0.46,2.78177e-31
0.02,0.5,1.84552e-35
0.02,0.54,8.00795e-35
0.02,0.58,8.26033e-34
0.02,0.62,3.25302e-32
0.02,0.66,1.36887e-30
0.02,0.7,1.69156e-29
0.02,0.74,2.91912e-21
0.02,0.78,1.05906e-20
0.02,0.82,3.74931e-20
0.02,0.86,1.03393e-24
0.02,0.9,2.00351e-18
0.02,0.94,2.95737e-19
0.02,0.98,1.30466e-23
0.02,1.02,8.32084e-16
0.02,1.06,2.9407e-15
0.02,1.1,5.24461e-15
0.02,1.14,4.84827e-15
0.02,1.18,3.08823e-16
0.02,1.22,1.19187e-20
0.02,1.26,1.31453e-25
0.02,1.3,9.33225e-15
0.02,1.34,1.4143e-16
0.02,1.38,8.56979e-21
0.02,1.42,2.62041e-25
0.02,1.46,2.84277e-30
0.02,1.5,2.3545e-35
0.02,1.54,1.73211e-40
0.02,1.58,2.28342e-45
0.02,1.62,1.11678e-50
0.02,1.66,7.22531e-56
0.02,1.7,3.70418e-60
0.02,1.74,7.28433e-60
0.02,1.78,7.2845e-60
0.02,1.82,2.81231e-64
0.02,1.86,30.5967
0.02,1.9,0.00118128
0.02,1.94,4.18828e-08
0.02,1.98,5.80065e-13
0.06,0.02,1.16323e-17
0.06,0.06,5.38902e-22
0.06,0.1,1.1535e-26
0.06,0.14,8.74286e-32
0.06,0.18,5.03727e-37
0.06,0.22,1.89385e-21
0.06,0.26,4.17809e-26
0.06,0.3,2.6785e-21
0.06,0.34,1.47728e-25
0.06,0.38,3.17762e-30
0.06,0.42,1.25604e-06
0.06,0.46,4.15651e-11
0.06,0.5,4.96703e-16
0.06,0.54,3.10054e-21
0.06,0.58,1.8513e-22
0.06,0.62,9.26492e-21
0.06,0.66,5.85314e-23
0.06,0.7,1.70538e-21
0.06,0.74,2.14734e-21
0.06,0.78,2.65567e-16
0.06,0.82,1.14553e-15
0.06,0.86,5.05435e-20
0.06,0.9,3.05917e-17
0.06,0.94,1.34979e-21
0.06,0.98,3.16394e-26
0.06,1.02,3.85045e-11
0.06,1.06,2.3631e-12
0.06,1.1,4.11674e-12
0.06,1.14,1.13526e-16
0.06,1.18,5.15396e-15
0.06,1.22,1.44999e-16
0.06,1.26,3.25759e-10
0.06,1.3,9.68481e-11
0.06,1.34,4.41808e-12
0.06,1.38,3.49889e-16
0.06,1.42,1.14571e-20
0.06,1.46,2.32835e-25
0.06,1.5,2.92121e-30
0.06,1.54,1.30108e-34
0.06,1.58,4.7252e-39
0.06,1.62,1.09825e-43
0.06,1.66,1.34266e-48
0.06,1.7,9.88898e-54
0.06,1.74,5.49718e-59
0.06,1.78,2.07178e-64
0.06,1.82,1.51901e-69
0.06,1.86,30.5966
0.06,1.9,0.00118127
0.06,1.94,2.88526e-08
0.06,1.98,4.26065e-13
0.1,0.02,5.23164e-50
0.1,0.06,11.162
0.1,0.1,0.000615618
0.1,0.14,1.12047e-08
0.1,0.18,1.34832e-13
0.1,0.22,1.10515e-18
0.1,0.26,5.53004e-24
0.1,0.3,1.397e-29
0.1,0.34,9.51927e-35
0.1,0.38,5.60368e-41
0.1,0.42,5.89212e-05
0.1,0.46,2.27481e-09
0.1,0.5,4.12239e-14
0.1,0.54,3.85532e-19
0.1,0.58,1.57389e-17
0.1,0.62,2.20908e-17
0.1,0.66,1.42085e-19
0.1,0.7,2.60445e-17
0.1,0.74,9.66554e-14
0.1,0.78,3.45886e-13
0.1,0.82,2.59926e-13
0.1,0.86,1.29019e-17
0.1,0.9,3.74512e-14
0.1,0.94,1.36597e-13
0.1,0.98,7.9866e-11
0.1,1.02,3.39263e-10
0.1,1.06,5.58459e-10
0.1,1.1,1.84804e-14
0.1,1.14,3.21109e-07
0.1,1.18,1.06322e-11
0.1,1.22,7.63357e-08
0.1,1.26,5.20134e-08
0.1,1.3,1.54144e-08
0.1,1.34,6.72562e-09
0.1,1.38,1.48399e-11
0.1,1.42,1.79976e-11
0.1,1.46,1.12306e-14
0.1,1.5,4.22089e-19
0.1,1.54,1.22767e-20
0.1,1.58,6.09104e-25
0.1,1.62,1.04505e-29
0.1,1.66,7.41054e-35
0.1,1.7,2.95183e-40
0.1,1.74,3.06821e-45
0.1,1.78,4.48962e-51
0.1,1.82,5.99362e-67
0.1,1.86,1.05917e-71
0.1,1.9,9.26484e-77
0.1,1.94,2.6787e-60
0.1,1.98,8.86435e-65
0.14,0.02,8.98464e-43
0.14,0.06,8.92241e-14
0.14,0.1,4.64764e-18
0.14,0.14,9.63515e-23
0.14,0.18,1.81617e-24
0.14,0.22,5.45551e-24
0.14,0.26,1.54235e-27
0.14,0.3,5.79281e-27
0.14,0.34,2.87543e-31
0.14,0.38,1.88859e-21
0.14,0.42,3.723e-07
0.14,0.46,1.23203e-11
0.14,0.5,2.15186e-16
0.14,0.54,5.60868e-15
0.14,0.58,8.30331e-17
0.14,0.62,1.24383e-16
0.14,0.66,1.9462e-15
0.14,0.7,1.0734e-20
0.14,0.74,3.05299e-14
0.14,0.78,1.6653e-13
0.14,0.82,3.72298e-07
0.14,0.86,1.93918e-11
0.14,0.9,1.01424e-09
0.14,0.94,2.04138e-08
0.14,0.98,6.08922e-08
0.14,1.02,5.26467e-08
0.14,1.06,2.03251e-12
0.14,1.1,2.88256e-17
0.14,1.14,2.18336e-05
0.14,1.18,3.59332e-06
0.14,1.22,3.55882e-06
0.14,1.26,2.6226e-06
0.14,1.3,2.22499e-07
0.14,1.34,4.192e-07
0.14,1.38,1.5871e-07
0.14,1.42,4.46976e-07
0.14,1.46,1.58668e-08
0.14,1.5,6.52907e-13
0.14,1.54,1.38516e-17
0.14,1.58,1.90137e-22
0.14,1.62,2.8573e-27
0.14,1.66,3.72294e-07
0.14,1.7,1.23201e-11
0.14,1.74,2.03851e-16
0.14,1.78,2.56092e-21
0.14,1.82,8.268e-27
0.14,1.86,1.14003e-32
0.14,1.9,7.33561e-38
0.14,1.94,5.7798e-44
0.14,1.98,3.7229e-07
0.18,0.02,4.17519e-39
0.18,0.06,6.46674e-37
0.18,0.1,5.00433e-27
0.18,0.14,5.21884e-14
0.18,0.18,2.01486e-18
0.18,0.22,3.83097e-23
0.18,0.26,1.51185e-23
0.18,0.3,7.84563e-22
0.18,0.34,1.42375e-17
0.18,0.38,4.31844e-17
0.18,0.42,1.28062e-18
0.18,0.46,1.17651e-15
0.18,0.5,4.60198e-14
0.18,0.54,1.36155e-12
0.18,0.58,4.15169e-14
0.18,0.62,7.14651e-14
0.18,0.66,2.80583e-13
0.18,0.7,1.08326e-17
0.18,0.74,2.12836e-11
0.18,0.78,7.52544e-11
0.18,0.82,3.05455e-10
0.18,0.86,1.68458e-07
0.18,0.9,6.03292e-06
0.18,0.94,1.82557e-05
0.18,0.98,4.96543e-06
0.18,1.02,6.67007e-05
0.18,1.06,0.000249491
0.18,1.1,8.25619e-09
0.18,1.14,0.000270078
0.18,1.18,0.00070577
0.18,1.22,1.30648e-05
0.18,1.26,1.33842e-05
0.18,1.3,7.58678e-07
0.18,1.34,2.12974e-06
0.18,1.38,1.184e-06
0.18,1.42,3.8869e-07
0.18,1.46,3.74878e-08
0.18,1.5,1.09867e-09
0.18,1.54,7.86874e-14
0.18,1.58,1.83536e-18
0.18,1.62,3.34909e-23
0.18,1.66,3.31854e-28
0.18,1.7,1.87497e-33
0.18,1.74,1.74716e-38
0.18,1.78,1.92377e-44
0.18,1.82,1.36149e-49
0.18,1.86,2.0715e-56
0.18,1.9,6.32638e-67
0.18,1.94,2.27047e-72
0.18,1.98,9.0298e-78
0.22,0.02,8.82527e-31
0.22,0.06,5.74344e-28
0.22,0.1,2.15262e-27
0.22,0.14,9.52042e-26
0.22,0.18,1.30762e-24
0.22,0.22,1.15061e-23
0.22,0.26,3.21246e-22
0.22,0.3,8.72112e-21
0.22,0.34,8.44042e-17
0.22,0.38,2.60361e-16
0.22,0.42,7.17994e-21
0.22,0.46,6.336e-26
0.22,0.5,3.43452e-14
0.22,0.54,2.35518e-10
0.22,0.58,3.19737e-11
0.22,0.62,3.08245e-11
0.22,0.66,1.59412e-10
0.22,0.7,6.15445e-15
0.22,0.74,1.72304e-07
0.22,0.78,1.78048e-06
0.22,0.82,7.80835e-06
0.22,0.86,0.000577766
0.22,0.9,0.00175216
0.22,0.94,0.000193199
0.22,0.98,7.45727e-09
0.22,1.02,1.35964e-13
0.22,1.06,0.00568643
0.22,1.1,2.509e-07
0.22,1.14,0.00733085
0.22,1.18,0.000539942
0.22,1.22,0.000339611
0.22,1.26,0.000258462
0.22,1.3,0.000119452
0.22,1.34,0.000653552
0.22,1.38,0.00141052
0.22,1.42,1.88184e-05
0.22,1.46,4.50021e-06
0.22,1.5,1.98544e-10
0.22,1.54,5.74882e-15
0.22,1.58,6.26581e-20
0.22,1.62,5.24732e-25
0.22,1.66,2.61664e-27
0.22,1.7,1.00921e-31
0.22,1.74,1.66971e-36
0.22,1.78,2.71885e-41
0.22,1.82,2.75724e-46
0.22,1.86,1.12056e-51
0.22,1.9,3.66054e-57
0.22,1.94,1.72461e-62
0.22,1.98,3.71999e-60
0.26,0.02,1.22211e-29
0.26,0.06,2.94356e-27
0.26,0.1,4.43865e-24
0.26,0.14,2.57026e-28
0.26,0.18,6.81746e-33
0.26,0.22,5.46109e-20
0.26,0.26,6.80183e-19
0.26,0.3,1.39108e-17
0.26,0.34,3.19771e-15
0.26,0.38,1.02578e-14
0.26,0.42,2.82878e-19
0.26,0.46,8.84016e-13
0.26,0.5,3.41297e-17
0.26,0.54,3.15173e-10
0.26,0.58,2.52817e-09
0.26,0.62,1.00785e-08
0.26,0.66,9.90279e-07
0.26,0.7,7.31232e-07
0.26,0.74,3.4949e-05
0.26,0.78,0.000318559
0.26,0.82,0.00080438
0.26,0.86,4.88003e-08
0.26,0.9,0.00284869
0.26,0.94,9.42703e-08
0.26,0.98,1.8198e-12
0.26,1.02,8.41639e-16
0.26,1.06,2.75749e-20
0.26,1.1,0.00960954
0.26,1.14,3.71116e-07
0.26,1.18,0.00369839
0.26,1.22,1.42786e-07
0.26,1.26,2.58756e-12
0.26,1.3,0.0399582
0.26,1.34,0.130655
0.26,1.38,0.07999
0.26,1.42,0.00113414
0.26,1.46,0.000920177
0.26,1.5,0.000219109
0.26,1.54,0.000230387
0.26,1.58,0.000181455
0.26,1.62,1.77486e-05
0.26,1.66,8.80758e-10
0.26,1.7,2.26674e-14
0.26,1.74,2.67883e-19
0.26,1.78,1.05057e-24
0.26,1.82,5.97515e-30
0.26,1.86,6.04172e-35
0.26,1.9,2.23065e-40
0.26,1.94,7.59436e-47
0.26,1.98,2.94059e-65
0.3,0.02,1.19894e-29
0.3,0.06,3.81118e-24
0.3,0.1,5.93721e-19
0.3,0.14,1.46812e-07
0.3,0.18,6.47777e-12
0.3,0.22,1.2058e-16
0.3,0.26,2.19218e-21
0.3,0.3,2.36792e-25
0.3,0.34,3.02809e-12
0.3,0.38,1.00207e-16
0.3,0.42,9.11463e-21
0.3,0.46,4.27625e-10
0.3,0.5,2.72882e-07
0.3,0.54,7.32923e-08
0.3,0.58,1.59076e-06
0.3,0.62,7.84205e-05
0.3,0.66,4.83019e-05
0.3,0.7,1.86475e-09
0.3,0.74,0.000254029
0.3,0.78,0.00631372
0.3,0.82,0.00103406
0.3,0.86,3.99165e-08
0.3,0.9,7.86973e-13
0.3,0.94,0.117478
0.3,0.98,4.53556e-06
0.3,1.02,0.17605
0.3,1.06,0.187873
0.3,1.1,9.32546e-06
0.3,1.14,0.0756372
0.3,1.18,3.33734e-06
0.3,1.22,0.179696
0.3,1.26,0.317133
0.3,1.3,0.737675
0.3,1.34,2.44111e-05
0.3,1.38,0.277893
0.3,1.42,0.858693
0.3,1.46,0.0731403
0.3,1.5,38.2814
0.3,1.54,0.0194149
0.3,1.58,0.0141122
0.3,1.62,6.2265e-07
0.3,1.66,1.2032e-11
0.3,1.7,2.60803e-16
0.3,1.74,8.59498e-21
0.3,1.78,7.33777e-16
0.3,1.82,3.48639e-20
0.3,1.86,6.35367e-25
0.3,1.9,6.24434e-30
0.3,1.94,4.05869e-35
0.3,1.98,1.97866e-40
0.34,0.02,4.56176e-26
0.34,0.06,1.30553e-18
0.34,0.1,3.23141e-17
0.34,0.14,8.30059e-16
0.34,0.18,3.20469e-20
0.34,0.22,1.94022e-14
0.34,0.26,2.19801e-13
0.34,0.3,1.20515e-11
0.34,0.34,4.63621e-11
0.34,0.38,1.70971e-08
0.34,0.42,4.77933e-07
0.34,0.46,9.57095e-08
0.34,0.5,2.0456e-05
0.34,0.54,9.72962e-05
0.34,0.58,7.68079e-06
0.34,0.62,0.000575723
0.34,0.66,0.00807336
0.34,0.7,0.0034927
0.34,0.74,9.63128e-08
0.34,0.78,1.16862e-12
0.34,0.82,0.0121143
0.34,0.86,5.34517e-07
0.34,0.9,0.0456548
0.34,0.94,1.76261e-06
0.34,0.98,2.4998e-11
0.34,1.02,3.14729
0.34,1.06,5.6897
0.34,1.1,0.94525
0.34,1.14,0.983397
0.34,1.18,2.5876
0.34,1.22,0.806009
0.34,1.26,1.77809e-05
0.34,1.3,1.96132e-10
0.34,1.34,1.21695e-15
0.34,1.38,3.90098
0.34,1.42,0.622438
0.34,1.46,0.0332648
0.34,1.5,0.0244493
0.34,1.54,0.00671102
0.34,1.58,0.637904
0.34,1.62,0.0217357
0.34,1.66,0.459597
0.34,1.7,0.00551521
0.34,1.74,2.12496e-07
0.34,1.78,0.0266503
0.34,1.82,1.17615e-06
0.34,1.86,2.27105e-11
0.34,1.9,2.50608e-16
0.34,1.94,3.08604e-21
0.34,1.98,1.64833e-26
0.38,0.02,3.25001e-18
0.38,0.06,2.17604e-14
0.38,0.1,2.21087e-14
0.38,0.14,1.58597e-14
0.38,0.18,8.74688e-19
0.38,0.22,3.24991e-18
0.38,0.26,1.43395e-22
0.38,0.3,1.19187e-08
0.38,0.34,1.10031e-06
0.38,0.38,2.1431e-05
0.38,0.42,7.09201e-10
0.38,0.46,1.43421e-14
0.38,0.5,0.000803837
0.38,0.54,0.000573777
0.38,0.58,0.000991904
0.38,0.62,0.000739188
0.38,0.66,0.000235727
0.38,0.7,0.0333746
0.38,0.74,0.0426972
0.38,0.78,1.88389e-06
0.38,0.82,2.72746e-11
0.38,0.86,2.53966e-16
0.38,0.9,3.25159e-18
0.38,0.94,1.43402e-22
0.38,0.98,1.23149
0.38,1.02,2.30128
0.38,1.06,0.760974
0.38,1.1,1.31271
0.38,1.14,7.25463
0.38,1.18,16.6576
0.38,1.22,0.000551236
0.38,1.26,1.10446
0.38,1.3,0.677536
0.38,1.34,4.69338
0.38,1.38,4.76972
0.38,1.42,0.824646
0.38,1.46,0.539037
0.38,1.5,1.54539
0.38,1.54,1.17077
0.38,1.58,7.99031
0.38,1.62,3.01796
0.38,1.66,0.67875
0.38,1.7,0.108122
0.38,1.74,0.00127143
0.38,1.78,9.11213e-08
0.38,1.82,5.97433e-07
0.38,1.86,1.17524e-09
0.38,1.9,5.7465e-14
0.38,1.94,1.12106e-18
0.38,1.98,1.07909e-23
0.42,0.02,8.88781e-14
0.42,0.06,7.47607e-13
0.42,0.1,1.39436e-11
0.42,0.14,2.1112e-10
0.42,0.18,7.6593e-09
0.42,0.22,2.53463e-13
0.42,0.26,3.08073e-07
0.42,0.3,1.91808e-06
0.42,0.34,5.29838e-11
0.42,0.38,7.23337e-06
0.42,0.42,1.56467e-05
0.42,0.46,0.000126283
0.42,0.5,0.000535805
0.42,0.54,0.00146957
0.42,0.58,0.00297217
0.42,0.62,0.0106651
0.42,0.66,2.94107e-07
0.42,0.7,0.0552851
0.42,0.74,0.10351
0.42,0.78,4.56713e-06
0.42,0.82,1.82943
0.42,0.86,9.081e-05
0.42,0.9,2.05905e-09
0.42,0.94,1.35054e-14
0.42,0.98,5.27127
0.42,1.02,8.74407
0.42,1.06,0.000385808
0.42,1.1,1.48349
0.42,1.14,9.00015e-05
0.42,1.18,2.70758e-09
0.42,1.22,3.32288
0.42,1.26,0.00023825
0.42,1.3,3.45613
0.42,1.34,11.6316
0.42,1.38,10.7406
0.42,1.42,8.82264
0.42,1.46,5.14631
0.42,1.5,9.33729
0.42,1.54,9.11491
0.42,1.58,13.1928
0.42,1.62,7.29523
0.42,1.66,3.06172
0.42,1.7,0.941182
0.42,1.74,0.0833463
0.42,1.78,6.18919e-05
0.42,1.82,0.000404978
0.42,1.86,2.90367e-08
0.42,1.9,8.13057e-13
0.42,1.94,1.12787e-17
0.42,1.98,8.69391e-23
0.46,0.02,0.000570679
0.46,0.06,3.14741e-08
0.46,0.1,7.85354e-11
0.46,0.14,1.70767e-09
0.46,0.18,1.65981e-07
0.46,0.22,3.72483e-06
0.46,0.26,1.23262e-10
0.46,0.3,1.02017e-05
0.46,0.34,0.000989003
0.46,0.38,8.22534e-05
0.46,0.42,3.63118e-09
0.46,0.46,0.00129527
0.46,0.5,0.00348689
0.46,0.54,0.00252496
0.46,0.58,0.0169128
0.46,0.62,0.140615
0.46,0.66,4.65326e-06
0.46,0.7,6.4161e-11
0.46,0.74,1.01165
0.46,0.78,3.47755
0.46,0.82,0.000172618
0.46,0.86,3.49086e-09
0.46,0.9,2.33396e-14
0.46,0.94,1.30346e-05
0.46,0.98,10.4162
0.46,1.02,0.000402144
0.46,1.06,10.9628
0.46,1.1,6.54566
0.46,1.14,0.000433198
0.46,1.18,1.29443e-08
0.46,1.22,2.15398e-13
0.46,1.26,1.23754e-14
0.46,1.3,7.20459
0.46,1.34,11.043
0.46,1.38,15.6332
0.46,1.42,16.52
0.46,1.46,0.000455562
0.46,1.5,18.6962
0.46,1.54,0.000515583
0.46,1.58,8.53085e-09
0.46,1.62,6.27344e-14
0.46,1.66,13.0784
0.46,1.7,4.98489
0.46,1.74,0.000219933
0.46,1.78,0.783214
0.46,1.82,0.130307
0.46,1.86,0.00189271
0.46,1.9,1.24963e-07
0.46,1.94,3.67312e-12
0.46,1.98,8.41794e-17
0.5,0.02,4.26131e-13
0.5,0.06,2.49534e-09
0.5,0.1,2.57541e-10
0.5,0.14,2.41498e-09
0.5,0.18,9.85819e-07
0.5,0.22,1.0165e-05
0.5,0.26,5.5073e-06
0.5,0.3,0.000309809
0.5,0.34,0.00021296
0.5,0.38,0.00137775
0.5,0.42,0.00268753
0.5,0.46,0.00355933
0.5,0.5,0.00671429
0.5,0.54,0.0111329
0.5,0.58,3.07012e-07
0.5,0.62,0.178823
0.5,0.66,1.06382
0.5,0.7,0.580603
0.5,0.74,3.06472
0.5,0.78,0.000101418
0.5,0.82,10.0017
0.5,0.86,0.000330981
0.5,0.9,10.1782
0.5,0.94,17.423
0.5,0.98,24.3772
0.5,1.02,26.3031
0.5,1.06,31.6295
0.5,1.1,37.5325
0.5,1.14,46.827
0.5,1.18,50.6539
0.5,1.22,32.5179
0.5,1.26,20.3849
0.5,1.3,23.5431
0.5,1.34,43.4358
0.5,1.38,50.6278
0.5,1.42,30.9136
0.5,1.46,27.4063
0.5,1.5,26.7291
0.5,1.54,33.9483
0.5,1.58,30.2435
0.5,1.62,30.6811
0.5,1.66,31.4002
0.5,1.7,20.5829
0.5,1.74,10.2365
0.5,1.78,4.12182
0.5,1.82,5.74684
0.5,1.86,0.44337
0.5,1.9,0.0786954
0.5,1.94,0.00220315
0.5,1.98,1.21345e-07
0.54,0.02,0
0.54,0.06,7.84524e-10
0.54,0.1,1.34651e-06
0.54,0.14,6.06309e-07
0.54,0.18,5.61371e-06
0.54,0.22,4.79389e-05
0.54,0.26,2.957e-05
0.54,0.3,0.000110828
0.54,0.34,0.00124961
0.54,0.38,5.51369e-08
0.54,0.42,1.33043e-12
0.54,0.46,0.00783841
0.54,0.5,0.00911599
0.54,0.54,0.0293039
0.54,0.58,0.172298
0.54,0.62,0.557856
0.54,0.66,0.917888
0.54,0.7,4.04993e-05
0.54,0.74,2.69081
0.54,0.78,8.90457e-05
0.54,0.82,2.01234e-09
0.54,0.86,12.33
0.54,0.9,14.439
0.54,0.94,0.00103524
0.54,0.98,42.2392
0.54,1.02,38.7267
0.54,1.06,49.6198
0.54,1.1,62.8882
0.54,1.14,65.4679
0.54,1.18,52.3623
0.54,1.22,59.4353
0.54,1.26,80.0348
0.54,1.3,73.672
0.54,1.34,58.7029
0.54,1.38,53.1601
0.54,1.42,52.3585
0.54,1.46,49.0525
0.54,1.5,44.7265
0.54,1.54,31.308
0.54,1.58,35.631
0.54,1.62,40.1038
0.54,1.66,0.00221181
0.54,1.7,44.944
0.54,1.74,29.6271
0.54,1.78,22.8471
0.54,1.82,25.3791
0.54,1.86,16.4388
0.54,1.9,3.03672
0.54,1.94,0.978597
0.54,1.98,0.0269232
0.58,0.02,2.60304e-08
0.58,0.06,3.19195e-07
0.58,0.1,1.66375e-06
0.58,0.14,1.14224
0.58,0.18,8.34219e-05
0.58,0.22,0.00037277
0.58,0.26,0.000416198
0.58,0.3,0.00523062
0.58,0.34,0.000977042
0.58,0.38,0.00149818
0.58,0.42,0.00753628
0.58,0.46,1.14225
0.58,0.5,0.0343161
0.58,0.54,1.13466e-06
0.58,0.58,0.290257
0.58,0.62,0.369802
0.58,0.66,0.615923
0.58,0.7,3.39697e-05
0.58,0.74,5.27573
0.58,0.78,0.000291005
0.58,0.82,6.95413
0.58,0.86,6.5462
0.58,0.9,14.6664
0.58,0.94,42.975
0.58,0.98,38.7971
0.58,1.02,43.6679
0.58,1.06,54.4643
0.58,1.1,31.1455
0.58,1.14,71.5305
0.58,1.18,0.00394513
0.58,1.22,80.3193
0.58,1.26,82.1849
0.58,1.3,82.5732
0.58,1.34,75.7616
0.58,1.38,78.9919
0.58,1.42,79.1927
0.58,1.46,69.4099
0.58,1.5,0.00153126
0.58,1.54,67.8463
0.58,1.58,57.9427
0.58,1.62,53.9893
0.58,1.66,55.9139
0.58,1.7,58.0641
0.58,1.74,50.9402
0.58,1.78,61.1891
0.58,1.82,62.6789
0.58,1.86,53.2808
0.58,1.9,42.4977
0.58,1.94,20.9057
0.58,1.98,1.14295
0.62,0.02,3.03649e-08
0.62,0.06,1.75922e-06
0.62,0.1,0.00644142
0.62,0.14,3.14578e-07
0.62,0.18,6.52342e-05
0.62,0.22,0.000536444
0.62,0.26,0.00201532
0.62,0.3,1.52629e-07
0.62,0.34,0.00667003
0.62,0.38,0.00885045
0.62,0.42,0.0129315
0.62,0.46,8.55841e-07
0.62,0.5,82.8212
0.62,0.54,0.0692054
0.62,0.58,2.63671e-06
0.62,0.62,3.04056e-08
0.62,0.66,1.37479
0.62,0.7,1.94564
0.62,0.74,3.78435
0.62,0.78,0.000125262
0.62,0.82,13.0304
0.62,0.86,16.2015
0.62,0.9,22.5498
0.62,0.94,34.8199
0.62,0.98,52.2373
0.62,1.02,48.8007
0.62,1.06,54.3348
0.62,1.1,59.606
0.62,1.14,64.2373
0.62,1.18,71.5777
0.62,1.22,77.4044
0.62,1.26,81.0241
0.62,1.3,80.3606
0.62,1.34,83.5469
0.62,1.38,82.6067
0.62,1.42,82.2408
0.62,1.46,80.3329
0.62,1.5,75.9
0.62,1.54,74.7311
0.62,1.58,73.7783
0.62,1.62,69.5779
0.62,1.66,66.4118
0.62,1.7,62.8088
0.62,1.74,60.9594
0.62,1.78,74.1973
0.62,1.82,69.2003
0.62,1.86,59.0749
0.62,1.9,41.3436
0.62,1.94,3.78584
0.62,1.98,3.78498
0.66,0.02,2.80917e-05
0.66,0.06,6.91741e-05
0.66,0.1,3.05215e-09
0.66,0.14,2.80903e-05
0.66,0.18,0.000283475
0.66,0.22,0.0102363
0.66,0.26,3.38743e-07
0.66,0.3,5.03842
0.66,0.34,0.000222612
0.66,0.38,0.0234423
0.66,0.42,0.0103211
0.66,0.46,0.134678
0.66,0.5,0.122695
0.66,0.54,0.821027
0.66,0.58,5.52603e-05
0.66,0.62,0.609353
0.66,0.66,1.6804e-05
0.66,0.7,2.67558
0.66,0.74,0.000146145
0.66,0.78,2.80935e-05
0.66,0.82,11.4507
0.66,0.86,18.0444
0.66,0.9,21.5408
0.66,0.94,24.8963
0.66,0.98,5.0404
0.66,1.02,41.1788
0.66,1.06,51.1651
0.66,1.1,53.3566
0.66,1.14,57.3292
0.66,1.18,64.5461
0.66,1.22,65.9519
0.66,1.26,68.6586
0.66,1.3,69.5654
0.66,1.34,74.5787
0.66,1.38,78.1197
0.66,1.42,77.062
0.66,1.46,76.618
0.66,1.5,74.8566
0.66,1.54,79.131
0.66,1.58,78.805
0.66,1.62,77.5745
0.66,1.66,77.6909
0.66,1.7,76.2472
0.66,1.74,77.662
0.66,1.78,78.2692
0.66,1.82,75.6227
0.66,1.86,75.7733
0.66,1.9,56.0474
0.66,1.94,46.2981
0.66,1.98,5.04024
0.7,0.02,0
0.7,0.06,0
0.7,0.1,4.27692e-24
0.7,0.14,1.65121e-28
0.7,0.18,5.31711e-09
0.7,0.22,0.00689252
0.7,0.26,0.0378467
0.7,0.3,0.0248171
0.7,0.34,9.58098e-07
0.7,0.38,0.0333112
0.7,0.42,0.109147
0.7,0.46,0.150193
0.7,0.5,8.15272e-06
0.7,0.54,2.21939e-10
0.7,0.58,0.573511
0.7,0.62,2.53048e-05
0.7,0.66,4.88478e-10
0.7,0.7,5.61362
0.7,0.74,0.000187293
0.7,0.78,7.07059
0.7,0.82,10.9314
0.7,0.86,15.3353
0.7,0.9,20.2319
0.7,0.94,0.00134052
0.7,0.98,27.1529
0.7,1.02,31.0632
0.7,1.06,39.2019
0.7,1.1,10.1533
0.7,1.14,0.000653594
0.7,1.18,56.9632
0.7,1.22,54.6518
0.7,1.26,0.00210993
0.7,1.3,60.106
0.7,1.34,10.1533
0.7,1.38,0.0316603
0.7,1.42,72.7794
0.7,1.46,72.0162
0.7,1.5,0.00278184
0.7,1.54,78.1509
0.7,1.58,63.3259
0.7,1.62,77.2025
0.7,1.66,78.533
0.7,1.7,78.9925
0.7,1.74,78.6983
0.7,1.78,0.00390635
0.7,1.82,78.3058
0.7,1.86,74.5284
0.7,1.9,72.1706
0.7,1.94,37.2893
0.7,1.98,0.00123394
0.74,0.02,0.000184479
0.74,0.06,0.000184479
0.74,0.1,0.00141579
0.74,0.14,0.00811214
0.74,0.18,0.0141244
0.74,0.22,0.0509815
0.74,0.26,1.68709e-06
0.74,0.3,0.138909
0.74,0.34,0.00485982
0.74,0.38,0.455035
0.74,0.42,0.354928
0.74,0.46,0.356232
0.74,0.5,0.607165
0.74,0.54,0.79579
0.74,0.58,3.5112e-05
0.74,0.62,1.42037
0.74,0.66,2.2049
0.74,0.7,4.72179
0.74,0.74,5.32759
0.74,0.78,7.83263
0.74,0.82,10.5541
0.74,0.86,13.0689
0.74,0.9,14.8321
0.74,0.94,16.2645
0.74,0.98,19.0587
0.74,1.02,20.3351
0.74,1.06,22.9376
0.74,1.1,0.00157603
0.74,1.14,34.358
0.74,1.18,39.6402
0.74,1.22,16.1992
0.74,1.26,49.8736
0.74,1.3,0.00155982
0.74,1.34,55.8765
0.74,1.38,48.2309
0.74,1.42,16.1994
0.74,1.46,50.525
0.74,1.5,52.3605
0.74,1.54,41.9399
0.74,1.58,14.9617
0.74,1.62,61.3177
0.74,1.66,63.6379
0.74,1.7,71.5762
0.74,1.74,74.9161
0.74,1.78,76.6449
0.74,1.82,77.7438
0.74,1.86,75.666
0.74,1.9,78.6838
0.74,1.94,39.8977
0.74,1.98,16.1996
0.78,0.02,0.000484905
0.78,0.06,18.8826
0.78,0.1,2.2714
0.78,0.14,0.0926698
0.78,0.18,0.100783
0.78,0.22,0.267494
0.78,0.26,2.50086
0.78,0.3,21.739
0.78,0.34,0.589104
0.78,0.38,0.524737
0.78,0.42,0.692843
0.78,0.46,18.8822
0.78,0.5,1.37129
0.78,0.54,1.72509
0.78,0.58,1.86948
0.78,0.62,1.0772
0.78,0.66,2.99929
0.78,0.7,5.59488
0.78,0.74,5.6488
0.78,0.78,6.17636
0.78,0.82,7.82337
0.78,0.86,0.000830068
0.78,0.9,18.8818
0.78,0.94,18.8828
0.78,0.98,13.915
0.78,1.02,14.7893
0.78,1.06,19.7302
0.78,1.1,20.3112
0.78,1.14,20.2446
0.78,1.18,20.67
0.78,1.22,25.0864
0.78,1.26,35.727
0.78,1.3,30.2202
0.78,1.34,33.383
0.78,1.38,33.9385
0.78,1.42,36.3373
0.78,1.46,37.0995
0.78,1.5,39.4062
0.78,1.54,42.6705
0.78,1.58,52.6253
0.78,1.62,49.9979
0.78,1.66,41.9972
0.78,1.7,50.8749
0.78,1.74,58.1782
0.78,1.78,67.907
0.78,1.82,74.2124
0.78,1.86,78.7983
0.78,1.9,72.8753
0.78,1.94,69.3098
0.78,1.98,18.8858
0.82,0.02,255
0.82,0.06,127.142
0.82,0.1,6.94723
0.82,0.14,40.2656
0.82,0.18,57.7593
0.82,0.22,28.8748
0.82,0.26,28.4942
0.82,0.3,254.989
0.82,0.34,93.4141
0.82,0.38,91.7652
0.82,0.42,254.995
0.82,0.46,22.9203
0.82,0.5,3.67954
0.82,0.54,1.95378
0.82,0.58,2.07645
0.82,0.62,74.8398
0.82,0.66,0.00288938
0.82,0.7,168.507
0.82,0.74,75.4752
0.82,0.78,5.96313
0.82,0.82,254.996
0.82,0.86,2.02283
0.82,0.9,11.5936
0.82,0.94,11.5941
0.82,0.98,11.5941
0.82,1.02,11.5941
0.82,1.06,11.5941
0.82,1.1,35.7452
0.82,1.14,34.0529
0.82,1.18,40.1535
0.82,1.22,66.6689
0.82,1.26,22.886
0.82,1.3,25.5478
0.82,1.34,29.3362
0.82,1.38,30.5431
0.82,1.42,11.5947
0.82,1.46,254.991
0.82,1.5,29.491
0.82,1.54,31.2547
0.82,1.58,33.3268
0.82,1.62,35.0826
0.82,1.66,36.3378
0.82,1.7,41.6514
0.82,1.74,45.6268
0.82,1.78,55.2215
0.82,1.82,66.6914
0.82,1.86,69.6817
0.82,1.9,71.802
0.82,1.94,54.5752
0.82,1.98,11.5968
0.86,0.02,255
0.86,0.06,255
0.86,0.1,79.2108
0.86,0.14,211.45
0.86,0.18,95.9664
0.86,0.22,94.4129
0.86,0.26,39.9225
0.86,0.3,254.991
0.86,0.34,159.287
0.86,0.38,143.563
0.86,0.42,144.101
0.86,0.46,118.292
0.86,0.5,0.00717639
0.86,0.54,9.84332
0.86,0.58,254.988
0.86,0.62,255
0.86,0.66,116.898
0.86,0.7,118.871
0.86,0.74,105.383
0.86,0.78,30.8091
0.86,0.82,0.00203885
0.86,0.86,87.3396
0.86,0.9,103.736
0.86,0.94,120.726
0.86,0.98,49.8559
0.86,1.02,52.7109
0.86,1.06,90.3433
0.86,1.1,77.3036
0.86,1.14,82.3536
0.86,1.18,38.9761
0.86,1.22,72.2523
0.86,1.26,254.992
0.86,1.3,72.6073
0.86,1.34,66.6581
0.86,1.38,52.2892
0.86,1.42,65.1154
0.86,1.46,254.993
0.86,1.5,9.85462
0.86,1.54,9.84381
0.86,1.58,28.3613
0.86,1.62,45.7402
0.86,1.66,0.00151363
0.86,1.7,40.0812
0.86,1.74,41.3356
0.86,1.78,50.7627
0.86,1.82,61.5021
0.86,1.86,72.058
0.86,1.9,71.6342
0.86,1.94,68.1516
0.86,1.98,45.7424
0.9,0.02,255
0.9,0.06,236.65
0.9,0.1,153.079
0.9,0.14,0.00759823
0.9,0.18,254.992
0.9,0.22,218.165
0.9,0.26,80.6555
0.9,0.3,52.9451
0.9,0.34,155.435
0.9,0.38,94.7912
0.9,0.42,254.995
0.9,0.46,6.30891
0.9,0.5,113.15
0.9,0.54,62.0005
0.9,0.58,108.929
0.9,0.62,67.7583
0.9,0.66,7.95871
0.9,0.7,150.34
0.9,0.74,50.1923
0.9,0.78,24.5783
0.9,0.82,25.2494
0.9,0.86,42.1396
0.9,0.9,19.2626
0.9,0.94,47.0518
0.9,0.98,0.00176344
0.9,1.02,23.2459
0.9,1.06,17.6055
0.9,1.1,0.000873878
0.9,1.14,21.4882
0.9,1.18,22.5313
0.9,1.22,66.2933
0.9,1.26,55.7969
0.9,1.3,58.4829
0.9,1.34,66.9779
0.9,1.38,69.0322
0.9,1.42,71.9319
0.9,1.46,57.5895
0.9,1.5,64.6356
0.9,1.54,47.1305
0.9,1.58,41.8771
0.9,1.62,57.7766
0.9,1.66,49.3772
0.9,1.7,57.8749
0.9,1.74,56.2572
0.9,1.78,45.4019
0.9,1.82,50.1009
0.9,1.86,70.7613
0.9,1.9,69.1462
0.9,1.94,42.0828
0.9,1.98,47.0525
0.94,0.02,255
0.94,0.06,183.542
0.94,0.1,108.062
0.94,0.14,99.4511
0.94,0.18,22.7863
0.94,0.22,15.5557
0.94,0.26,16.4661
0.94,0.3,7.96403
0.94,0.34,19.6949
0.94,0.38,0.000868985
0.94,0.42,0.642779
0.94,0.46,0.788537
0.94,0.5,0.376242
0.94,0.54,0.35632
0.94,0.58,254.986
0.94,0.62,2.4545
0.94,0.66,1.67567
0.94,0.7,1.51007
0.94,0.74,3.01746
0.94,0.78,9.98535e-05
0.94,0.82,4.1653
0.94,0.86,4.89417
0.94,0.9,6.27008
0.94,0.94,8.40624
0.94,0.98,12.1007
0.94,1.02,47.1392
0.94,1.06,16.9992
0.94,1.1,19.6441
0.94,1.14,254.987
0.94,1.18,47.1486
0.94,1.22,33.0851
0.94,1.26,32.4759
0.94,1.3,32.0414
0.94,1.34,31.2396
0.94,1.38,33.44
0.94,1.42,254.99
0.94,1.46,69.8142
0.94,1.5,49.4707
0.94,1.54,69.4265
0.94,1.58,38.8035
0.94,1.62,67.7395
0.94,1.66,52.4816
0.94,1.7,57.8121
0.94,1.74,63.362
0.94,1.78,50.3349
0.94,1.82,56.6328
0.94,1.86,63.9198
0.94,1.9,66.4956
0.94,1.94,54.0798
0.94,1.98,47.1409
0.98,0.02,255
0.98,0.06,15.2566
0.98,0.1,0.0909535
0.98,0.14,0.337526
0.98,0.18,0.140615
0.98,0.22,0.0711291
0.98,0.26,0.082712
0.98,0.3,0.072856
0.98,0.34,0.212067
0.98,0.38,8.18734e-06
0.98,0.42,0.0895355
0.98,0.46,5.43196e-06
0.98,0.5,1.33454e-10
0.98,0.54,1.72746e-15
0.98,0.58,3.93944e-13
0.98,0.62,27.3468
0.98,0.66,0.481823
0.98,0.7,0.618219
0.98,0.74,1.74401
0.98,0.78,2.9925
0.98,0.82,3.89013
0.98,0.86,5.5634
0.98,0.9,8.21902
0.98,0.94,11.5119
0.98,0.98,14.0451
0.98,1.02,254.988
0.98,1.06,25.5149
0.98,1.1,35.4318
0.98,1.14,38.2864
0.98,1.18,47.8746
0.98,1.22,0.00237636
0.98,1.26,5.24258e-08
0.98,1.3,47.445
0.98,1.34,46.6961
0.98,1.38,18.7195
0.98,1.42,40.4838
0.98,1.46,35.3672
0.98,1.5,42.0203
0.98,1.54,44.6508
0.98,1.58,57.1242
0.98,1.62,56.6393
0.98,1.66,61.7463
0.98,1.7,254.993
0.98,1.74,64.2768
0.98,1.78,62.1404
0.98,1.82,62.5403
0.98,1.86,59.1052
0.98,1.9,66.3391
0.98,1.94,49.1843
0.98,1.98,27.3489
1.02,0.02,255
1.02,0.06,0.0254268
1.02,0.1,0.0399704
1.02,0.14,0.0034937
1.02,0.18,0.0702566
1.02,0.22,0.0144068
1.02,0.26,254.989
1.02,0.3,255
1.02,0.34,0.061876
1.02,0.38,2.16394e-06
1.02,0.42,3.52059e-11
1.02,0.46,0.127351
1.02,0.5,0.178409
1.02,0.54,0.176244
1.02,0.58,0.115625
1.02,0.62,0.121205
1.02,0.66,254.989
1.02,0.7,0.528728
1.02,0.74,1.33246
1.02,0.78,2.22167
1.02,0.82,4.20174
1.02,0.86,5.23626
1.02,0.9,8.38469
1.02,0.94,13.3844
1.02,0.98,16.8666
1.02,1.02,254.988
1.02,1.06,28.176
1.02,1.1,254.986
1.02,1.14,45.9547
1.02,1.18,0.0022808
1.02,1.22,59.709
1.02,1.26,63.0094
1.02,1.3,24.8876
1.02,1.34,67.7491
1.02,1.38,65.1422
1.02,1.42,61.3536
1.02,1.46,59.896
1.02,1.5,56.7045
1.02,1.54,54.9172
1.02,1.58,46.9802
1.02,1.62,52.4304
1.02,1.66,49.8426
1.02,1.7,57.3398
1.02,1.74,54.0838
1.02,1.78,64.0521
1.02,1.82,62.9659
1.02,1.86,61.9301
1.02,1.9,65.3198
1.02,1.94,69.257
1.02,1.98,254.992
1.06,0.02,1.08614e-05
1.06,0.06,0.000179826
1.06,0.1,0.00473967
1.06,0.14,0.00614758
1.06,0.18,0.00809293
1.06,0.22,0.00590099
1.06,0.26,0.00992088
1.06,0.3,0.0206741
1.06,0.34,0.017888
1.06,0.38,5.9194e-07
1.06,0.42,4.01233e-07
1.06,0.46,0.0198309
1.06,0.5,0.0617982
1.06,0.54,0.0880994
1.06,0.58,0.0724092
1.06,0.62,1.40557e-05
1.06,0.66,1.08614e-05
1.06,0.7,0.330535
1.06,0.74,0.867882
1.06,0.78,0.926896
1.06,0.82,4.24937
1.06,0.86,4.76731
1.06,0.9,8.38337
1.06,0.94,14.5265
1.06,0.98,0.000331335
1.06,1.02,28.0117
1.06,1.06,28.5728
1.06,1.1,36.3335
1.06,1.14,53.4755
1.06,1.18,55.7703
1.06,1.22,57.2867
1.06,1.26,64.483
1.06,1.3,67.4193
1.06,1.34,65.6285
1.06,1.38,0.00290651
1.06,1.42,64.8616
1.06,1.46,69.4818
1.06,1.5,67.2678
1.06,1.54,66.3043
1.06,1.58,65.1741
1.06,1.62,61.6841
1.06,1.66,52.8827
1.06,1.7,54.508
1.06,1.74,54.5151
1.06,1.78,54.3178
1.06,1.82,61.269
1.06,1.86,62.4277
1.06,1.9,63.5598
1.06,1.94,65.6372
1.06,1.98,24.6409
1.1,0.02,3.78034e-07
1.1,0.06,3.78034e-07
1.1,0.1,0.000247977
1.1,0.14,9.5738e-09
1.1,0.18,0.000734874
1.1,0.22,0.000889978
1.1,0.26,2.94509e-08
1.1,0.3,1.62432e-13
1.1,0.34,0.00263296
1.1,0.38,1.74261e-07
1.1,0.42,0.00469061
1.1,0.46,0.00134587
1.1,0.5,5.19572e-08
1.1,0.54,0.0164229
1.1,0.58,0.043779
1.1,0.62,0.0568106
1.1,0.66,34.4944
1.1,0.7,0.00152238
1.1,0.74,0.58416
1.1,0.78,1.22622
1.1,0.82,1.61723
1.1,0.86,7.13554e-05
1.1,0.9,8.75277
1.1,0.94,11.3073
1.1,0.98,0.000436542
1.1,1.02,24.1411
1.1,1.06,29.3726
1.1,1.1,42.7725
1.1,1.14,52.3413
1.1,1.18,61.5384
1.1,1.22,63.8164
1.1,1.26,61.7413
1.1,1.3,70.0723
1.1,1.34,0.00231881
1.1,1.38,69.4767
1.1,1.42,71.55
1.1,1.46,73.543
1.1,1.5,75.6947
1.1,1.54,73.9079
1.1,1.58,70.6135
1.1,1.62,66.4534
1.1,1.66,59.3327
1.1,1.7,57.7245
1.1,1.74,0.00254691
1.1,1.78,55.3194
1.1,1.82,58.8893
1.1,1.86,55.8137
1.1,1.9,63.7911
1.1,1.94,65.4993
1.1,1.98,34.4979
1.14,0.02,4.80361e-60
1.14,0.06,1.31535e-21
1.14,0.1,5.62626e-24
1.14,0.14,1.90983e-05
1.14,0.18,8.42674e-10
1.14,0.22,4.07721e-05
1.14,0.26,1.79897e-09
1.14,0.3,0.000204256
1.14,0.34,0.000235777
1.14,0.38,0.000215914
1.14,0.42,0.000129061
1.14,0.46,6.40607e-09
1.14,0.5,1.45251e-13
1.14,0.54,2.48992e-18
1.14,0.58,0.0131559
1.14,0.62,0.0504072
1.14,0.66,1.94822e-06
1.14,0.7,0.0904489
1.14,0.74,3.99087e-06
1.14,0.78,0.903103
1.14,0.82,0.905694
1.14,0.86,1.54287
1.14,0.9,2.41741
1.14,0.94,7.99966e-05
1.14,0.98,12.8665
1.14,1.02,17.7524
1.14,1.06,19.3885
1.14,1.1,34.4498
1.14,1.14,43.9066
1.14,1.18,61.7123
1.14,1.22,65.085
1.14,1.26,67.8537
1.14,1.3,74.2139
1.14,1.34,0.00204656
1.14,1.38,2.48374e-08
1.14,1.42,79.7092
1.14,1.46,81.3499
1.14,1.5,81.7222
1.14,1.54,79.8328
1.14,1.58,76.6759
1.14,1.62,72.8055
1.14,1.66,0.00441689
1.14,1.7,64.8862
1.14,1.74,59.2839
1.14,1.78,57.3411
1.14,1.82,56.9168
1.14,1.86,63.2672
1.14,1.9,64.0812
1.14,1.94,18.219
1.14,1.98,18.2155
1.18,0.02,6.83663e-11
1.18,0.06,1.60974e-08
1.18,0.1,6.88967e-11
1.18,0.14,1.0586e-06
1.18,0.18,5.83852e-11
1.18,0.22,1.00086e-15
1.18,0.26,4.80004e-06
1.18,0.3,8.1089e-06
1.18,0.34,5.03176e-05
1.18,0.38,0.000101707
1.18,0.42,0.000200267
1.18,0.46,9.94077e-09
1.18,0.5,6.85403e-11
1.18,0.54,6.83671e-11
1.18,0.58,0.00317901
1.18,0.62,1.75333e-07
1.18,0.66,0.0261075
1.18,0.7,0.0682192
1.18,0.74,2.25751e-06
1.18,0.78,0.426392
1.18,0.82,0.442552
1.18,0.86,0.860355
1.18,0.9,3.88111
1.18,0.94,8.19819
1.18,0.98,8.84704
1.18,1.02,11.5008
1.18,1.06,15.7006
1.18,1.1,31.2721
1.18,1.14,42.8074
1.18,1.18,0.00259702
1.18,1.22,64.6588
1.18,1.26,69.3768
1.18,1.3,76.1171
1.18,1.34,52.8949
1.18,1.38,77.5705
1.18,1.42,81.6496
1.18,1.46,82.3774
1.18,1.5,81.6355
1.18,1.54,81.8003
1.18,1.58,5.08419
1.18,1.62,0.000364335
1.18,1.66,74.0775
1.18,1.7,70.4771
1.18,1.74,67.1314
1.18,1.78,63.9751
1.18,1.82,61.0839
1.18,1.86,59.5944
1.18,1.9,57.7916
1.18,1.94,64.0118
1.18,1.98,52.8948
1.22,0.02,6.7102e-12
1.22,0.06,3.8034e-10
1.22,0.1,1.46841e-14
1.22,0.14,29.14
1.22,0.18,0.00112503
1.22,0.22,2.30473e-08
1.22,0.26,51.0743
1.22,0.3,0.00281693
1.22,0.34,2.36188e-06
1.22,0.38,1.00374e-05
1.22,0.42,4.49588e-10
1.22,0.46,51.0761
1.22,0.5,0.00170031
1.22,0.54,0.00027046
1.22,0.58,0.000931329
1.22,0.62,0.00303746
1.22,0.66,0.0110448
1.22,0.7,51.0757
1.22,0.74,0.00197191
1.22,0.78,0.113179
1.22,0.82,0.659825
1.22,0.86,3.27525e-05
1.22,0.9,0.789333
1.22,0.94,5.25502
1.22,0.98,7.49686
1.22,1.02,10.6121
1.22,1.06,11.9687
1.22,1.1,20.4837
1.22,1.14,29.1618
1.22,1.18,0.00112585
1.22,1.22,65.8389
1.22,1.26,69.74
1.22,1.3,74.7717
1.22,1.34,76.7279
1.22,1.38,0.00296222
1.22,1.42,78.0001
1.22,1.46,82.0441
1.22,1.5,82.028
1.22,1.54,80.8548
1.22,1.58,80.0592
1.22,1.62,80.1796
1.22,1.66,76.3805
1.22,1.7,73.6799
1.22,1.74,69.2203
1.22,1.78,68.3314
1.22,1.82,60.9627
1.22,1.86,60.6414
1.22,1.9,59.673
1.22,1.94,59.8275
1.22,1.98,51.0776
1.26,0.02,7.68431
1.26,0.06,0.000254286
1.26,0.1,2.33975e-09
1.26,0.14,1.29675e-14
1.26,0.18,1.15572e-19
1.26,0.22,5.37019e-08
1.26,0.26,2.39111e-08
1.26,0.3,1.45057e-12
1.26,0.34,3.92742e-17
1.26,0.38,3.93113e-22
1.26,0.42,2.17586e-10
1.26,0.46,2.63031e-07
1.26,0.5,1.76763e-05
1.26,0.54,0.000119242
1.26,0.58,7.68401
1.26,0.62,7.68435
1.26,0.66,0.00549846
1.26,0.7,1.78449e-07
1.26,0.74,0.0312591
1.26,0.78,0.0458109
1.26,0.82,0.428544
1.26,0.86,0.454435
1.26,0.9,1.00766
1.26,0.94,1.8728
1.26,0.98,0.00010329
1.26,1.02,2.15363
1.26,1.06,9.67944
1.26,1.1,28.4657
1.26,1.14,7.68488
1.26,1.18,52.9679
1.26,1.22,55.7285
1.26,1.26,63.2524
1.26,1.3,71.2246
1.26,1.34,0.00314257
1.26,1.38,5.84966e-08
1.26,1.42,78.1537
1.26,1.46,78.8088
1.26,1.5,79.5333
1.26,1.54,79.3087
1.26,1.58,0.00393665
1.26,1.62,1.18208e-07
1.26,1.66,72.0895
1.26,1.7,71.377
1.26,1.74,65.2313
1.26,1.78,67.9129
1.26,1.82,62.3709
1.26,1.86,61.4162
1.26,1.9,0.00169364
1.26,1.94,1.8682e-08
1.26,1.98,7.68397
1.3,0.02,7.2845e-60
1.3,0.06,7.76564e-58
1.3,0.1,7.31845e-60
1.3,0.14,7.2845e-60
1.3,0.18,6.79862e-50
1.3,0.22,2.99974e-54
1.3,0.26,4.42022e-09
1.3,0.3,1.66764e-09
1.3,0.34,7.35752e-14
1.3,0.38,1.7753e-18
1.3,0.42,0.0637946
1.3,0.46,0.0637985
1.3,0.5,3.87047e-06
1.3,0.54,9.12095e-11
1.3,0.58,1.3533e-05
1.3,0.62,0.000408776
1.3,0.66,0.0020296
1.3,0.7,0.00345454
1.3,0.74,0.0042209
1.3,0.78,0.0129979
1.3,0.82,0.156348
1.3,0.86,0.200623
1.3,0.9,0.225154
1.3,0.94,1.09224
1.3,0.98,0.0638495
1.3,1.02,4.71584
1.3,1.06,20.5719
1.3,1.1,17.4745
1.3,1.14,24.8102
1.3,1.18,27.0405
1.3,1.22,0.000894816
1.3,1.26,55.0547
1.3,1.3,68.1402
1.3,1.34,0.00225488
1.3,1.38,3.93819e-08
1.3,1.42,4.34409e-13
1.3,1.46,75.0792
1.3,1.5,74.9312
1.3,1.54,0.00371936
1.3,1.58,7.97746e-08
1.3,1.62,73.7479
1.3,1.66,73.421
1.3,1.7,67.6294
1.3,1.74,65.2362
1.3,1.78,67.458
1.3,1.82,62.4614
1.3,1.86,0.0658633
1.3,1.9,0.0637985
1.3,1.94,7.40928
1.3,1.98,0.0640821
1.34,0.02,2.6965e-19
1.34,0.06,2.12881e-16
1.34,0.1,2.77858e-19
1.34,0.14,2.6965e-19
1.34,0.18,9.54123e-15
1.34,0.22,4.20991e-19
1.34,0.26,8.41698e-24
1.34,0.3,2.69631e-19
1.34,0.34,5.7065e-11
1.34,0.38,0.0291982
1.34,0.42,1.61646e-06
1.34,0.46,0.0292028
1.34,0.5,1.28852e-06
1.34,0.54,1.68783e-11
1.34,0.58,5.6366e-06
1.34,0.62,2.17615e-10
1.34,0.66,3.60095e-15
1.34,0.7,3.22607e-19
1.34,0.74,0.000629094
1.34,0.78,0.0030994
1.34,0.82,0.0299394
1.34,0.86,0.116459
1.34,0.9,0.18368
1.34,0.94,0.132972
1.34,0.98,4.40023e-06
1.34,1.02,4.52543
1.34,1.06,5.25861
1.34,1.1,7.02589
1.34,1.14,16.3555
1.34,1.18,17.8332
1.34,1.22,26.4326
1.34,1.26,47.639
1.34,1.3,56.3864
1.34,1.34,60.7548
1.34,1.38,67.0432
1.34,1.42,24.3697
1.34,1.46,0.00134397
1.34,1.5,2.82753
1.34,1.54,70.9686
1.34,1.58,0.00352275
1.34,1.62,72.7214
1.34,1.66,67.2593
1.34,1.7,66.6299
1.34,1.74,66.5334
1.34,1.78,64.1524
1.34,1.82,63.0112
1.34,1.86,62.3147
1.34,1.9,60.2726
1.34,1.94,0.8106
1.34,1.98,0.0292301
1.38,0.02,3.02825e-22
1.38,0.06,2.11264e-21
1.38,0.1,3.02895e-22
1.38,0.14,3.02825e-22
1.38,0.18,3.02825e-22
1.38,0.22,2.78465e-16
1.38,0.26,1.87327e-20
1.38,0.3,3.03346e-22
1.38,0.34,3.30618e-12
1.38,0.38,9.7554e-12
1.38,0.42,0.000136939
1.38,0.46,8.39747e-09
1.38,0.5,2.9384e-13
1.38,0.54,8.74945e-08
1.38,0.58,2.38254e-07
1.38,0.62,1.18265e-11
1.38,0.66,2.60909e-16
1.38,0.7,9.41271e-07
1.38,0.74,0.000111956
1.38,0.78,0.000165212
1.38,0.82,0.00321355
1.38,0.86,0.0156733
1.38,0.9,0.061759
1.38,0.94,0.0139362
1.38,0.98,4.61139e-07
1.38,1.02,3.77159
1.38,1.06,0.303617
1.38,1.1,0.302162
1.38,1.14,0.285548
1.38,1.18,7.4583
1.38,1.22,10.9369
1.38,1.26,47.7028
1.38,1.3,39.476
1.38,1.34,54.3085
1.38,1.38,57.3252
1.38,1.42,60.6249
1.38,1.46,0.00334359
1.38,1.5,9.58929e-08
1.38,1.54,1.58665e-12
1.38,1.58,67.6726
1.38,1.62,66.7776
1.38,1.66,66.3157
1.38,1.7,0.00292598
1.38,1.74,59.3959
1.38,1.78,60.2701
1.38,1.82,63.2999
1.38,1.86,58.0189
1.38,1.9,23.8499
1.38,1.94,17.9102
1.38,1.98,0.000828394
1.42,0.02,8.65904e-28
1.42,0.06,8.65904e-28
1.42,0.1,3.82053e-32
1.42,0.14,1.2116e-36
1.42,0.18,3.83641e-20
1.42,0.22,1.21067e-19
1.42,0.26,8.01344e-24
1.42,0.3,3.29007e-28
1.42,0.34,1.48933e-14
1.42,0.38,4.8966e-14
1.42,0.42,2.43057e-18
1.42,0.46,1.99883e-10
1.42,0.5,1.22065e-10
1.42,0.54,6.73198e-15
1.42,0.58,9.32043e-09
1.42,0.62,2.57113e-07
1.42,0.66,1.38059e-06
1.42,0.7,1.1502e-05
1.42,0.74,3.80627e-10
1.42,0.78,2.2821e-05
1.42,0.82,0.00370964
1.42,0.86,0.00161948
1.42,0.9,0.00292998
1.42,0.94,0.00654151
1.42,0.98,2.88628e-07
1.42,1.02,1.04123
1.42,1.06,0.460819
1.42,1.1,1.27074e-05
1.42,1.14,2.84218
1.42,1.18,4.08601
1.42,1.22,0.000135214
1.42,1.26,1.74009e-09
1.42,1.3,48.1148
1.42,1.34,0.00212296
1.42,1.38,0.000478394
1.42,1.42,2.1107e-08
1.42,1.46,0.000712491
1.42,1.5,4.32261e-08
1.42,1.54,1.27873e-12
1.42,1.58,57.4473
1.42,1.62,0.0028516
1.42,1.66,60.7398
1.42,1.7,59.6714
1.42,1.74,38.5413
1.42,1.78,33.8639
1.42,1.82,10.9004
1.42,1.86,1.68967
1.42,1.9,3.26375
1.42,1.94,0.242233
1.42,1.98,0.00072585
1.46,0.02,9.16376e-13
1.46,0.06,5.55938e-17
1.46,0.1,1.03136e-21
1.46,0.14,1.3632e-26
1.46,0.18,1.6406e-27
1.46,0.22,1.64046e-27
1.46,0.26,2.34341e-19
1.46,0.3,1.42189e-23
1.46,0.34,8.33667e-17
1.46,0.38,2.41127e-08
1.46,0.42,2.6062e-12
1.46,0.46,1.47361e-13
1.46,0.5,8.93595e-18
1.46,0.54,5.17543e-11
1.46,0.58,3.71075e-15
1.46,0.62,2.33648e-08
1.46,0.66,9.31328e-08
1.46,0.7,3.11336e-06
1.46,0.74,1.66604e-06
1.46,0.78,1.22949e-05
1.46,0.82,8.92152e-05
1.46,0.86,0.000231358
1.46,0.9,0.000322696
1.46,0.94,0.000279629
1.46,0.98,1.07955e-08
1.46,1.02,0.158832
1.46,1.06,0.0465708
1.46,1.1,0.0844707
1.46,1.14,0.116439
1.46,1.18,0.380478
1.46,1.22,1.6691
1.46,1.26,3.11215
1.46,1.3,7.68155
1.46,1.34,0.000296564
1.46,1.38,6.07529e-09
1.46,1.42,1.06095e-06
1.46,1.46,6.43672e-11
1.46,1.5,1.87186e-15
1.46,1.54,42.8344
1.46,1.58,47.7027
1.46,1.62,25.3572
1.46,1.66,26.1185
1.46,1.7,36.6188
1.46,1.74,34.4825
1.46,1.78,3.33739
1.46,1.82,1.82873
1.46,1.86,0.799375
1.46,1.9,3.08602e-05
1.46,1.94,1.40644e-06
1.46,1.98,1.06104e-06
1.5,0.02,1.50884e-26
1.5,0.06,6.65727e-31
1.5,0.1,1.51457e-35
1.5,0.14,5.58927e-32
1.5,0.18,5.8564e-25
1.5,0.22,3.23001e-29
1.5,0.26,1.17576e-33
1.5,0.3,1.36819e-18
1.5,0.34,9.05525e-23
1.5,0.38,2.33286e-07
1.5,0.42,1.02932e-11
1.5,0.46,1.49025e-16
1.5,0.5,5.11617e-16
1.5,0.54,4.97562e-15
1.5,0.58,8.90566e-12
1.5,0.62,1.06078e-10
1.5,0.66,7.60571e-15
1.5,0.7,8.03049e-11
1.5,0.74,1.2579e-07
1.5,0.78,3.46894e-12
1.5,0.82,5.2838e-06
1.5,0.86,1.64168e-05
1.5,0.9,8.78609e-05
1.5,0.94,8.04966e-05
1.5,0.98,2.21981e-09
1.5,1.02,0.00131838
1.5,1.06,0.0151909
1.5,1.1,0.00159145
1.5,1.14,5.26569e-08
1.5,1.18,9.68032e-13
1.5,1.22,0.270009
1.5,1.26,1.66122
1.5,1.3,1.36681
1.5,1.34,6.03057e-05
1.5,1.38,1.03939e-09
1.5,1.42,1.0548e-14
1.5,1.46,1.28998e-19
1.5,1.5,26.1835
1.5,1.54,18.8085
1.5,1.58,10.0093
1.5,1.62,3.15241
1.5,1.66,9.81559
1.5,1.7,11.1005
1.5,1.74,3.05323
1.5,1.78,0.879817
1.5,1.82,0.0282347
1.5,1.86,0.232659
1.5,1.9,6.43216e-06
1.5,1.94,1.08858e-08
1.5,1.98,2.33289e-07
1.54,0.02,7.2845e-60
1.54,0.06,1.08192e-35
1.54,0.1,1.08195e-35
1.54,0.14,1.08195e-35
1.54,0.18,2.87682e-24
1.54,0.22,1.74535e-28
1.54,0.26,5.51323e-33
1.54,0.3,2.80816e-35
1.54,0.34,3.21463e-21
1.54,0.38,1.06246e-23
1.54,0.42,7.58677e-21
1.54,0.46,5.02994e-17
1.54,0.5,2.77419e-21
1.54,0.54,3.08519e-14
1.54,0.58,2.1591e-13
1.54,0.62,1.14708e-14
1.54,0.66,3.12866e-14
1.54,0.7,1.09813e-13
1.54,0.74,6.6622e-18
1.54,0.78,1.33617e-22
1.54,0.82,1.54759e-27
1.54,0.86,7.93733e-07
1.54,0.9,2.76323e-06
1.54,0.94,3.69144e-08
1.54,0.98,1.82966e-12
1.54,1.02,2.57437e-06
1.54,1.06,7.78256e-06
1.54,1.1,9.44792e-06
1.54,1.14,2.32989e-05
1.54,1.18,0.000191142
1.54,1.22,0.000549633
1.54,1.26,0.031969
1.54,1.3,1.05793e-06
1.54,1.34,1.94495e-11
1.54,1.38,0.861288
1.54,1.42,3.80025e-05
1.54,1.46,1.83398e-10
1.54,1.5,0.933771
1.54,1.54,3.96961
1.54,1.58,6.13454
1.54,1.62,8.28528
1.54,1.66,0.0247286
1.54,1.7,0.00173156
1.54,1.74,6.61975e-06
1.54,1.78,4.71132e-08
1.54,1.82,2.02632e-05
1.54,1.86,8.94077e-10
1.54,1.9,1.90785e-11
1.54,1.94,9.13145e-13
1.54,1.98,4.02709e-17
1.58,0.02,1.01662e-40
1.58,0.06,1.01662e-40
1.58,0.1,1.01662e-40
1.58,0.14,1.01662e-40
1.58,0.18,1.01662e-40
1.58,0.22,6.16764e-45
1.58,0.26,1.01653e-40
1.58,0.3,1.01662e-40
1.58,0.34,5.57079e-45
1.58,0.38,1.44179e-23
1.58,0.42,2.39019e-21
1.58,0.46,2.32175e-18
1.58,0.5,1.97012e-18
1.58,0.54,2.56715e-20
1.58,0.58,1.2832e-16
1.58,0.62,3.53868e-21
1.58,0.66,2.77965e-15
1.58,0.7,2.00323e-14
1.58,0.74,2.75876e-13
1.58,0.78,7.16671e-13
1.58,0.82,1.97634e-17
1.58,0.86,7.00295e-12
1.58,0.9,2.77304e-11
1.58,0.94,2.34836e-09
1.58,0.98,1.68375e-13
1.58,1.02,2.63111e-07
1.58,1.06,7.25875e-12
1.58,1.1,1.09485
1.58,1.14,4.85629e-05
1.58,1.18,1.21302e-09
1.58,1.22,1.15979e-14
1.58,1.26,5.02535e-20
1.58,1.3,1.55889e-25
1.58,1.34,0.00571193
1.58,1.38,2.52027e-07
1.58,1.42,61.3811
1.58,1.46,0.00203124
1.58,1.5,0.00619643
1.58,1.54,0.0354898
1.58,1.58,0.107375
1.58,1.62,4.04089e-05
1.58,1.66,0.000403399
1.58,1.7,5.62309e-08
1.58,1.74,1.39114e-12
1.58,1.78,2.1446e-06
1.58,1.82,8.27973e-11
1.58,1.86,1.63091e-15
1.58,1.9,1.79902e-20
1.58,1.94,1.11129e-25
1.58,1.98,3.72129e-31
1.62,0.02,1.35517e-28
1.62,0.06,6.72663e-33
1.62,0.1,1.44296e-37
1.62,0.14,1.58437e-36
1.62,0.18,9.61227e-41
1.62,0.22,2.89174e-45
1.62,0.26,2.77473e-33
1.62,0.3,1.83646e-37
1.62,0.34,1.4551e-31
1.62,0.38,3.53388e-23
1.62,0.42,1.36434e-27
1.62,0.46,3.00753e-31
1.62,0.5,6.33433e-29
1.62,0.54,1.87578e-28
1.62,0.58,2.08125e-19
1.62,0.62,9.18315e-24
1.62,0.66,5.38344e-19
1.62,0.7,1.88895e-17
1.62,0.74,3.5442e-21
1.62,0.78,1.05908e-20
1.62,0.82,4.08883e-25
1.62,0.86,8.69835e-30
1.62,0.9,1.3551e-28
1.62,0.94,2.39283e-10
1.62,0.98,1.33374e-14
1.62,1.02,6.36684e-10
1.62,1.06,3.11183e-14
1.62,1.1,1.9253e-08
1.62,1.14,4.34922e-07
1.62,1.18,5.97246e-08
1.62,1.22,1.23806e-08
1.62,1.26,4.09657e-13
1.62,1.3,5.64832e-18
1.62,1.34,0.000146932
1.62,1.38,5.67271e-09
1.62,1.42,9.83309e-14
1.62,1.46,0.00266527
1.62,1.5,1.58279e-06
1.62,1.54,0.000162628
1.62,1.58,2.6309e-05
1.62,1.62,1.66037e-09
1.62,1.66,6.63219e-14
1.62,1.7,1.26505e-18
1.62,1.74,1.79108e-23
1.62,1.78,7.77995e-29
1.62,1.82,3.55315e-34
1.62,1.86,2.61788e-39
1.62,1.9,5.84718e-46
1.62,1.94,3.85717e-53
1.62,1.98,4.43528e-58
1.66,0.02,3.9537e-48
1.66,0.06,2.18056e-52
1.66,0.1,3.95353e-48
1.66,0.14,1.96246e-52
1.66,0.18,4.81051e-57
1.66,0.22,1.67402e-40
1.66,0.26,5.15049e-40
1.66,0.3,4.26959e-39
1.66,0.34,2.36009e-43
1.66,0.38,4.43905e-48
1.66,0.42,4.12894e-37
1.66,0.46,2.9246e-31
1.66,0.5,6.34127e-30
1.66,0.54,2.44822e-34
1.66,0.58,5.22219e-31
1.66,0.62,1.25814e-28
1.66,0.66,1.33369e-25
1.66,0.7,3.81174e-25
1.66,0.74,2.29808e-23
1.66,0.78,5.06993e-28
1.66,0.82,8.89641e-17
1.66,0.86,4.416e-21
1.66,0.9,1.21779e-25
1.66,0.94,2.56719e-30
1.66,0.98,3.29279e-35
1.66,1.02,1.0189e-10
1.66,1.06,9.91349e-11
1.66,1.1,2.59775e-10
1.66,1.14,2.07717e-09
1.66,1.18,3.15359e-07
1.66,1.22,1.21753e-11
1.66,1.26,1.72675e-16
1.66,1.3,1.74601e-21
1.66,1.34,1.4117e-16
1.66,1.38,8.65068e-10
1.66,1.42,5.24824e-14
1.66,1.46,1.21047e-18
1.66,1.5,1.90261e-09
1.66,1.54,9.44417e-14
1.66,1.58,1.56264e-18
1.66,1.62,2.17059e-23
1.66,1.66,8.26985e-29
1.66,1.7,4.68688e-34
1.66,1.74,2.2923e-39
1.66,1.78,1.40829e-44
1.66,1.82,7.69102e-50
1.66,1.86,3.79028e-55
1.66,1.9,1.63391e-60
1.66,1.94,2.62633e-58
1.66,1.98,1.30367e-62
1.7,0.02,1.59919e-52
1.7,0.06,1.11816e-56
1.7,0.1,1.03228e-48
1.7,0.14,3.98571e-53
1.7,0.18,8.16598e-58
1.7,0.22,6.9685e-45
1.7,0.26,5.84363e-49
1.7,0.3,2.20423e-48
1.7,0.34,3.18049e-46
1.7,0.38,1.40333e-50
1.7,0.42,3.67644e-55
1.7,0.46,1.59911e-52
1.7,0.5,7.19113e-36
1.7,0.54,3.2876e-38
1.7,0.58,9.69782e-28
1.7,0.62,7.79924e-14
1.7,0.66,1.72063e-18
1.7,0.7,8.31249e-14
1.7,0.74,1.83387e-18
1.7,0.78,1.51717e-23
1.7,0.82,7.95318e-21
1.7,0.86,1.9583e-21
1.7,0.9,1.07994e-25
1.7,0.94,2.14416e-30
1.7,0.98,5.32149e-35
1.7,1.02,8.08021e-40
1.7,1.06,3.02349e-15
1.7,1.1,7.79912e-14
1.7,1.14,3.87135e-18
1.7,1.18,5.14768e-15
1.7,1.22,2.27132e-19
1.7,1.26,3.91474e-24
1.7,1.3,2.33188e-29
1.7,1.34,2.17707e-15
1.7,1.38,9.47013e-17
1.7,1.42,3.6544e-21
1.7,1.46,7.48496e-26
1.7,1.5,3.61581e-25
1.7,1.54,1.6237e-29
1.7,1.58,2.66489e-33
1.7,1.62,2.9719e-32
1.7,1.66,1.3088e-36
1.7,1.7,2.76802e-41
1.7,1.74,4.96631e-46
1.7,1.78,1.16232e-50
1.7,1.82,1.60283e-52
1.7,1.86,30.5967
1.7,1.9,0.00202502
1.7,1.94,5.30516e-08
1.7,1.98,8.3259e-13
1.74,0.02,7.2845e-60
1.74,0.06,4.63206e-58
1.74,0.1,4.45404e-54
1.74,0.14,3.04437e-57
1.74,0.18,6.79862e-50
1.74,0.22,4.4996e-54
1.74,0.26,1.25165e-58
1.74,0.3,2.20427e-48
1.74,0.34,1.10056e-43
1.74,0.38,4.85603e-48
1.74,0.42,1.28304e-42
1.74,0.46,1.44796e-41
1.74,0.5,7.18744e-46
1.74,0.54,2.91222e-44
1.74,0.58,9.04444e-44
1.74,0.62,3.25304e-32
1.74,0.66,2.58692e-34
1.74,0.7,6.82427e-35
1.74,0.74,1.06324e-36
1.74,0.78,3.57342e-35
1.74,0.82,1.2033e-39
1.74,0.86,1.81942e-44
1.74,0.9,1.70134e-17
1.74,0.94,9.38345e-22
1.74,0.98,1.40132e-16
1.74,1.02,2.9124e-15
1.74,1.06,3.02561e-15
1.74,1.1,1.33496e-19
1.74,1.14,1.5185e-15
1.74,1.18,7.53757e-20
1.74,1.22,1.38575e-24
1.74,1.26,1.24835e-29
1.74,1.3,1.88124e-16
1.74,1.34,8.3006e-21
1.74,1.38,1.60236e-25
1.74,1.42,2.74928e-29
1.74,1.46,1.05727e-33
1.74,1.5,2.85579e-33
1.74,1.54,1.42372e-37
1.74,1.58,5.69057e-39
1.74,1.62,8.25614e-34
1.74,1.66,9.01849e-37
1.74,1.7,2.91412e-41
1.74,1.74,4.5017e-46
1.74,1.78,3.19281e-51
1.74,1.82,1.3558e-56
1.74,1.86,7.36359e-60
1.74,1.9,7.2845e-60
1.74,1.94,5.69731e-17
1.74,1.98,3.14225e-21
1.78,0.02,3.80595e-65
1.78,0.06,4.81105e-58
1.78,0.1,3.7515e-58
1.78,0.14,2.79873e-57
1.78,0.18,1.5436e-61
1.78,0.22,4.1293e-65
1.78,0.26,2.34743e-69
1.78,0.3,3.8058e-65
1.78,0.34,1.46933e-69
1.78,0.38,2.54693e-74
1.78,0.42,9.58466e-78
1.78,0.46,2.0452e-48
1.78,0.5,1.55264e-47
1.78,0.54,8.00799e-35
1.78,0.58,2.65002e-39
1.78,0.62,4.65865e-43
1.78,0.66,1.26753e-46
1.78,0.7,2.55436e-40
1.78,0.74,1.87166e-37
1.78,0.78,1.13265e-36
1.78,0.82,3.74963e-41
1.78,0.86,7.15956e-30
1.78,0.9,2.36926e-34
1.78,0.94,3.26684e-39
1.78,0.98,2.40238e-44
1.78,1.02,2.91241e-15
1.78,1.06,3.02562e-15
1.78,1.1,1.16809e-19
1.78,1.14,2.66899e-24
1.78,1.18,3.63291e-24
1.78,1.22,1.60294e-28
1.78,1.26,1.23734e-14
1.78,1.3,1.8867e-16
1.78,1.34,1.41179e-16
1.78,1.38,6.22902e-21
1.78,1.42,1.24537e-25
1.78,1.46,1.71266e-30
1.78,1.5,7.4248e-35
1.78,1.54,2.9542e-39
1.78,1.58,4.84869e-41
1.78,1.62,2.28364e-39
1.78,1.66,6.29969e-44
1.78,1.7,7.64953e-49
1.78,1.74,5.37612e-54
1.78,1.78,3.81983e-59
1.78,1.82,1.88495e-64
1.78,1.86,0.000163437
1.78,1.9,7.21133e-09
1.78,1.94,7.40818
1.78,1.98,0.000449452
1.82,0.02,0
1.82,0.06,4.7014e-58
1.82,0.1,2.0744e-62
1.82,0.14,5.29149e-67
1.82,0.18,4.06824e-50
1.82,0.22,2.77053e-49
1.82,0.26,6.09769e-51
1.82,0.3,8.46356e-48
1.82,0.34,3.26759e-52
1.82,0.38,5.9215e-57
1.82,0.42,7.38381e-62
1.82,0.46,9.34434e-53
1.82,0.5,3.66294e-52
1.82,0.54,5.42811e-46
1.82,0.58,1.07253e-44
1.82,0.62,4.15326e-49
1.82,0.66,9.52329e-54
1.82,0.7,3.23031e-45
1.82,0.74,1.09243e-48
1.82,0.78,5.13001e-46
1.82,0.82,7.29242e-45
1.82,0.86,2.41321e-49
1.82,0.9,3.35644e-54
1.82,0.94,9.06756e-36
1.82,0.98,3.00066e-40
1.82,1.02,2.91242e-15
1.82,1.06,1.28505e-19
1.82,1.1,2.65783e-24
1.82,1.14,3.76253e-29
1.82,1.18,1.16245e-33
1.82,1.22,4.65726e-38
1.82,1.26,6.33589
1.82,1.3,0.000174724
1.82,1.34,2.89099e-09
1.82,1.38,2.76379e-14
1.82,1.42,40.423
1.82,1.46,0.00156064
1.82,1.5,2.0904e-08
1.82,1.54,1.42422e-13
1.82,1.58,5.61079e-19
1.82,1.62,4.53866e-24
1.82,1.66,3.41352e-30
1.82,1.7,2.51023e-35
1.82,1.74,4.95934e-61
1.82,1.78,8.79597e-06
1.82,1.82,3.88102e-10
1.82,1.86,1.20404e-14
1.82,1.9,1.50523e-19
1.82,1.94,8.79025e-25
1.82,1.98,7.18242e-30
1.86,0.02,0
1.86,0.06,1.10276e-78
1.86,0.1,5.47391e-83
1.86,0.14,1.00636e-87
1.86,0.18,6.79858e-50
1.86,0.22,2.24982e-54
1.86,0.26,2.27493e-59
1.86,0.3,8.46347e-48
1.86,0.34,3.73431e-52
1.86,0.38,6.45427e-57
1.86,0.42,3.32537e-62
1.86,0.46,2.78182e-31
1.86,0.5,1.53869e-35
1.86,0.54,2.80469e-40
1.86,0.58,3.41163e-45
1.86,0.62,3.25305e-32
1.86,0.66,1.25592e-36
1.86,0.7,1.78119e-41
1.86,0.74,1.2007e-46
1.86,0.78,3.91319e-52
1.86,0.82,4.98061e-58
1.86,0.86,7.69691e-50
1.86,0.9,3.39608e-54
1.86,0.94,5.85333e-59
1.86,0.98,5.16532e-64
1.86,1.02,4.54416e-66
1.86,1.06,2.50495e-70
1.86,1.1,1.95664e-38
1.86,1.14,5.22293e-38
1.86,1.18,1.42072e-36
1.86,1.22,1.097e-40
1.86,1.26,1.23732e-14
1.86,1.3,7.50672e-19
1.86,1.34,1.80665e-23
1.86,1.38,1.45719e-28
1.86,1.42,1.01141e-33
1.86,1.46,7.49798e-39
1.86,1.5,5.03256e-44
1.86,1.54,2.1007e-49
1.86,1.58,1.81933e-54
1.86,1.62,1.26467e-56
1.86,1.66,1.29526e-60
1.86,1.7,2.72577e-65
1.86,1.74,2.9341e-70
1.86,1.78,2.00787e-75
1.86,1.82,2.01754e-80
1.86,1.86,5.20316e-50
1.86,1.9,2.5828e-54
1.86,1.94,4.74838e-59
1.86,1.98,6.19806e-64
1.9,0.02,0
1.9,0.06,0
1.9,0.1,0
1.9,0.14,0
1.9,0.18,0
1.9,0.22,0
1.9,0.26,0
1.9,0.3,8.46361e-48
1.9,0.34,5.13471e-52
1.9,0.38,8.8765e-45
1.9,0.42,3.01742e-36
1.9,0.46,8.32108e-41
1.9,0.5,2.01931e-45
1.9,0.54,7.24167e-35
1.9,0.58,2.39642e-39
1.9,0.62,3.25304e-32
1.9,0.66,7.17672e-37
1.9,0.7,9.89552e-42
1.9,0.74,2.18311e-47
1.9,0.78,3.01017e-53
1.9,0.82,2.28331e-76
1.9,0.86,9.16796e-57
1.9,0.9,4.55078e-61
1.9,0.94,7.00821e-36
1.9,0.98,2.70571e-40
1.9,1.02,8.32074e-16
1.9,1.06,3.02555e-15
1.9,1.1,1.66868e-19
1.9,1.14,4.32556e-24
1.9,1.18,6.6495e-29
1.9,1.22,1.44771e-16
1.9,1.26,1.23734e-14
1.9,1.3,4.77705e-19
1.9,1.34,1.32976e-17
1.9,1.38,5.86728e-22
1.9,1.42,1.21351e-26
1.9,1.46,1.27166e-31
1.9,1.5,7.99808e-37
1.9,1.54,7.46514e-42
1.9,1.58,2.20837e-47
1.9,1.62,2.89069e-53
1.9,1.66,1.73763e-61
1.9,1.7,2.55572e-66
1.9,1.74,1.32164e-71
1.9,1.78,7.77661e-77
1.9,1.82,8.72114e-57
1.9,1.86,6.25293e-61
1.9,1.9,9.28512e-66
1.9,1.94,7.75483e-71
1.9,1.98,9.03548
1.94,0.02,0
1.94,0.06,0
1.94,0.1,0
1.94,0.14,0
1.94,0.18,0
1.94,0.22,0
1.94,0.26,0
1.94,0.3,1.35793e-79
1.94,0.34,3.81987e-79
1.94,0.38,0.0731989
1.94,0.42,2.42231e-06
1.94,0.46,4.67596e-11
1.94,0.5,2.45617e-16
1.94,0.54,3.49115e-18
1.94,0.58,9.62661e-23
1.94,0.62,1.16807e-27
1.94,0.66,1.69843e-32
1.94,0.7,1.19516e-37
1.94,0.74,1.6034e-43
1.94,0.78,9.82597e-50
1.94,0.82,7.11831e-78
1.94,0.86,6.91037e-60
1.94,0.9,4.27656e-12
1.94,0.94,1.65108e-16
1.94,0.98,3.5866e-17
1.94,1.02,1.18682e-21
1.94,1.06,1.63642e-26
1.94,1.1,2.10592e-31
1.94,1.14,5.30971e-37
1.94,1.18,1.83031e-42
1.94,1.22,5.31599e-17
1.94,1.26,4.54355e-15
1.94,1.3,1.75415e-19
1.94,1.34,67.6562
1.94,1.38,0.00335832
1.94,1.42,8.43796e-08
1.94,1.46,1.39615e-12
1.94,1.5,1.07679e-17
1.94,1.54,6.18058e-23
1.94,1.58,1.61871e-28
1.94,1.62,1.11335e-33
1.94,1.66,1.62202e-39
1.94,1.7,2.23651e-45
1.94,1.74,4.14152e-77
1.94,1.78,1.42617e-82
1.94,1.82,2.98699e-88
1.94,1.86,4.78696e-65
1.94,1.9,3.6542e-59
1.94,1.94,1.95511e-60
1.94,1.98,1.15634e-64
1.98,0.02,4.80361e-60
1.98,0.06,3.17913e-64
1.98,0.1,5.26022e-69
1.98,0.14,8.05886e-74
1.98,0.18,3.20024e-79
1.98,0.22,7.28426e-60
1.98,0.26,2.38458e-49
1.98,0.3,6.57595e-54
1.98,0.34,1.1606e-58
1.98,0.38,1.79712e-59
1.98,0.42,5.94685e-64
1.98,0.46,3.99131e-53
1.98,0.5,1.76109e-57
1.98,0.54,4.37085e-62
1.98,0.58,4.80347e-60
1.98,0.62,3.18705e-51
1.98,0.66,1.36887e-30
1.98,0.7,4.52987e-35
1.98,0.74,5.41318e-40
1.98,0.78,1.1483e-45
1.98,0.82,7.59994e-51
1.98,0.86,1.21172e-43
1.98,0.9,3.34153e-48
1.98,0.94,9.65798e-36
1.98,0.98,3.58632e-17
1.98,1.02,9.89e-22
1.98,1.06,1.09094e-26
1.98,1.1,5.24461e-15
1.98,1.14,5.30969e-37
1.98,1.18,1.83031e-42
1.98,1.22,4.75336e-39
1.98,1.26,1.23732e-14
1.98,1.3,4.77706e-19
1.98,1.34,1.01625e-23
1.98,1.38,1.82681e-28
1.98,1.42,1.69452e-33
1.98,1.46,1.00405e-38
1.98,1.5,9.40372e-45
1.98,1.54,3.84186e-51
1.98,1.58,3.15747e-65
1.98,1.62,5.37388e-57
1.98,1.66,3.26029e-61
1.98,1.7,7.35615e-66
1.98,1.74,7.39311e-71
1.98,1.78,4.82348e-76
1.98,1.82,2.16666e-81
1.98,1.86,2.07231e-86
1.98,1.9,2.4194e-92
1.98,1.94,7.2843e-60
1.98,1.98,2.00878e-64
